%% logfile from robot 27
%  1    time 0.000 sec
%  2    mission (0) state 2
%  3  4 Motor velocity ref left, right: 2.10 2.10
%  5  6 Motor voltage [V] left, right: 2.1 2.1
%  7  8 Motor current left, right [A]: 0.002 0.014
%  9 10 Wheel velocity [m/s] left, right: 0.0000 0.0000
% 11 12 13 14 Pose x,y,h,tilt [m,m,rad,rad]: 0.0000 0.0000 0.000000 -2.187730
% 15 .. 34 Line sensor: left 2.072113 0, right 4.180000 0, values 0 52 -33 18 8 -27 54 6, white 0, used 1, LEDhigh=1, xb=1 xw=0 xbc=20 xwc=0
% 34    Battery voltage [V]: 12.19
0.001 2 2.10 2.10 2.1 2.1 0.074 0.121 0.0000 0.0000 0.0000 0.0000 0.000000 -2.187730 2.0721 0 4.1800 0  -34 45 -29 26 6 36 29 52  0 1 1 1 0 20 0 12.13 
0.002 2 2.10 2.10 2.1 2.1 0.343 0.344 0.0000 0.0000 0.0000 0.0000 0.000000 -2.187738 2.0721 0 4.1800 0  -5 52 -17 60 24 39 7 70  0 1 1 1 0 20 0 12.12 
0.003 2 2.10 2.10 2.1 2.1 0.412 0.500 0.0000 0.0000 0.0000 0.0000 0.000000 -2.187749 2.0721 0 4.1800 0  -14 46 11 17 56 21 -8 52  0 1 1 1 0 20 0 12.07 
0.004 2 2.10 2.10 2.1 2.1 0.504 0.530 0.0000 0.0000 0.0004 0.0000 0.000000 -2.187762 2.0721 0 4.1800 0  -46 70 -22 38 47 -14 63 -6  0 1 1 1 0 20 0 12.05 
0.005 2 2.10 2.10 2.1 2.1 0.559 0.614 0.0000 0.0000 0.0004 0.0000 0.000000 -2.187782 2.0721 0 4.1800 0  -38 23 1 -15 56 0 30 26  0 1 1 1 0 20 0 12.04 
0.006 2 2.10 2.10 2.1 2.1 0.499 0.594 0.0000 0.0000 0.0004 0.0000 0.000000 -2.187800 2.0721 0 4.1800 0  32 8 25 0 48 14 20 35  0 1 1 1 0 20 0 12.04 
0.007 2 2.10 2.10 2.1 2.1 0.478 0.548 0.0000 0.0000 0.0004 0.0000 0.000000 -2.187814 2.0721 0 4.1800 0  44 12 2 72 -20 69 16 34  0 1 1 1 0 20 0 12.06 
0.008 2 2.10 2.10 2.1 2.1 0.507 0.485 0.0976 0.1161 0.0008 0.0000 0.000000 -2.187829 2.0721 0 4.1800 0  -29 63 -4 19 24 -38 44 10  0 1 1 1 0 20 0 12.08 
0.009 2 2.10 2.10 2.1 2.1 0.424 0.513 0.0976 0.1161 0.0008 0.0000 0.000000 -2.187844 2.0721 0 4.1800 0  -23 -11 4 25 13 48 -9 67  0 1 1 1 0 20 0 12.09 
0.010 2 2.10 2.10 2.1 2.1 0.445 0.464 0.1566 0.1731 0.0012 0.0000 0.000000 -2.187853 2.0721 0 4.1800 0  78 -6 16 40 -16 69 -6 23  0 1 1 1 0 20 0 12.07 
0.011 2 2.10 2.10 2.1 2.1 0.462 0.474 0.1566 0.1731 0.0012 0.0000 0.000000 -2.187857 2.0721 0 4.1800 0  43 6 17 28 19 35 23 35  0 1 1 1 0 20 0 12.07 
0.012 2 2.10 2.10 2.1 2.1 0.390 0.447 0.2265 0.2293 0.0016 0.0000 0.000000 -2.187856 2.0721 0 4.1800 0  -14 -27 34 -22 59 20 -14 32  0 1 1 1 0 20 0 12.09 
0.013 2 2.10 2.10 2.1 2.1 0.359 0.430 0.2265 0.2293 0.0018 -0.0000 -0.002591 -2.187855 2.0721 0 4.1800 0  -11 53 -36 58 1 -10 46 23  0 1 1 1 0 20 0 12.10 
0.014 2 2.10 2.10 2.1 2.1 0.398 0.415 0.2695 0.2193 0.0020 -0.0000 0.000000 -2.187852 2.0721 0 4.1800 0  -11 14 15 15 44 4 31 22  0 1 1 1 0 20 0 12.10 
0.015 2 2.10 2.10 2.1 2.1 0.343 0.333 0.2888 0.2996 0.0024 -0.0000 0.000000 -2.187848 2.0721 0 4.1800 0  68 2 -11 36 9 18 8 4  0 1 1 1 0 20 0 12.09 
0.016 2 2.10 2.10 2.1 2.1 0.386 0.389 0.2675 0.2972 0.0026 -0.0000 -0.002591 -2.187850 2.0721 0 4.1800 0  -53 20 -6 18 40 -44 68 -3  0 1 1 1 0 20 0 12.11 
0.017 2 2.10 2.10 2.1 2.1 0.370 0.295 0.2675 0.2827 0.0028 -0.0000 0.000000 -2.187848 2.0721 0 4.1800 0  -3 1 -7 59 -26 60 -20 42  0 1 1 1 0 20 0 12.11 
0.018 2 2.10 2.10 2.1 2.1 0.320 0.319 0.3317 0.3490 0.0032 -0.0000 0.000000 -2.187837 2.0721 0 4.1800 0  -3 60 -21 67 8 22 60 66  0 1 1 1 0 20 0 12.09 
0.019 2 2.10 2.10 2.1 2.1 0.321 0.268 0.3237 0.3088 0.0036 -0.0000 0.000000 -2.187832 2.0721 0 4.1800 0  -7 4 -7 -13 49 13 17 43  0 1 1 1 0 20 0 12.11 
0.020 2 2.10 2.10 2.1 2.1 0.339 0.267 0.3615 0.3823 0.0040 -0.0000 0.000000 -2.187829 2.0721 0 4.1800 0  19 10 46 -9 67 -2 15 39  0 1 1 1 0 20 0 12.08 
0.021 2 2.10 2.10 2.1 2.1 0.298 0.306 0.3860 0.3522 0.0044 -0.0000 0.000000 -2.187821 2.0721 0 4.1800 0  -45 23 0 35 40 -5 36 21  0 1 1 1 0 20 0 12.10 
0.022 2 2.10 2.10 2.1 2.1 0.349 0.254 0.3936 0.3787 0.0048 -0.0000 0.000000 -2.187814 2.0721 0 4.1800 0  76 19 23 42 47 -54 64 43  0 1 1 1 0 20 0 12.10 
0.023 2 2.10 2.10 2.1 2.1 0.311 0.245 0.3976 0.3430 0.0052 -0.0000 0.000000 -2.187812 2.0721 0 4.1800 0  57 -21 21 32 -2 16 28 3  0 1 1 1 0 20 0 12.09 
0.024 2 2.10 2.10 2.1 2.1 0.277 0.231 0.4097 0.3860 0.0056 -0.0000 0.000000 -2.187816 2.0721 0 4.1800 0  40 11 12 53 26 8 59 0  0 1 1 1 0 20 0 12.08 
0.025 2 2.10 2.10 2.1 2.1 0.343 0.262 0.3936 0.3976 0.0060 -0.0000 0.000000 -2.187825 2.0721 0 4.1800 0  -21 13 -4 5 55 -8 64 25  0 1 1 1 0 20 0 12.09 
0.026 2 2.10 2.10 2.1 2.1 0.302 0.225 0.4225 0.4317 0.0064 -0.0000 0.000000 -2.187840 2.0721 0 4.1800 0  32 25 61 55 -11 35 -7 16  0 1 1 1 0 20 0 12.10 
0.027 2 2.10 2.10 2.1 2.1 0.236 0.241 0.4269 0.3896 0.0068 -0.0000 0.000000 -2.187861 2.0721 0 4.1800 0  -7 -6 20 40 2 41 24 -13  0 1 1 1 0 20 0 12.11 
0.028 2 2.10 2.10 2.1 2.1 0.322 0.199 0.4462 0.4317 0.0072 -0.0000 0.000000 -2.187878 2.0721 0 4.1800 0  -26 4 -11 44 40 -3 50 0  0 1 1 1 0 20 0 12.11 
0.029 2 2.10 2.10 2.1 2.1 0.243 0.173 0.4615 0.4462 0.0078 -0.0000 -0.002591 -2.187903 2.0721 0 4.1800 0  1 20 11 50 47 15 12 29  0 1 1 1 0 20 0 12.11 
0.030 2 2.10 2.10 2.1 2.1 0.190 0.163 0.4615 0.4723 0.0082 -0.0000 -0.002591 -2.187926 2.0721 0 4.1800 0  49 7 -7 72 -11 43 18 41  0 1 1 1 0 20 0 12.12 
0.031 2 2.10 2.10 2.1 2.1 0.256 0.194 0.4779 0.4723 0.0088 -0.0000 0.000000 -2.187937 2.0721 0 4.1800 0  -70 64 3 50 39 -22 14 9  0 1 1 1 0 20 0 12.10 
0.032 2 2.10 2.10 2.1 2.1 0.188 0.127 0.4667 0.4779 0.0092 -0.0000 0.000000 -2.187948 2.0721 0 4.1800 0  -32 4 5 55 -22 73 -7 52  0 1 1 1 0 20 0 12.11 
0.033 2 2.10 2.10 2.1 2.1 0.200 0.187 0.4896 0.5020 0.0096 -0.0000 0.000000 -2.187970 2.0721 0 4.1800 0  43 19 10 19 11 26 50 -13  0 1 1 1 0 20 0 12.09 
0.034 2 2.10 2.10 2.1 2.1 0.195 0.160 0.5081 0.4510 0.0102 -0.0000 -0.002591 -2.187990 2.0721 0 4.1800 0  56 -39 39 6 41 11 11 27  0 1 1 1 0 20 0 12.11 
0.035 2 2.10 2.10 2.1 2.1 0.160 0.154 0.4836 0.4956 0.0106 -0.0000 -0.002591 -2.187999 2.0721 0 4.1800 0  53 -14 47 30 17 46 -26 101  0 1 1 1 0 20 0 12.11 
0.036 2 2.10 2.10 2.1 2.1 0.207 0.152 0.5081 0.5281 0.0112 -0.0000 0.000000 -2.188009 2.0721 0 4.1800 0  19 -25 35 8 48 -1 23 25  0 1 1 1 0 20 0 12.12 
0.037 2 2.10 2.10 2.1 2.1 0.192 0.157 0.4956 0.4723 0.0118 -0.0000 -0.002591 -2.188023 2.0721 0 4.1800 0  24 3 28 25 57 -36 51 45  0 1 1 1 0 20 0 12.11 
0.038 2 2.10 2.10 2.1 2.1 0.222 0.143 0.5426 0.5149 0.0122 -0.0000 -0.002591 -2.188040 2.0721 0 4.1800 0  69 -15 20 69 6 43 -4 17  0 1 1 1 0 20 0 12.11 
0.039 2 2.10 2.10 2.1 2.1 0.265 0.144 0.5498 0.5354 0.0129 -0.0000 0.000000 -2.188051 2.0721 0 4.1800 0  14 5 26 13 62 32 8 -5  0 1 1 1 0 20 0 12.11 
0.040 2 2.10 2.10 2.1 2.1 0.214 0.166 0.5426 0.5213 0.0135 -0.0000 -0.002591 -2.188062 2.0721 0 4.1800 0  -4 8 -12 80 -17 49 16 40  0 1 1 1 0 20 0 12.14 
0.041 2 2.10 2.10 2.1 2.1 0.181 0.180 0.5354 0.5575 0.0139 -0.0000 -0.002591 -2.188075 2.0721 0 4.1800 0  -24 36 -5 58 51 -19 68 6  0 1 1 1 0 20 0 12.13 
0.042 2 2.10 2.10 2.1 2.1 0.205 0.153 0.5498 0.5735 0.0145 -0.0000 0.000000 -2.188087 2.0721 0 4.1800 0  -31 51 -12 60 13 35 25 78  0 1 1 1 0 20 0 12.12 
0.043 2 2.10 2.10 2.1 2.1 0.196 0.105 0.5575 0.5354 0.0151 -0.0000 -0.002591 -2.188106 2.0721 0 4.1800 0  17 7 27 39 -1 33 2 57  0 1 1 1 0 20 0 12.12 
0.044 2 2.10 2.10 2.1 2.1 0.201 0.094 0.5575 0.5655 0.0155 -0.0000 -0.002591 -2.188121 2.0721 0 4.1800 0  38 -23 61 21 66 41 -23 45  0 1 1 1 0 20 0 12.12 
0.045 2 2.10 2.10 2.1 2.1 0.223 0.132 0.5735 0.5575 0.0161 -0.0000 0.000000 -2.188133 2.0721 0 4.1800 0  31 42 -18 67 24 -10 61 12  0 1 1 1 0 20 0 12.11 
0.046 2 2.10 2.10 2.1 2.1 0.157 0.172 0.5735 0.5575 0.0167 -0.0000 -0.002591 -2.188151 2.0721 0 4.1800 0  -37 24 -29 59 -13 -38 42 -11  0 1 1 1 0 20 0 12.13 
0.047 2 2.10 2.10 2.1 2.1 0.158 0.106 0.5575 0.5354 0.0171 -0.0000 -0.002591 -2.188170 2.0721 0 4.1800 0  60 -15 67 42 -4 75 -6 90  0 1 1 1 0 20 0 12.13 
0.048 2 2.10 2.10 2.1 2.1 0.200 0.129 0.5820 0.5904 0.0179 -0.0000 -0.002591 -2.188181 2.0721 0 4.1800 0  48 -32 8 53 43 -10 62 13  0 1 1 1 0 20 0 12.12 
0.049 2 2.10 2.10 2.1 2.1 0.145 0.131 0.5904 0.5575 0.0183 -0.0000 -0.002591 -2.188183 2.0721 0 4.1800 0  2 19 25 29 61 63 -14 49  0 1 1 1 0 20 0 12.13 
0.050 2 2.10 2.10 2.1 2.1 0.190 0.131 0.5820 0.5820 0.0191 -0.0000 -0.002591 -2.188181 2.0721 0 4.1800 0  -43 9 1 38 18 10 19 51  0 1 1 1 0 20 0 12.11 
0.051 2 2.10 2.10 2.1 2.1 0.231 0.162 0.6085 0.6085 0.0195 -0.0000 -0.002591 -2.188177 2.0721 0 4.1800 0  41 -20 37 29 19 46 64 -12  0 1 1 1 0 20 0 12.13 
0.052 2 2.10 2.10 2.1 2.1 0.169 0.177 0.5498 0.5992 0.0201 -0.0000 0.000000 -2.188172 2.0721 0 4.1800 0  57 -6 17 65 15 40 5 7  0 1 1 1 0 20 0 12.12 
0.053 2 2.10 2.10 2.1 2.1 0.249 0.202 0.5904 0.6085 0.0207 -0.0000 -0.002591 -2.188167 2.0721 0 4.1800 0  -11 5 21 56 61 6 37 20  0 1 1 1 0 20 0 12.13 
0.054 2 2.10 2.10 2.1 2.1 0.171 0.187 0.6177 0.5820 0.0215 -0.0000 -0.002591 -2.188161 2.0721 0 4.1800 0  -15 -37 19 5 52 -14 5 35  0 1 1 1 0 20 0 12.13 
0.055 2 2.10 2.10 2.1 2.1 0.139 0.155 0.5655 0.6177 0.0219 -0.0000 -0.002591 -2.188150 2.0721 0 4.1800 0  64 0 5 41 28 43 14 24  0 1 1 1 0 20 0 12.12 
0.056 2 2.10 2.10 2.1 2.1 0.200 0.166 0.5904 0.6273 0.0225 -0.0000 0.000000 -2.188125 2.0721 0 4.1800 0  -50 44 -32 97 22 -9 43 8  0 1 1 1 0 20 0 12.13 
0.057 2 2.10 2.10 2.1 2.1 0.146 0.147 0.6085 0.5904 0.0231 -0.0000 -0.002591 -2.188092 2.0721 0 4.1800 0  40 -17 1 23 11 46 9 45  0 1 1 1 0 20 0 12.12 
0.058 2 2.10 2.10 2.1 2.1 0.132 0.188 0.6374 0.6085 0.0239 -0.0000 -0.002591 -2.188064 2.0721 0 4.1800 0  31 23 -2 39 26 -32 52 19  0 1 1 1 0 20 0 12.12 
0.059 2 2.10 2.10 2.1 2.1 0.161 0.190 0.6273 0.6374 0.0243 -0.0000 -0.002591 -2.188034 2.0721 0 4.1800 0  -16 39 -10 77 19 -18 69 -6  0 1 1 1 0 20 0 12.12 
0.060 2 2.10 2.10 2.1 2.1 0.151 0.186 0.6085 0.6273 0.0251 -0.0000 -0.002591 -2.187999 2.0721 0 4.1800 0  16 -3 9 58 34 2 20 4  0 1 1 1 0 20 0 12.13 
0.061 2 2.10 2.10 2.1 2.1 0.163 0.176 0.6273 0.6273 0.0255 -0.0000 -0.002591 -2.187959 2.0721 0 4.1800 0  -22 1 -1 23 50 -18 40 30  0 1 1 1 0 20 0 12.12 
0.062 2 2.10 2.10 2.1 2.1 0.153 0.182 0.6374 0.5992 0.0263 -0.0000 -0.002591 -2.187927 2.0721 0 4.1800 0  -5 10 5 76 -20 47 20 25  0 1 1 1 0 20 0 12.13 
0.063 2 2.10 2.10 2.1 2.1 0.171 0.180 0.6177 0.6374 0.0269 -0.0000 0.000000 -2.187910 2.0721 0 4.1800 0  -11 0 -1 65 37 0 30 2  0 1 1 1 0 20 0 12.14 
0.064 2 2.10 2.10 2.1 2.1 0.159 0.146 0.6273 0.6583 0.0275 -0.0000 -0.002591 -2.187897 2.0721 0 4.1800 0  -20 8 9 62 17 56 -23 81  0 1 1 1 0 20 0 12.13 
0.065 2 2.10 2.10 2.1 2.1 0.150 0.116 0.6374 0.6474 0.0281 -0.0000 0.000000 -2.187892 2.0721 0 4.1800 0  -7 18 3 65 29 13 18 19  0 1 1 1 0 20 0 12.10 
0.066 2 2.10 2.10 2.1 2.1 0.101 0.074 0.6374 0.6474 0.0287 -0.0000 -0.002591 -2.187903 2.0721 0 4.1800 0  58 -10 15 99 -18 95 9 39  0 1 1 1 0 20 0 12.14 
0.067 2 2.10 2.10 2.1 2.1 0.133 0.136 0.6583 0.5904 0.0295 -0.0000 -0.002591 -2.187924 2.0721 0 4.1800 0  -12 -4 13 39 -4 45 11 48  0 1 1 1 0 20 0 12.13 
0.068 2 2.10 2.10 2.1 2.1 0.121 0.082 0.6177 0.6374 0.0301 -0.0000 0.000000 -2.187956 2.0721 0 4.1800 0  31 29 -23 71 -21 37 32 21  0 1 1 1 0 20 0 12.14 
0.069 2 2.10 2.10 2.1 2.1 0.103 0.139 0.6273 0.6804 0.0307 -0.0000 -0.002591 -2.187997 2.0721 0 4.1800 0  7 10 5 15 49 -57 61 -6  0 1 1 1 0 20 0 12.14 
0.070 2 2.10 2.10 2.1 2.1 0.147 0.105 0.6474 0.6474 0.0313 -0.0000 0.000000 -2.188037 2.0721 0 4.1800 0  -34 23 9 61 34 31 -3 55  0 1 1 1 0 20 0 12.13 
0.071 2 2.10 2.10 2.1 2.1 0.191 0.052 0.6691 0.6177 0.0319 -0.0000 -0.002591 -2.188074 2.0721 0 4.1800 0  68 6 3 83 -20 47 6 46  0 1 1 1 0 20 0 12.12 
0.072 2 2.10 2.10 2.1 2.1 0.162 0.093 0.6583 0.6474 0.0327 -0.0000 -0.002591 -2.188110 2.0721 0 4.1800 0  17 -31 25 51 -10 46 -11 66  0 1 1 1 0 20 0 12.12 
0.073 2 2.10 2.10 2.1 2.1 0.205 0.081 0.6474 0.6691 0.0333 -0.0000 0.000000 -2.188141 2.0721 0 4.1800 0  -5 6 0 48 46 1 49 14  0 1 1 1 0 20 0 12.13 
0.074 2 2.10 2.10 2.1 2.1 0.141 0.101 0.6374 0.6924 0.0339 -0.0000 -0.002591 -2.188159 2.0721 0 4.1800 0  50 -11 8 16 66 32 13 36  0 1 1 1 0 20 0 12.14 
0.075 2 2.10 2.10 2.1 2.1 0.176 0.030 0.6583 0.6691 0.0345 -0.0000 0.000000 -2.188172 2.0721 0 4.1800 0  -29 52 13 58 31 22 0 43  0 1 1 1 0 20 0 12.11 
0.076 2 2.10 2.10 2.1 2.1 0.169 0.037 0.6691 0.5992 0.0351 -0.0001 -0.002591 -2.188180 2.0721 0 4.1800 0  34 -1 -36 84 -22 92 -1 19  0 1 1 1 0 20 0 12.13 
0.077 2 2.10 2.10 2.1 2.1 0.099 0.031 0.6691 0.6583 0.0359 -0.0001 -0.002591 -2.188173 2.0721 0 4.1800 0  30 -41 31 2 8 55 38 -30  0 1 1 1 0 20 0 12.13 
0.078 2 2.10 2.10 2.1 2.1 0.127 0.029 0.6474 0.6374 0.0365 -0.0001 0.000000 -2.188160 2.0721 0 4.1800 0  70 -4 20 39 -2 58 -10 43  0 1 1 1 0 20 0 12.13 
0.079 2 2.10 2.10 2.1 2.1 0.143 0.055 0.6691 0.6804 0.0372 -0.0001 -0.002591 -2.188143 2.0721 0 4.1800 0  56 -29 33 59 23 -2 61 -14  0 1 1 1 0 20 0 12.11 
0.080 2 2.10 2.10 2.1 2.1 0.089 0.048 0.6374 0.6804 0.0380 -0.0001 -0.002591 -2.188119 2.0721 0 4.1800 0  -52 52 -8 75 34 -18 66 3  0 1 1 1 0 20 0 12.13 
0.081 2 2.10 2.10 2.1 2.1 0.138 0.076 0.6691 0.6924 0.0386 -0.0001 0.000000 -2.188091 2.0721 0 4.1800 0  -16 8 18 56 16 22 17 44  0 1 1 1 0 20 0 12.13 
0.082 2 2.10 2.10 2.1 2.1 0.131 0.093 0.6924 0.6273 0.0392 -0.0001 -0.002591 -2.188055 2.0721 0 4.1800 0  13 20 -27 92 -28 14 12 36  0 1 1 1 0 20 0 12.15 
0.083 2 2.10 2.10 2.1 2.1 0.136 0.128 0.6691 0.6804 0.0400 -0.0001 -0.002591 -2.188013 2.0721 0 4.1800 0  18 -6 44 0 63 -6 -5 45  0 1 1 1 0 20 0 12.13 
0.084 2 2.10 2.10 2.1 2.1 0.113 0.079 0.6924 0.6474 0.0406 -0.0001 0.000000 -2.187968 2.0721 0 4.1800 0  48 2 13 74 28 43 16 24  0 1 1 1 0 20 0 12.14 
0.085 2 2.10 2.10 2.1 2.1 0.100 0.088 0.6374 0.6924 0.0412 -0.0001 -0.002591 -2.187925 2.0721 0 4.1800 0  18 10 16 62 -28 115 19 0  0 1 1 1 0 20 0 12.13 
0.086 2 2.10 2.10 2.1 2.1 0.165 0.112 0.6583 0.6924 0.0420 -0.0001 -0.002591 -2.187885 2.0721 0 4.1800 0  56 -38 50 18 -10 40 -13 12  0 1 1 1 0 20 0 12.13 
0.087 2 2.10 2.10 2.1 2.1 0.143 0.131 0.6804 0.6924 0.0426 -0.0001 0.000000 -2.187848 2.0721 0 4.1800 0  -7 -1 11 30 43 -27 44 11  0 1 1 1 0 20 0 12.13 
0.088 2 2.10 2.10 2.1 2.1 0.065 0.127 0.7169 0.6691 0.0432 -0.0001 -0.002591 -2.187820 2.0721 0 4.1800 0  -20 2 -13 82 -24 56 5 31  0 1 1 1 0 20 0 12.13 
0.089 2 2.10 2.10 2.1 2.1 0.139 0.103 0.7044 0.6474 0.0440 -0.0001 -0.002591 -2.187796 2.0721 0 4.1800 0  -23 35 3 69 19 52 -16 61  0 1 1 1 0 20 0 12.13 
0.090 2 2.10 2.10 2.1 2.1 0.163 0.127 0.6691 0.6804 0.0446 -0.0001 0.000000 -2.187772 2.0721 0 4.1800 0  65 -10 22 80 -20 43 45 -19  0 1 1 1 0 20 0 12.12 
0.091 2 2.10 2.10 2.1 2.1 0.188 0.128 0.6804 0.7044 0.0452 -0.0001 -0.002591 -2.187759 2.0721 0 4.1800 0  50 -15 2 44 12 11 52 -15  0 1 1 1 0 20 0 12.12 
0.092 2 2.10 2.10 2.1 2.1 0.207 0.157 0.6691 0.7044 0.0460 -0.0001 -0.002591 -2.187755 2.0721 0 4.1800 0  13 23 18 12 74 5 42 30  0 1 1 1 0 20 0 12.13 
0.093 2 2.10 2.10 2.1 2.1 0.153 0.143 0.6804 0.7169 0.0468 -0.0001 -0.002591 -2.187762 2.0721 0 4.1800 0  20 15 10 82 1 39 33 -19  0 1 1 1 0 20 0 12.13 
0.094 2 2.10 2.10 2.1 2.1 0.148 0.098 0.6924 0.6583 0.0472 -0.0001 -0.002591 -2.187782 2.0721 0 4.1800 0  37 -30 31 13 57 16 5 21  0 1 1 1 0 20 0 12.13 
0.095 2 2.10 2.10 2.1 2.1 0.180 0.072 0.6924 0.6924 0.0480 -0.0001 -0.002591 -2.187806 2.0721 0 4.1800 0  21 -12 -9 59 -26 66 -6 12  0 1 1 1 0 20 0 12.13 
0.096 2 2.10 2.10 2.1 2.1 0.132 0.127 0.7044 0.6374 0.0488 -0.0001 -0.002591 -2.187834 2.0721 0 4.1800 0  -66 57 2 67 22 40 9 21  0 1 1 1 0 20 0 12.13 
0.097 2 2.10 2.10 2.1 2.1 0.127 0.125 0.6691 0.7044 0.0494 -0.0001 0.000000 -2.187866 2.0721 0 4.1800 0  46 -19 32 33 -40 71 -24 57  0 1 1 1 0 20 0 12.13 
0.098 2 2.10 2.10 2.1 2.1 0.112 0.129 0.6691 0.7302 0.0500 -0.0001 -0.002591 -2.187898 2.0721 0 4.1800 0  36 -19 45 44 -19 63 -13 61  0 1 1 1 0 20 0 12.14 
0.099 2 2.10 2.10 2.1 2.1 0.071 0.124 0.7044 0.6924 0.0508 -0.0001 -0.002591 -2.187927 2.0721 0 4.1800 0  -41 8 -17 32 3 15 -38 79  0 1 1 1 0 20 0 12.13 
0.100 2 2.10 2.10 2.1 2.1 0.181 0.131 0.6691 0.7044 0.0514 -0.0001 0.000000 -2.187952 2.0721 0 4.1800 0  49 16 1 62 -10 41 22 55  0 1 1 1 0 20 0 12.14 
0.101 2 2.10 2.10 2.1 2.1 0.116 0.101 0.6924 0.6924 0.0520 -0.0001 -0.002591 -2.187972 2.0721 0 4.1800 0  35 -34 48 36 18 50 -18 19  0 1 1 1 0 20 0 12.13 
0.102 2 2.10 2.10 2.1 2.1 0.091 0.142 0.7044 0.7169 0.0528 -0.0001 -0.002591 -2.187987 2.0721 0 4.1800 0  18 3 4 69 30 29 5 17  0 1 1 1 0 20 0 12.12 
0.103 2 2.10 2.10 2.1 2.1 0.154 0.143 0.6924 0.6804 0.0536 -0.0001 -0.002591 -2.187995 2.0721 0 4.1800 0  15 21 17 72 0 3 20 25  0 1 1 1 0 20 0 12.13 
0.104 2 2.10 2.10 2.1 2.1 0.171 0.128 0.6924 0.5904 0.0540 -0.0001 -0.002591 -2.187994 2.0721 0 4.1800 0  7 4 17 26 55 -5 46 10  0 1 1 1 0 20 0 12.13 
0.105 2 2.10 2.10 2.1 2.1 0.074 0.141 0.6924 0.6924 0.0548 -0.0001 -0.002591 -2.187984 2.0721 0 4.1800 0  -21 54 4 35 25 40 -5 66  0 1 1 1 0 20 0 12.13 
0.106 2 2.10 2.10 2.1 2.1 0.094 0.097 0.6804 0.7302 0.0556 -0.0001 -0.002591 -2.187966 2.0721 0 4.1800 0  62 -13 37 57 -23 75 9 42  0 1 1 1 0 20 0 12.13 
0.107 2 2.10 2.10 2.1 2.1 0.055 0.152 0.7044 0.7169 0.0564 -0.0001 -0.002591 -2.187948 2.0721 0 4.1800 0  -25 5 26 29 68 12 9 19  0 1 1 1 0 20 0 12.14 
0.108 2 2.10 2.10 2.1 2.1 0.097 0.084 0.7169 0.6804 0.0570 -0.0001 0.000000 -2.187927 2.0721 0 4.1800 0  41 22 -44 92 -20 60 4 20  0 1 1 1 0 20 0 12.14 
0.109 2 2.10 2.10 2.1 2.1 0.112 0.108 0.6924 0.7044 0.0576 -0.0001 -0.002591 -2.187897 2.0721 0 4.1800 0  -14 53 5 12 56 -16 17 38  0 1 1 1 0 20 0 12.14 
0.110 2 2.10 2.10 2.1 2.1 0.066 0.071 0.7169 0.6583 0.0584 -0.0001 -0.002591 -2.187866 2.0721 0 4.1800 0  19 35 -29 72 -24 32 36 0  0 1 1 1 0 20 0 12.14 
0.111 2 2.10 2.10 2.1 2.1 0.133 0.122 0.6804 0.7169 0.0590 -0.0001 0.000000 -2.187841 2.0721 0 4.1800 0  -23 55 2 51 26 10 29 18  0 1 1 1 0 20 0 12.13 
0.112 2 2.10 2.10 2.1 2.1 0.110 0.107 0.7302 0.6691 0.0596 -0.0001 -0.002591 -2.187818 2.0721 0 4.1800 0  72 -22 38 22 41 -27 17 8  0 1 1 1 0 20 0 12.13 
0.113 2 2.10 2.10 2.1 2.1 0.144 0.113 0.6583 0.7169 0.0604 -0.0001 -0.002591 -2.187801 2.0721 0 4.1800 0  50 -18 2 73 15 61 3 10  0 1 1 1 0 20 0 12.14 
0.114 2 2.10 2.10 2.1 2.1 0.143 0.140 0.6804 0.7302 0.0612 -0.0001 -0.002591 -2.187794 2.0721 0 4.1800 0  -25 -10 28 20 47 10 30 40  0 1 1 1 0 20 0 12.13 
0.115 2 2.10 2.10 2.1 2.1 0.115 0.113 0.7044 0.7302 0.0619 -0.0001 0.000000 -2.187792 2.0721 0 4.1800 0  25 9 17 85 -5 53 15 23  0 1 1 1 0 20 0 12.13 
0.116 2 2.10 2.10 2.1 2.1 0.151 0.144 0.7302 0.7302 0.0627 -0.0001 0.000000 -2.187796 2.0721 0 4.1800 0  -16 -4 15 34 35 -5 7 31  0 1 1 1 0 20 0 12.11 
0.117 2 2.10 2.10 2.1 2.1 0.105 0.055 0.7169 0.6691 0.0633 -0.0001 -0.002591 -2.187802 2.0721 0 4.1800 0  -23 -10 8 58 0 37 10 -20  0 1 1 1 0 20 0 12.14 
0.118 2 2.10 2.10 2.1 2.1 0.127 0.088 0.7044 0.7169 0.0641 -0.0001 -0.002591 -2.187810 2.0721 0 4.1800 0  38 -1 5 59 15 29 49 5  0 1 1 1 0 20 0 12.13 
0.119 2 2.10 2.10 2.1 2.1 0.200 0.077 0.7044 0.6804 0.0647 -0.0001 0.000000 -2.187822 2.0721 0 4.1800 0  -27 41 -36 75 35 -23 15 45  0 1 1 1 0 20 0 12.13 
0.120 2 2.10 2.10 2.1 2.1 0.139 0.010 0.6924 0.7169 0.0655 -0.0001 0.000000 -2.187842 2.0721 0 4.1800 0  56 -11 51 46 -17 48 -30 62  0 1 1 1 0 20 0 12.11 
0.121 2 2.10 2.10 2.1 2.1 0.074 0.053 0.7044 0.7434 0.0661 -0.0001 -0.002591 -2.187872 2.0721 0 4.1800 0  -9 -32 11 66 40 -16 52 9  0 1 1 1 0 20 0 12.14 
0.122 2 2.10 2.10 2.1 2.1 0.108 -0.005 0.6924 0.7302 0.0669 -0.0001 -0.002591 -2.187907 2.0721 0 4.1800 0  -32 41 7 64 27 39 -7 74  0 1 1 1 0 20 0 12.13 
0.123 2 2.10 2.10 2.1 2.1 0.123 0.005 0.7044 0.7434 0.0675 -0.0001 0.000000 -2.187937 2.0721 0 4.1800 0  19 26 -2 83 5 73 30 54  0 1 1 1 0 20 0 12.13 
0.124 2 2.10 2.10 2.1 2.1 0.099 0.059 0.7302 0.7169 0.0683 -0.0001 0.000000 -2.187961 2.0721 0 4.1800 0  -30 -3 29 29 51 36 24 -9  0 1 1 1 0 20 0 12.13 
0.125 2 2.10 2.10 2.1 2.1 0.116 0.051 0.7044 0.7302 0.0689 -0.0001 -0.002591 -2.187985 2.0721 0 4.1800 0  30 41 11 68 -1 25 25 33  0 1 1 1 0 20 0 12.13 
0.126 2 2.10 2.10 2.1 2.1 0.018 0.055 0.7044 0.6691 0.0697 -0.0001 -0.002591 -2.188013 2.0721 0 4.1800 0  11 32 -46 53 12 62 -15 69  0 1 1 1 0 20 0 12.13 
0.127 2 2.10 2.10 2.1 2.1 0.119 0.034 0.7302 0.6804 0.0703 -0.0001 0.000000 -2.188034 2.0721 0 4.1800 0  -11 15 -2 22 18 -1 46 -4  0 1 1 1 0 20 0 12.13 
0.128 2 2.10 2.10 2.1 2.1 0.165 0.086 0.6924 0.7044 0.0711 -0.0001 0.000000 -2.188040 2.0721 0 4.1800 0  26 -11 2 40 40 -20 65 9  0 1 1 1 0 20 0 12.11 
0.129 2 2.10 2.10 2.1 2.1 0.107 0.105 0.7044 0.7434 0.0717 -0.0001 -0.002591 -2.188040 2.0721 0 4.1800 0  -6 15 5 85 53 -18 73 7  0 1 1 1 0 20 0 12.13 
0.130 2 2.10 2.10 2.1 2.1 0.100 0.062 0.6583 0.7575 0.0725 -0.0001 -0.002591 -2.188039 2.0721 0 4.1800 0  -9 26 11 74 -11 38 24 11  0 1 1 1 0 20 0 12.14 
0.131 2 2.10 2.10 2.1 2.1 0.082 0.074 0.7044 0.7302 0.0731 -0.0001 0.000000 -2.188032 2.0721 0 4.1800 0  -35 31 14 66 48 14 30 31  0 1 1 1 0 20 0 12.14 
0.132 2 2.10 2.10 2.1 2.1 0.098 0.074 0.7169 0.7044 0.0739 -0.0001 0.000000 -2.188024 2.0721 0 4.1800 0  -5 34 -37 71 -32 -6 10 18  0 1 1 1 0 20 0 12.11 
0.133 2 2.10 2.10 2.1 2.1 0.146 0.129 0.7169 0.7044 0.0747 -0.0001 0.000000 -2.188012 2.0721 0 4.1800 0  42 0 29 89 23 39 21 13  0 1 1 1 0 20 0 12.13 
0.134 2 2.10 2.10 2.1 2.1 0.102 0.125 0.6924 0.6924 0.0751 -0.0001 0.000000 -2.187999 2.0721 0 4.1800 0  49 0 -5 36 9 -27 51 -23  0 1 1 1 0 20 0 12.13 
0.135 2 2.10 2.10 2.1 2.1 0.073 0.090 0.7169 0.6924 0.0759 -0.0001 0.000000 -2.187986 2.0721 0 4.1800 0  17 0 6 36 11 34 -30 21  0 1 1 1 0 20 0 12.11 
0.136 2 2.10 2.10 2.1 2.1 0.119 0.094 0.6804 0.7169 0.0767 -0.0001 0.000000 -2.187973 2.0721 0 4.1800 0  5 25 -40 69 -30 19 12 11  0 1 1 1 0 20 0 12.11 
0.137 2 2.10 2.10 2.1 2.1 0.090 0.077 0.7302 0.6374 0.0773 -0.0001 -0.002591 -2.187965 2.0721 0 4.1800 0  2 74 -22 67 36 -5 68 10  0 1 1 1 0 20 0 12.13 
0.138 2 2.10 2.10 2.1 2.1 0.177 0.179 0.6691 0.7169 0.0779 -0.0001 0.000000 -2.187958 2.0721 0 4.1800 0  -4 10 -6 64 44 -14 48 0  0 1 1 1 0 20 0 12.13 
0.139 2 2.10 2.10 2.1 2.1 0.143 0.127 0.7044 0.7575 0.0787 -0.0001 0.000000 -2.187949 2.0721 0 4.1800 0  -5 31 -16 46 -10 66 -2 32  0 1 1 1 0 20 0 12.15 
0.140 2 2.10 2.10 2.1 2.1 0.063 0.058 0.7302 0.7302 0.0795 -0.0001 0.000000 -2.187936 2.0721 0 4.1800 0  0 7 -35 53 -9 -32 42 -2  0 1 1 1 0 20 0 12.12 
0.141 2 2.10 2.10 2.1 2.1 0.138 0.083 0.6924 0.7434 0.0803 -0.0001 0.000000 -2.187928 2.0721 0 4.1800 0  -30 43 -29 81 10 81 19 28  0 1 1 1 0 20 0 12.13 
0.142 2 2.10 2.10 2.1 2.1 0.127 0.026 0.6804 0.6924 0.0807 -0.0001 0.000000 -2.187925 2.0721 0 4.1800 0  20 11 -16 82 -15 64 -18 32  0 1 1 1 0 20 0 12.11 
0.143 2 2.10 2.10 2.1 2.1 0.098 0.030 0.7434 0.7044 0.0815 -0.0001 0.000000 -2.187931 2.0721 0 4.1800 0  54 -40 51 26 21 43 -14 21  0 1 1 1 0 20 0 12.11 
0.144 2 2.10 2.10 2.1 2.1 0.117 0.040 0.7302 0.6804 0.0823 -0.0001 0.000000 -2.187948 2.0721 0 4.1800 0  -14 15 6 70 -27 37 34 -3  0 1 1 1 0 20 0 12.13 
0.145 2 2.10 2.10 2.1 2.1 0.130 -0.030 0.6924 0.7169 0.0831 -0.0001 0.000000 -2.187968 2.0721 0 4.1800 0  -4 72 -27 71 53 -30 63 4  0 1 1 1 0 20 0 12.13 
0.146 2 2.10 2.10 2.1 2.1 0.124 0.034 0.7044 0.6691 0.0837 -0.0001 -0.002591 -2.187993 2.0721 0 4.1800 0  0 9 9 81 -28 68 -10 44  0 1 1 1 0 20 0 12.15 
0.147 2 2.10 2.10 2.1 2.1 0.156 0.047 0.7169 0.7302 0.0843 -0.0001 0.000000 -2.188018 2.0721 0 4.1800 0  -32 53 -1 59 53 -23 49 20  0 1 1 1 0 20 0 12.13 
0.148 2 2.10 2.10 2.1 2.1 0.087 0.027 0.7169 0.7575 0.0851 -0.0001 0.000000 -2.188045 2.0721 0 4.1800 0  -41 8 -2 65 -25 68 4 40  0 1 1 1 0 20 0 12.13 
0.149 2 2.10 2.10 2.1 2.1 0.078 0.064 0.7169 0.7302 0.0859 -0.0001 0.000000 -2.188077 2.0721 0 4.1800 0  15 -13 -24 76 6 24 50 -22  0 1 1 1 0 20 0 12.11 
0.150 2 2.10 2.10 2.1 2.1 0.168 0.096 0.7044 0.7434 0.0868 -0.0001 0.000000 -2.188105 2.0721 0 4.1800 0  -25 15 3 62 42 -11 57 9  0 1 1 1 0 20 0 12.12 
0.151 2 2.10 2.10 2.1 2.1 0.107 0.096 0.7169 0.6583 0.0872 -0.0001 0.000000 -2.188127 2.0721 0 4.1800 0  36 23 51 14 22 18 12 45  0 1 1 1 0 20 0 12.11 
0.152 2 2.10 2.10 2.1 2.1 0.078 0.147 0.6804 0.7302 0.0880 -0.0001 0.000000 -2.188146 2.0721 0 4.1800 0  -50 50 -27 93 21 -13 58 -18  0 1 1 1 0 20 0 12.12 
0.153 2 2.10 2.10 2.1 2.1 0.134 0.171 0.6804 0.6691 0.0888 -0.0001 0.000000 -2.188162 2.0721 0 4.1800 0  53 -33 54 22 44 15 12 31  0 1 1 1 0 20 0 12.13 
0.154 2 2.10 2.10 2.1 2.1 0.050 0.078 0.7169 0.6804 0.0896 -0.0001 0.000000 -2.188167 2.0721 0 4.1800 0  -12 36 8 54 12 38 -22 76  0 1 1 1 0 20 0 12.11 
0.155 2 2.10 2.10 2.1 2.1 0.113 0.116 0.7302 0.7302 0.0900 -0.0001 0.000000 -2.188167 2.0721 0 4.1800 0  15 44 30 43 16 23 30 54  0 1 1 1 0 20 0 12.11 
0.156 2 2.10 2.10 2.1 2.1 0.148 0.120 0.7169 0.7434 0.0908 -0.0001 0.000000 -2.188165 2.0721 0 4.1800 0  0 16 -8 34 22 -31 64 -6  0 1 1 1 0 20 0 12.16 
0.157 2 2.10 2.10 2.1 2.1 0.065 0.122 0.7169 0.7575 0.0916 -0.0001 0.000000 -2.188160 2.0721 0 4.1800 0  -55 45 -3 28 49 2 17 16  0 1 1 1 0 20 0 12.15 
0.158 2 2.10 2.10 2.1 2.1 0.131 0.108 0.6924 0.7302 0.0922 -0.0001 0.002591 -2.188151 2.0721 0 4.1800 0  -2 2 11 46 7 70 -23 72  0 1 1 1 0 20 0 12.14 
0.159 2 2.10 2.10 2.1 2.1 0.106 -0.000 0.7044 0.6474 0.0928 -0.0001 0.000000 -2.188137 2.0721 0 4.1800 0  54 -18 33 54 -3 60 -4 40  0 1 1 1 0 20 0 12.15 
0.160 2 2.10 2.10 2.1 2.1 0.093 -0.009 0.7044 0.7044 0.0936 -0.0001 0.000000 -2.188118 2.0721 0 4.1800 0  -8 2 12 64 -20 53 -30 61  0 1 1 1 0 20 0 12.14 
0.161 2 2.10 2.10 2.1 2.1 0.160 0.058 0.6924 0.6924 0.0944 -0.0001 0.000000 -2.188098 2.0721 0 4.1800 0  43 -5 5 66 25 26 4 22  0 1 1 1 0 20 0 12.14 
0.162 2 2.10 2.10 2.1 2.1 0.081 0.004 0.7044 0.6924 0.0950 -0.0001 0.002591 -2.188084 2.0721 0 4.1800 0  31 4 28 43 0 15 37 -16  0 1 1 1 0 20 0 12.13 
0.163 2 2.10 2.10 2.1 2.1 0.107 -0.016 0.7169 0.7169 0.0958 -0.0001 0.002591 -2.188074 2.0721 0 4.1800 0  37 16 11 60 -25 56 -14 56  0 1 1 1 0 20 0 12.12 
0.164 2 2.10 2.10 2.1 2.1 0.125 0.023 0.7044 0.7434 0.0964 -0.0001 0.000000 -2.188058 2.0721 0 4.1800 0  33 -10 33 66 -21 64 -7 37  0 1 1 1 0 20 0 12.14 
0.165 2 2.10 2.10 2.1 2.1 0.115 0.104 0.7302 0.7169 0.0972 -0.0001 0.000000 -2.188041 2.0721 0 4.1800 0  30 -2 15 66 22 28 49 7  0 1 1 1 0 20 0 12.13 
0.166 2 2.10 2.10 2.1 2.1 0.144 0.088 0.6924 0.7575 0.0978 -0.0001 0.002591 -2.188030 2.0721 0 4.1800 0  36 10 -7 59 34 -47 62 1  0 1 1 1 0 20 0 12.13 
0.167 2 2.10 2.10 2.1 2.1 0.116 0.093 0.7302 0.7302 0.0986 -0.0001 0.002591 -2.188018 2.0721 0 4.1800 0  41 -13 53 34 46 -37 40 16  0 1 1 1 0 20 0 12.13 
0.168 2 2.10 2.10 2.1 2.1 0.067 0.131 0.6691 0.7044 0.0992 -0.0001 0.000000 -2.188007 2.0721 0 4.1800 0  8 32 17 69 -18 1 27 30  0 1 1 1 0 20 0 12.13 
0.169 2 2.10 2.10 2.1 2.1 0.129 0.129 0.6804 0.6924 0.1000 -0.0001 0.000000 -2.188000 2.0721 0 4.1800 0  -12 -14 35 20 58 -8 16 35  0 1 1 1 0 20 0 12.11 
0.170 2 2.10 2.10 2.1 2.1 0.082 0.164 0.7044 0.7044 0.1006 -0.0001 0.002591 -2.188001 2.0721 0 4.1800 0  33 29 41 64 10 23 33 36  0 1 1 1 0 20 0 12.12 
0.171 2 2.10 2.10 2.1 2.1 0.135 0.135 0.7302 0.6804 0.1014 -0.0001 0.002591 -2.188010 2.0721 0 4.1800 0  25 7 16 46 62 28 22 -2  0 1 1 1 0 20 0 12.14 
0.172 2 2.10 2.10 2.1 2.1 0.088 0.040 0.7302 0.7302 0.1020 -0.0001 0.000000 -2.188020 2.0721 0 4.1800 0  60 -14 13 41 24 23 63 -17  0 1 1 1 0 20 0 12.14 
0.173 2 2.10 2.10 2.1 2.1 0.081 0.096 0.7169 0.7434 0.1028 -0.0001 0.000000 -2.188026 2.0721 0 4.1800 0  35 55 -26 65 48 2 42 16  0 1 1 1 0 20 0 12.13 
0.174 2 2.10 2.10 2.1 2.1 0.152 0.071 0.7169 0.7302 0.1036 -0.0001 0.000000 -2.188032 2.0721 0 4.1800 0  10 25 39 26 60 -19 62 23  0 1 1 1 0 20 0 12.12 
0.175 2 2.10 2.10 2.1 2.1 0.134 0.100 0.7044 0.7434 0.1042 -0.0001 0.002591 -2.188049 2.0721 0 4.1800 0  -28 33 2 46 5 12 10 34  0 1 1 1 0 20 0 12.13 
0.176 2 2.10 2.10 2.1 2.1 0.062 0.006 0.7044 0.7302 0.1050 -0.0001 0.002591 -2.188071 2.0721 0 4.1800 0  32 6 34 38 -38 55 -14 43  0 1 1 1 0 20 0 12.14 
0.177 2 2.10 2.10 2.1 2.1 0.152 -0.007 0.6924 0.7169 0.1056 -0.0001 0.000000 -2.188091 2.0721 0 4.1800 0  29 -5 -9 61 25 3 25 6  0 1 1 1 0 20 0 12.14 
0.178 2 2.10 2.10 2.1 2.1 0.089 0.030 0.7169 0.6583 0.1064 -0.0001 0.000000 -2.188104 2.0721 0 4.1800 0  65 -13 75 17 54 5 21 29  0 1 1 1 0 20 0 12.11 
0.179 2 2.10 2.10 2.1 2.1 0.154 0.032 0.7302 0.7302 0.1070 -0.0001 0.002591 -2.188113 2.0721 0 4.1800 0  25 20 8 50 -20 0 10 11  0 1 1 1 0 20 0 12.11 
0.180 2 2.10 2.10 2.1 2.1 0.120 0.063 0.7044 0.5904 0.1078 -0.0001 0.002591 -2.188121 2.0721 0 4.1800 0  35 15 28 54 0 20 46 -7  0 1 1 1 0 20 0 12.13 
0.181 2 2.10 2.10 2.1 2.1 0.048 0.012 0.7169 0.7169 0.1084 -0.0001 0.000000 -2.188125 2.0721 0 4.1800 0  0 0 -5 53 12 62 -14 44  0 1 1 1 0 20 0 12.13 
0.182 2 2.10 2.10 2.1 2.1 0.165 0.036 0.7302 0.7302 0.1092 -0.0001 0.000000 -2.188127 2.0721 0 4.1800 0  74 -3 25 86 -28 69 -1 13  0 1 1 1 0 20 0 12.11 
0.183 2 2.10 2.10 2.1 2.1 0.179 0.114 0.6924 0.7434 0.1098 -0.0001 0.002591 -2.188121 2.0721 0 4.1800 0  10 -2 7 73 17 3 60 -10  0 1 1 1 0 20 0 12.13 
0.184 2 2.10 2.10 2.1 2.1 0.139 0.100 0.7044 0.7575 0.1106 -0.0001 0.002591 -2.188109 2.0721 0 4.1800 0  -38 36 -6 96 15 -43 38 21  0 1 1 1 0 20 0 12.13 
0.185 2 2.10 2.10 2.1 2.1 0.101 0.083 0.6924 0.7302 0.1115 -0.0001 0.002591 -2.188094 2.0721 0 4.1800 0  78 -6 37 28 42 -10 18 29  0 1 1 1 0 20 0 12.14 
0.186 2 2.10 2.10 2.1 2.1 0.090 0.106 0.7044 0.6474 0.1121 -0.0001 0.000000 -2.188082 2.0721 0 4.1800 0  42 -15 55 55 -10 50 10 -9  0 1 1 1 0 20 0 12.14 
0.187 2 2.10 2.10 2.1 2.1 0.154 0.135 0.7169 0.7044 0.1127 -0.0001 0.002591 -2.188069 2.0721 0 4.1800 0  -31 18 20 36 52 -23 60 20  0 1 1 1 0 20 0 12.14 
0.188 2 2.10 2.10 2.1 2.1 0.107 0.120 0.7169 0.6924 0.1135 -0.0001 0.002591 -2.188046 2.0721 0 4.1800 0  21 23 17 58 1 -35 19 0  0 1 1 1 0 20 0 12.13 
0.189 2 2.10 2.10 2.1 2.1 0.158 0.148 0.7169 0.7169 0.1141 -0.0001 0.000000 -2.188020 2.0721 0 4.1800 0  51 -1 2 72 30 -17 59 2  0 1 1 1 0 20 0 12.14 
0.190 2 2.10 2.10 2.1 2.1 0.122 0.135 0.7302 0.7302 0.1149 -0.0001 0.000000 -2.188001 2.0721 0 4.1800 0  -53 59 4 83 32 15 46 22  0 1 1 1 0 20 0 12.11 
0.191 2 2.10 2.10 2.1 2.1 0.057 0.116 0.6804 0.7434 0.1155 -0.0001 0.002591 -2.187988 2.0721 0 4.1800 0  23 22 -1 78 -12 7 50 -2  0 1 1 1 0 20 0 12.13 
0.192 2 2.10 2.10 2.1 2.1 0.123 0.110 0.7434 0.7169 0.1163 -0.0001 0.002591 -2.187979 2.0721 0 4.1800 0  -7 13 23 44 34 -33 79 31  0 1 1 1 0 20 0 12.13 
0.193 2 2.10 2.10 2.1 2.1 0.115 0.067 0.6924 0.7575 0.1171 -0.0001 0.002591 -2.187971 2.0721 0 4.1800 0  37 34 0 63 21 35 -4 75  0 1 1 1 0 20 0 12.14 
0.194 2 2.10 2.10 2.1 2.1 0.073 0.020 0.7434 0.6924 0.1177 -0.0001 0.000000 -2.187959 2.0721 0 4.1800 0  26 18 66 31 0 36 33 5  0 1 1 1 0 20 0 12.13 
0.195 2 2.10 2.10 2.1 2.1 0.072 0.044 0.7302 0.7044 0.1183 -0.0001 0.002591 -2.187951 2.0721 0 4.1800 0  -67 78 -5 18 32 21 14 75  0 1 1 1 0 20 0 12.13 
0.196 2 2.10 2.10 2.1 2.1 0.121 0.032 0.7044 0.6924 0.1191 -0.0001 0.002591 -2.187947 2.0721 0 4.1800 0  -3 4 14 48 67 4 53 29  0 1 1 1 0 20 0 12.13 
0.197 2 2.10 2.10 2.1 2.1 0.157 0.058 0.7169 0.7044 0.1199 -0.0001 0.002591 -2.187945 2.0721 0 4.1800 0  -60 20 -12 69 -32 50 -29 23  0 1 1 1 0 20 0 12.14 
0.198 2 2.10 2.10 2.1 2.1 0.097 0.040 0.7434 0.7302 0.1205 -0.0001 0.000000 -2.187952 2.0721 0 4.1800 0  39 -26 52 -26 62 -30 35 8  0 1 1 1 0 20 0 12.14 
0.199 2 2.10 2.10 2.1 2.1 0.089 -0.021 0.7434 0.7302 0.1213 -0.0001 0.000000 -2.187960 2.0721 0 4.1800 0  42 -20 18 74 -32 36 -30 36  0 1 1 1 0 20 0 12.13 
0.200 4 4.10 4.10 4.1 4.1 0.139 0.083 0.7044 0.7434 0.1219 -0.0001 0.002591 -2.187970 2.0721 0 4.1800 0  -9 37 4 87 -9 40 13 17  0 1 1 1 0 20 0 12.14 
0.201 4 4.10 4.10 4.1 4.1 0.325 0.310 0.7044 0.7302 0.1227 -0.0001 0.002591 -2.187986 2.0721 0 4.1800 0  -6 -3 47 44 -26 55 1 1  0 1 1 1 0 20 0 12.06 
0.202 4 4.10 4.10 4.1 4.1 0.442 0.406 0.7169 0.7575 0.1235 -0.0001 0.002591 -2.188004 2.0721 0 4.1800 0  -2 -3 -8 21 16 12 58 -31  0 1 1 1 0 20 0 12.02 
0.203 4 4.10 4.10 4.1 4.1 0.508 0.492 0.7434 0.7044 0.1243 -0.0001 0.002591 -2.188020 2.0721 0 4.1800 0  36 24 16 23 38 13 -28 41  0 1 1 1 0 20 0 11.98 
0.204 4 4.10 4.10 4.1 4.1 0.514 0.561 0.7575 0.7872 0.1251 -0.0001 0.002591 -2.188032 2.0721 0 4.1800 0  -7 14 24 44 37 -10 28 17  0 1 1 1 0 20 0 11.97 
0.205 4 4.10 4.10 4.1 4.1 0.487 0.586 0.7872 0.7302 0.1257 -0.0001 0.000000 -2.188043 2.0721 0 4.1800 0  34 -37 27 -21 41 -29 5 10  0 1 1 1 0 20 0 11.98 
0.206 4 4.10 4.10 4.1 4.1 0.493 0.505 0.7872 0.8366 0.1267 -0.0001 0.002591 -2.188049 2.0721 0 4.1800 0  61 14 -39 60 -27 72 8 26  0 1 1 1 0 20 0 11.97 
0.207 4 4.10 4.10 4.1 4.1 0.490 0.485 0.8193 0.8193 0.1275 -0.0001 0.002591 -2.188061 2.0721 0 4.1800 0  8 -34 35 -9 55 2 20 21  0 1 1 1 0 20 0 11.97 
0.208 4 4.10 4.10 4.1 4.1 0.462 0.518 0.8727 0.8543 0.1283 -0.0001 0.002591 -2.188067 2.0721 0 4.1800 0  -52 33 12 31 35 3 37 -26  0 1 1 1 0 20 0 11.97 
0.209 4 4.10 4.10 4.1 4.1 0.617 0.469 0.8924 0.9125 0.1291 -0.0001 0.002591 -2.188066 2.0721 0 4.1800 0  3 21 7 40 32 -25 64 -12  0 1 1 1 0 20 0 11.99 
0.210 4 4.10 4.10 4.1 4.1 0.482 0.479 0.9338 0.9125 0.1301 -0.0001 0.000000 -2.188068 2.0721 0 4.1800 0  -43 67 4 13 62 -27 38 24  0 1 1 1 0 20 0 12.00 
0.211 4 4.10 4.10 4.1 4.1 0.463 0.426 0.9559 0.8543 0.1311 -0.0001 0.002591 -2.188071 2.0721 0 4.1800 0  26 82 9 36 29 23 -4 65  0 1 1 1 0 20 0 12.00 
0.212 4 4.10 4.10 4.1 4.1 0.489 0.451 0.9796 0.9338 0.1319 -0.0001 0.002591 -2.188066 2.0721 0 4.1800 0  -6 19 14 7 13 42 48 -7  0 1 1 1 0 20 0 12.00 
0.213 4 4.10 4.10 4.1 4.1 0.461 0.420 0.9796 1.0041 0.1331 -0.0001 0.002591 -2.188046 2.0721 0 4.1800 0  5 11 16 22 28 -17 57 37  0 1 1 1 0 20 0 12.02 
0.214 4 4.10 4.10 4.1 4.1 0.393 0.400 1.0041 1.0298 0.1339 -0.0001 0.002591 -2.188027 2.0721 0 4.1800 0  34 -4 45 -18 50 12 -13 48  0 1 1 1 0 20 0 12.02 
0.215 4 4.10 4.10 4.1 4.1 0.438 0.477 1.0041 1.0041 0.1351 -0.0001 0.002591 -2.188010 2.0721 0 4.1800 0  -23 73 5 14 51 -22 3 64  0 1 1 1 0 20 0 11.99 
0.216 4 4.10 4.10 4.1 4.1 0.390 0.397 1.0567 1.0567 0.1359 -0.0000 0.002591 -2.187987 2.0721 0 4.1800 0  53 -10 6 25 13 27 12 50  0 1 1 1 0 20 0 12.00 
0.217 4 4.10 4.10 4.1 4.1 0.384 0.406 1.0852 1.0852 0.1372 -0.0000 0.002591 -2.187962 2.0721 0 4.1800 0  -15 22 19 -6 60 -34 49 5  0 1 1 1 0 20 0 12.01 
0.218 4 4.10 4.10 4.1 4.1 0.403 0.390 1.0567 1.0567 0.1380 -0.0000 0.002591 -2.187947 2.0721 0 4.1800 0  -2 10 10 39 -9 67 13 20  0 1 1 1 0 20 0 12.03 
0.219 4 4.10 4.10 4.1 4.1 0.378 0.329 1.0852 1.1153 0.1392 -0.0000 0.002591 -2.187940 2.0721 0 4.1800 0  20 12 12 46 24 -3 64 -17  0 1 1 1 0 20 0 12.04 
0.220 4 4.10 4.10 4.1 4.1 0.345 0.337 1.1153 1.1474 0.1404 -0.0000 0.002591 -2.187930 2.0721 0 4.1800 0  -35 58 10 5 49 -14 62 3  0 1 1 1 0 20 0 12.04 
0.221 4 4.10 4.10 4.1 4.1 0.378 0.352 1.0852 1.1474 0.1414 -0.0000 0.005182 -2.187927 2.0721 0 4.1800 0  -10 4 17 13 -19 41 -23 11  0 1 1 1 0 20 0 12.02 
0.222 4 4.10 4.10 4.1 4.1 0.359 0.326 1.1474 1.2169 0.1426 -0.0000 0.005182 -2.187934 2.0721 0 4.1800 0  26 23 37 -6 8 18 15 57  0 1 1 1 0 20 0 12.04 
0.223 4 4.10 4.10 4.1 4.1 0.310 0.299 1.1474 1.2169 0.1436 -0.0000 0.002591 -2.187948 2.0721 0 4.1800 0  -10 51 12 56 62 -35 24 16  0 1 1 1 0 20 0 12.04 
0.224 4 4.10 4.10 4.1 4.1 0.336 0.288 1.1474 1.1812 0.1448 -0.0000 0.002591 -2.187978 2.0721 0 4.1800 0  6 1 10 39 19 71 -10 38  0 1 1 1 0 20 0 12.05 
0.225 4 4.10 4.10 4.1 4.1 0.356 0.293 1.1474 1.2551 0.1458 -0.0000 0.005182 -2.188016 2.0721 0 4.1800 0  62 -7 12 39 17 8 15 -18  0 1 1 1 0 20 0 12.05 
0.226 4 4.10 4.10 4.1 4.1 0.295 0.348 1.1474 1.1812 0.1470 -0.0000 0.005182 -2.188056 2.0721 0 4.1800 0  -33 13 -1 -4 56 -43 60 14  0 1 1 1 0 20 0 12.04 
0.227 4 4.10 4.10 4.1 4.1 0.278 0.367 1.2169 1.2551 0.1482 -0.0000 0.005182 -2.188103 2.0721 0 4.1800 0  -34 1 47 20 23 41 -30 73  0 1 1 1 0 20 0 12.03 
0.228 4 4.10 4.10 4.1 4.1 0.348 0.327 1.1812 1.2551 0.1494 0.0000 0.005182 -2.188150 2.0721 0 4.1800 0  49 -14 11 16 22 11 -15 12  0 1 1 1 0 20 0 12.05 
0.229 4 4.10 4.10 4.1 4.1 0.314 0.282 1.2169 1.2551 0.1506 0.0000 0.005182 -2.188198 2.0721 0 4.1800 0  -9 49 -6 68 24 -37 62 -12  0 1 1 1 0 20 0 12.05 
0.230 4 4.10 4.10 4.1 4.1 0.299 0.259 1.2169 1.2551 0.1518 0.0000 0.005182 -2.188248 2.0721 0 4.1800 0  -35 47 -26 61 11 -43 35 20  0 1 1 1 0 20 0 12.07 
0.231 4 4.10 4.10 4.1 4.1 0.309 0.230 1.2169 1.2952 0.1530 0.0000 0.005182 -2.188285 2.0721 0 4.1800 0  39 47 -25 69 -20 68 44 29  0 1 1 1 0 20 0 12.06 
0.232 4 4.10 4.10 4.1 4.1 0.276 0.268 1.1153 1.2551 0.1542 0.0000 0.005182 -2.188313 2.0721 0 4.1800 0  22 15 46 -6 21 46 -7 29  0 1 1 1 0 20 0 12.06 
0.233 4 4.10 4.10 4.1 4.1 0.294 0.243 1.2551 1.3386 0.1554 0.0000 0.005182 -2.188331 2.0721 0 4.1800 0  10 49 -1 54 33 -43 72 12  0 1 1 1 0 20 0 12.06 
0.234 4 4.10 4.10 4.1 4.1 0.261 0.200 1.2952 1.2952 0.1566 0.0000 0.005182 -2.188338 2.0721 0 4.1800 0  32 11 13 34 -14 55 22 34  0 1 1 1 0 20 0 12.05 
0.235 4 4.10 4.10 4.1 4.1 0.258 0.203 1.2169 1.3386 0.1576 0.0000 0.007773 -2.188349 2.0721 0 4.1800 0  17 -22 59 31 -2 51 -11 41  0 1 1 1 0 20 0 12.06 
0.236 4 4.10 4.10 4.1 4.1 0.264 0.245 1.2952 1.2952 0.1590 0.0001 0.005182 -2.188358 2.0721 0 4.1800 0  52 -1 14 43 32 -36 54 -16  0 1 1 1 0 20 0 12.07 
0.237 4 4.10 4.10 4.1 4.1 0.244 0.269 1.2952 1.3386 0.1602 0.0001 0.005182 -2.188353 2.0721 0 4.1800 0  43 46 -2 30 46 -19 46 14  0 1 1 1 0 20 0 12.06 
0.238 4 4.10 4.10 4.1 4.1 0.270 0.255 1.2551 1.3386 0.1617 0.0001 0.007773 -2.188351 2.0721 0 4.1800 0  18 -21 57 -2 33 25 5 27  0 1 1 1 0 20 0 12.06 
0.239 4 4.10 4.10 4.1 4.1 0.293 0.268 1.2551 1.3848 0.1629 0.0001 0.007773 -2.188354 2.0721 0 4.1800 0  9 1 29 39 53 -4 42 10  0 1 1 1 0 20 0 12.07 
0.240 4 4.10 4.10 4.1 4.1 0.264 0.287 1.2551 1.3386 0.1641 0.0001 0.007773 -2.188360 2.0721 0 4.1800 0  42 3 35 19 0 10 -2 63  0 1 1 1 0 20 0 12.06 
0.241 4 4.10 4.10 4.1 4.1 0.284 0.239 1.2952 1.2952 0.1653 0.0001 0.007773 -2.188369 2.0721 0 4.1800 0  36 34 5 67 27 32 23 60  0 1 1 1 0 20 0 12.07 
0.242 4 4.10 4.10 4.1 4.1 0.206 0.242 1.2551 1.3386 0.1665 0.0001 0.007773 -2.188368 2.0721 0 4.1800 0  -21 8 6 35 -10 69 3 58  0 1 1 1 0 20 0 12.07 
0.243 4 4.10 4.10 4.1 4.1 0.242 0.220 1.3386 1.4342 0.1679 0.0001 0.010364 -2.188363 2.0721 0 4.1800 0  61 -2 6 30 52 -10 54 6  0 1 1 1 0 20 0 12.06 
0.244 4 4.10 4.10 4.1 4.1 0.272 0.192 1.2952 1.0852 0.1691 0.0001 0.010364 -2.188357 2.0721 0 4.1800 0  59 1 34 21 27 29 -9 75  0 1 1 1 0 20 0 12.07 
0.245 4 4.10 4.10 4.1 4.1 0.268 0.216 1.2952 1.3848 0.1703 0.0001 0.010364 -2.188351 2.0721 0 4.1800 0  18 16 8 33 29 7 29 31  0 1 1 1 0 20 0 12.07 
0.246 4 4.10 4.10 4.1 4.1 0.222 0.183 1.3386 1.3386 0.1717 0.0002 0.007773 -2.188343 2.0721 0 4.1800 0  5 56 -27 77 -20 -28 44 6  0 1 1 1 0 20 0 12.08 
0.247 4 4.10 4.10 4.1 4.1 0.215 0.196 1.2952 1.3386 0.1729 0.0002 0.007773 -2.188317 2.0721 0 4.1800 0  39 27 17 48 -1 -1 29 24  0 1 1 1 0 20 0 12.08 
0.248 4 4.10 4.10 4.1 4.1 0.223 0.206 1.2952 1.4342 0.1743 0.0002 0.010364 -2.188285 2.0721 0 4.1800 0  39 -13 29 45 6 23 -10 22  0 1 1 1 0 20 0 12.07 
0.249 4 4.10 4.10 4.1 4.1 0.220 0.189 1.2952 1.3848 0.1755 0.0002 0.010364 -2.188252 2.0721 0 4.1800 0  -55 83 -24 45 -3 10 26 36  0 1 1 1 0 20 0 12.07 
0.250 4 4.10 4.10 4.1 4.1 0.228 0.206 1.3386 1.4342 0.1767 0.0002 0.010364 -2.188216 2.0721 0 4.1800 0  -4 46 18 -1 61 -9 9 53  0 1 1 1 0 20 0 12.07 
0.251 4 4.10 4.10 4.1 4.1 0.251 0.193 1.2952 1.4342 0.1781 0.0002 0.012956 -2.188175 2.0721 0 4.1800 0  -15 17 -32 64 -16 42 -1 22  0 1 1 1 0 20 0 12.07 
0.252 4 4.10 4.10 4.1 4.1 0.244 0.187 1.3848 1.4342 0.1795 0.0002 0.010364 -2.188137 2.0721 0 4.1800 0  41 10 1 22 44 -23 63 8  0 1 1 1 0 20 0 12.07 
0.253 4 4.10 4.10 4.1 4.1 0.222 0.157 1.3386 1.3848 0.1807 0.0003 0.010364 -2.188102 2.0721 0 4.1800 0  18 2 39 12 -18 55 -8 48  0 1 1 1 0 20 0 12.07 
0.254 4 4.10 4.10 4.1 4.1 0.223 0.127 1.3386 1.4872 0.1821 0.0003 0.012956 -2.188068 2.0721 0 4.1800 0  49 -17 35 -21 62 1 21 20  0 1 1 1 0 20 0 12.08 
0.255 4 4.10 4.10 4.1 4.1 0.173 0.157 1.3386 1.4342 0.1833 0.0003 0.012956 -2.188047 2.0721 0 4.1800 0  3 6 5 39 14 20 24 23  0 1 1 1 0 20 0 12.08 
0.256 4 4.10 4.10 4.1 4.1 0.266 0.188 1.3386 1.4342 0.1847 0.0003 0.010364 -2.188031 2.0721 0 4.1800 0  -19 17 1 39 31 24 64 -10  0 1 1 1 0 20 0 12.09 
0.257 4 4.10 4.10 4.1 4.1 0.211 0.220 1.3386 1.4872 0.1862 0.0003 0.012956 -2.188014 2.0721 0 4.1800 0  -41 28 14 41 27 17 0 65  0 1 1 1 0 20 0 12.08 
0.258 4 4.10 4.10 4.1 4.1 0.154 0.199 1.3848 1.4342 0.1874 0.0003 0.012956 -2.188015 2.0721 0 4.1800 0  65 -14 16 56 -15 75 0 33  0 1 1 1 0 20 0 12.08 
0.259 4 4.10 4.10 4.1 4.1 0.241 0.183 1.3848 1.4342 0.1888 0.0004 0.015547 -2.188035 2.0721 0 4.1800 0  -35 48 -5 -7 60 -7 25 9  0 1 1 1 0 20 0 12.09 
0.260 4 4.10 4.10 4.1 4.1 0.215 0.212 1.3386 1.4872 0.1902 0.0004 0.012956 -2.188072 2.0721 0 4.1800 0  40 10 40 6 51 -12 18 20  0 1 1 1 0 20 0 12.09 
0.261 4 4.10 4.10 4.1 4.1 0.180 0.211 1.3848 1.5446 0.1916 0.0004 0.015547 -2.188107 2.0721 0 4.1800 0  21 58 -28 57 17 4 49 36  0 1 1 1 0 20 0 12.09 
0.262 4 4.10 4.10 4.1 4.1 0.211 0.199 1.3386 1.4872 0.1928 0.0004 0.015547 -2.188135 2.0721 0 4.1800 0  27 0 -22 60 -21 76 0 12  0 1 1 1 0 20 0 12.08 
0.263 4 4.10 4.10 4.1 4.1 0.203 0.207 1.3386 1.4872 0.1940 0.0004 0.015547 -2.188172 2.0721 0 4.1800 0  -24 16 6 4 64 -23 16 15  0 1 1 1 0 20 0 12.09 
0.264 4 4.10 4.10 4.1 4.1 0.188 0.198 1.3848 1.4872 0.1956 0.0005 0.015547 -2.188216 2.0721 0 4.1800 0  -17 57 -24 80 21 -2 5 28  0 1 1 1 0 20 0 12.07 
0.265 4 4.10 4.10 4.1 4.1 0.188 0.195 1.3848 1.4342 0.1968 0.0005 0.015547 -2.188253 2.0721 0 4.1800 0  48 9 13 44 36 -8 46 -16  0 1 1 1 0 20 0 12.08 
0.266 4 4.10 4.10 4.1 4.1 0.240 0.161 1.3848 1.4342 0.1982 0.0005 0.018138 -2.188281 2.0721 0 4.1800 0  2 4 35 21 51 16 15 47  0 1 1 1 0 20 0 12.08 
0.267 4 4.10 4.10 4.1 4.1 0.162 0.169 1.4342 1.5446 0.1996 0.0005 0.015547 -2.188301 2.0721 0 4.1800 0  36 31 -2 44 17 32 20 42  0 1 1 1 0 20 0 12.08 
0.268 4 4.10 4.10 4.1 4.1 0.230 0.103 1.3848 1.5446 0.2010 0.0005 0.018138 -2.188319 2.0721 0 4.1800 0  88 -33 24 23 53 0 14 9  0 1 1 1 0 20 0 12.08 
0.269 4 4.10 4.10 4.1 4.1 0.223 0.132 1.3848 1.4872 0.2022 0.0006 0.018138 -2.188337 2.0721 0 4.1800 0  65 1 -3 23 28 12 70 -12  0 1 1 1 0 20 0 12.08 
0.270 4 4.10 4.10 4.1 4.1 0.187 0.150 1.3848 1.3848 0.2036 0.0006 0.015547 -2.188343 2.0721 0 4.1800 0  29 14 -8 16 20 -30 81 -7  0 1 1 1 0 20 0 12.08 
0.271 4 4.10 4.10 4.1 4.1 0.236 0.138 1.3386 1.4872 0.2050 0.0006 0.018138 -2.188328 2.0721 0 4.1800 0  36 13 3 58 -15 46 -5 9  0 1 1 1 0 20 0 12.08 
0.272 4 4.10 4.10 4.1 4.1 0.198 0.165 1.3848 1.5446 0.2064 0.0006 0.020729 -2.188308 2.0721 0 4.1800 0  -20 44 8 37 13 -8 77 13  0 1 1 1 0 20 0 12.08 
0.273 4 4.10 4.10 4.1 4.1 0.247 0.131 1.3848 1.4872 0.2078 0.0007 0.018138 -2.188289 2.0721 0 4.1800 0  21 18 3 55 -17 41 18 18  0 1 1 1 0 20 0 12.09 
0.274 4 4.10 4.10 4.1 4.1 0.220 0.152 1.3848 1.4342 0.2090 0.0007 0.018138 -2.188270 2.0721 0 4.1800 0  29 28 -6 33 6 24 42 -19  0 1 1 1 0 20 0 12.09 
0.275 4 4.10 4.10 4.1 4.1 0.185 0.079 1.3848 1.5446 0.2104 0.0007 0.020729 -2.188248 2.0721 0 4.1800 0  62 -6 60 21 20 76 12 27  0 1 1 1 0 20 0 12.09 
0.276 4 4.10 4.10 4.1 4.1 0.139 0.152 1.3848 1.4872 0.2121 0.0007 0.020729 -2.188209 2.0721 0 4.1800 0  26 15 -28 72 20 -12 58 12  0 1 1 1 0 20 0 12.08 
0.277 4 4.10 4.10 4.1 4.1 0.216 0.137 1.3386 1.4342 0.2133 0.0008 0.020729 -2.188163 2.0721 0 4.1800 0  5 -2 -16 20 -12 -35 62 -4  0 1 1 1 0 20 0 12.09 
0.278 4 4.10 4.10 4.1 4.1 0.213 0.152 1.4342 1.3386 0.2147 0.0008 0.023320 -2.188122 2.0721 0 4.1800 0  -11 17 14 46 11 -5 35 15  0 1 1 1 0 20 0 12.10 
0.279 4 4.10 4.10 4.1 4.1 0.144 0.143 1.4342 1.4872 0.2161 0.0008 0.020729 -2.188086 2.0721 0 4.1800 0  -19 61 -8 23 32 -15 46 31  0 1 1 1 0 20 0 12.10 
0.280 4 4.10 4.10 4.1 4.1 0.204 0.143 1.3848 1.5446 0.2175 0.0009 0.023320 -2.188044 2.0721 0 4.1800 0  -48 64 14 68 -29 3 32 26  0 1 1 1 0 20 0 12.09 
0.281 4 4.10 4.10 4.1 4.1 0.163 0.144 1.4342 1.4872 0.2189 0.0009 0.020729 -2.187999 2.0721 0 4.1800 0  -20 7 14 49 -10 35 29 25  0 1 1 1 0 20 0 12.09 
0.282 4 4.10 4.10 4.1 4.1 0.167 0.108 1.4342 1.4872 0.2203 0.0009 0.023320 -2.187965 2.0721 0 4.1800 0  32 -12 22 37 27 25 -23 48  0 1 1 1 0 20 0 12.09 
0.283 4 4.10 4.10 4.1 4.1 0.241 0.141 1.4342 1.5446 0.2215 0.0010 0.023320 -2.187944 2.0721 0 4.1800 0  2 -11 9 33 55 7 27 11  0 1 1 1 0 20 0 12.10 
0.284 4 4.10 4.10 4.1 4.1 0.200 0.147 1.3848 1.5446 0.2231 0.0010 0.023320 -2.187929 2.0721 0 4.1800 0  -24 40 15 15 59 4 16 24  0 1 1 1 0 20 0 12.08 
0.285 4 4.10 4.10 4.1 4.1 0.169 0.174 1.4342 1.5446 0.2243 0.0010 0.023320 -2.187917 2.0721 0 4.1800 0  -24 -2 13 41 43 15 10 24  0 1 1 1 0 20 0 12.08 
0.286 4 4.10 4.10 4.1 4.1 0.165 0.124 1.4342 1.4342 0.2259 0.0011 0.023320 -2.187913 2.0721 0 4.1800 0  2 -4 33 -28 65 -6 7 31  0 1 1 1 0 20 0 12.09 
0.287 4 4.10 4.10 4.1 4.1 0.166 0.103 1.4342 1.5446 0.2271 0.0011 0.023320 -2.187924 2.0721 0 4.1800 0  56 20 -35 70 -11 69 6 33  0 1 1 1 0 20 0 12.08 
0.288 4 4.10 4.10 4.1 4.1 0.203 0.081 1.4342 1.5446 0.2285 0.0011 0.025911 -2.187944 2.0721 0 4.1800 0  80 -31 67 44 -7 3 31 -20  0 1 1 1 0 20 0 12.09 
0.289 4 4.10 4.10 4.1 4.1 0.168 0.116 1.4342 1.4872 0.2299 0.0012 0.023320 -2.187962 2.0721 0 4.1800 0  8 14 5 52 2 65 -5 18  0 1 1 1 0 20 0 12.09 
0.290 4 4.10 4.10 4.1 4.1 0.166 0.155 1.3848 1.4872 0.2313 0.0012 0.025911 -2.187981 2.0721 0 4.1800 0  23 12 12 -7 64 -16 32 5  0 1 1 1 0 20 0 12.10 
0.291 4 4.10 4.10 4.1 4.1 0.143 0.099 1.3848 1.4872 0.2329 0.0012 0.025911 -2.188009 2.0721 0 4.1800 0  47 -17 23 51 10 19 24 2  0 1 1 1 0 20 0 12.10 
0.292 4 4.10 4.10 4.1 4.1 0.154 0.125 1.4872 1.5446 0.2341 0.0013 0.025911 -2.188048 2.0721 0 4.1800 0  5 38 -19 55 -4 16 39 -40  0 1 1 1 0 20 0 12.09 
0.293 4 4.10 4.10 4.1 4.1 0.178 0.120 1.4872 1.6065 0.2357 0.0013 0.025911 -2.188084 2.0721 0 4.1800 0  13 3 18 54 46 11 14 20  0 1 1 1 0 20 0 12.09 
0.294 4 4.10 4.10 4.1 4.1 0.267 0.105 1.4342 1.6065 0.2371 0.0013 0.028502 -2.188101 2.0721 0 4.1800 0  39 28 -34 55 -23 62 26 23  0 1 1 1 0 20 0 12.10 
0.295 4 4.10 4.10 4.1 4.1 0.195 0.118 1.4872 1.5446 0.2384 0.0014 0.028502 -2.188111 2.0721 0 4.1800 0  -35 38 9 30 51 -15 19 16  0 1 1 1 0 20 0 12.11 
0.296 4 4.10 4.10 4.1 4.1 0.164 0.106 1.4342 1.5446 0.2400 0.0014 0.028502 -2.188122 2.0721 0 4.1800 0  23 30 9 73 4 64 16 78  0 1 1 1 0 20 0 12.09 
0.297 4 4.10 4.10 4.1 4.1 0.234 0.142 1.4342 1.5446 0.2412 0.0015 0.028502 -2.188137 2.0721 0 4.1800 0  -45 19 13 43 63 -32 70 13  0 1 1 1 0 20 0 12.10 
0.298 4 4.10 4.10 4.1 4.1 0.192 0.158 1.4342 1.5446 0.2428 0.0015 0.028502 -2.188144 2.0721 0 4.1800 0  51 18 14 73 -8 55 18 25  0 1 1 1 0 20 0 12.09 
0.299 4 4.10 4.10 4.1 4.1 0.159 0.170 1.4342 1.5446 0.2440 0.0015 0.028502 -2.188132 2.0721 0 4.1800 0  -30 16 20 -16 22 9 29 46  0 1 1 1 0 20 0 12.09 
0.300 4 4.10 4.10 4.1 4.1 0.181 0.105 1.4342 1.4872 0.2456 0.0016 0.028502 -2.188113 2.0721 0 4.1800 0  57 -24 11 -10 54 -31 30 17  0 1 1 1 0 20 0 12.09 
0.301 4 4.10 4.10 4.1 4.1 0.203 0.169 1.4342 1.3848 0.2468 0.0016 0.028502 -2.188101 2.0721 0 4.1800 0  38 -2 27 21 47 22 24 23  0 1 1 1 0 20 0 12.09 
0.302 4 4.10 4.10 4.1 4.1 0.178 0.144 1.3848 1.5446 0.2482 0.0017 0.031093 -2.188082 2.0721 0 4.1800 0  48 9 10 32 42 -25 76 15  0 1 1 1 0 20 0 12.09 
0.303 4 4.10 4.10 4.1 4.1 0.213 0.203 1.4342 1.6065 0.2498 0.0017 0.031093 -2.188048 2.0721 0 4.1800 0  -48 53 9 29 19 13 -5 44  0 1 1 1 0 20 0 12.10 
0.304 4 4.10 4.10 4.1 4.1 0.124 0.142 1.4342 1.5446 0.2510 0.0017 0.031093 -2.188012 2.0721 0 4.1800 0  17 -16 -58 66 -20 13 36 25  0 1 1 1 0 20 0 12.11 
0.305 4 4.10 4.10 4.1 4.1 0.152 0.181 1.3848 1.5446 0.2526 0.0018 0.031093 -2.187983 2.0721 0 4.1800 0  62 20 17 63 5 56 4 23  0 1 1 1 0 20 0 12.10 
0.306 4 4.10 4.10 4.1 4.1 0.167 0.156 1.4872 1.5446 0.2540 0.0018 0.033685 -2.187956 2.0721 0 4.1800 0  15 20 33 28 63 62 27 12  0 1 1 1 0 20 0 12.09 
0.307 4 4.10 4.10 4.1 4.1 0.131 0.169 1.4872 1.5446 0.2554 0.0019 0.031093 -2.187933 2.0721 0 4.1800 0  10 21 19 27 13 25 -8 57  0 1 1 1 0 20 0 12.10 
0.308 4 4.10 4.10 4.1 4.1 0.174 0.170 1.4342 1.5446 0.2568 0.0019 0.033685 -2.187914 2.0721 0 4.1800 0  0 37 8 -17 54 -6 -3 -2  0 1 1 1 0 20 0 12.10 
0.309 4 4.10 4.10 4.1 4.1 0.139 0.095 1.4872 1.4872 0.2584 0.0020 0.033685 -2.187901 2.0721 0 4.1800 0  -1 14 6 67 21 14 47 23  0 1 1 1 0 20 0 12.10 
0.310 4 4.10 4.10 4.1 4.1 0.150 0.108 1.4342 1.4872 0.2596 0.0020 0.033685 -2.187903 2.0721 0 4.1800 0  42 -10 7 66 -16 51 5 26  0 1 1 1 0 20 0 12.09 
0.311 4 4.10 4.10 4.1 4.1 0.143 0.097 1.4342 1.5446 0.2612 0.0021 0.033685 -2.187909 2.0721 0 4.1800 0  -47 4 6 36 24 34 -12 73  0 1 1 1 0 20 0 12.09 
0.312 4 4.10 4.10 4.1 4.1 0.109 0.139 1.4342 1.4872 0.2624 0.0021 0.033685 -2.187916 2.0721 0 4.1800 0  84 -34 3 40 3 -27 21 8  0 1 1 1 0 20 0 12.10 
0.313 4 4.10 4.10 4.1 4.1 0.155 0.061 1.4342 1.4872 0.2640 0.0022 0.033685 -2.187931 2.0721 0 4.1800 0  34 -9 54 -14 68 -16 40 14  0 1 1 1 0 20 0 12.10 
0.314 4 4.10 4.10 4.1 4.1 0.140 0.143 1.4342 1.5446 0.2654 0.0022 0.036276 -2.187958 2.0721 0 4.1800 0  -33 18 7 46 61 -7 45 8  0 1 1 1 0 20 0 12.10 
0.315 4 4.10 4.10 4.1 4.1 0.179 0.082 1.4342 1.5446 0.2669 0.0023 0.033685 -2.187988 2.0721 0 4.1800 0  35 7 -7 69 -22 48 -2 20  0 1 1 1 0 20 0 12.10 
0.316 4 4.10 4.10 4.1 4.1 0.186 0.122 1.4342 1.5446 0.2683 0.0023 0.036276 -2.188008 2.0721 0 4.1800 0  -9 33 21 19 -5 -6 7 61  0 1 1 1 0 20 0 12.10 
0.317 4 4.10 4.10 4.1 4.1 0.179 0.093 1.4342 1.4872 0.2699 0.0024 0.036276 -2.188027 2.0721 0 4.1800 0  65 -1 9 -2 52 22 -14 67  0 1 1 1 0 20 0 12.10 
0.318 4 4.10 4.10 4.1 4.1 0.174 0.115 1.4342 1.5446 0.2711 0.0024 0.036276 -2.188051 2.0721 0 4.1800 0  -6 7 14 53 42 -29 78 0  0 1 1 1 0 20 0 12.10 
0.319 4 4.10 4.10 4.1 4.1 0.125 0.106 1.3848 1.5446 0.2727 0.0025 0.036276 -2.188077 2.0721 0 4.1800 0  15 1 -15 66 -31 74 26 7  0 1 1 1 0 20 0 12.09 
0.320 4 4.10 4.10 4.1 4.1 0.191 0.086 1.4342 1.6065 0.2741 0.0025 0.038867 -2.188096 2.0721 0 4.1800 0  32 23 -10 82 36 -33 66 23  0 1 1 1 0 20 0 12.09 
0.321 4 4.10 4.10 4.1 4.1 0.163 0.082 1.2952 1.5446 0.2753 0.0026 0.038867 -2.188104 2.0721 0 4.1800 0  81 12 16 40 34 -24 74 29  0 1 1 1 0 20 0 12.10 
0.322 4 4.10 4.10 4.1 4.1 0.137 0.041 1.4342 1.4872 0.2769 0.0026 0.038867 -2.188103 2.0721 0 4.1800 0  17 17 9 67 11 31 17 12  0 1 1 1 0 20 0 12.10 
0.323 4 4.10 4.10 4.1 4.1 0.207 0.120 1.4872 1.3386 0.2783 0.0027 0.036276 -2.188108 2.0721 0 4.1800 0  -16 18 18 36 9 -30 56 -31  0 1 1 1 0 20 0 12.10 
0.324 4 4.10 4.10 4.1 4.1 0.162 0.059 1.4872 1.5446 0.2797 0.0028 0.038867 -2.188116 2.0721 0 4.1800 0  0 23 18 75 -20 52 35 22  0 1 1 1 0 20 0 12.10 
0.325 4 4.10 4.10 4.1 4.1 0.142 0.120 1.4872 1.6065 0.2813 0.0028 0.038867 -2.188118 2.0721 0 4.1800 0  -8 49 -1 47 44 -36 34 2  0 1 1 1 0 20 0 12.10 
0.326 4 4.10 4.10 4.1 4.1 0.184 0.101 1.4872 1.4872 0.2825 0.0029 0.038867 -2.188109 2.0721 0 4.1800 0  -9 29 -20 42 30 -30 65 -22  0 1 1 1 0 20 0 12.10 
0.327 4 4.10 4.10 4.1 4.1 0.194 0.094 1.4342 1.5446 0.2839 0.0029 0.041458 -2.188105 2.0721 0 4.1800 0  -31 39 -5 11 42 -12 29 15  0 1 1 1 0 20 0 12.11 
0.328 4 4.10 4.10 4.1 4.1 0.158 0.098 1.4872 1.6065 0.2855 0.0030 0.041458 -2.188105 2.0721 0 4.1800 0  -14 62 -13 45 45 -7 34 19  0 1 1 1 0 20 0 12.10 
0.329 4 4.10 4.10 4.1 4.1 0.181 0.139 1.4342 1.6065 0.2867 0.0030 0.041458 -2.188093 2.0721 0 4.1800 0  7 -17 36 -12 58 -23 -13 66  0 1 1 1 0 20 0 12.09 
0.330 4 4.10 4.10 4.1 4.1 0.203 0.108 1.4872 1.6065 0.2883 0.0031 0.041458 -2.188080 2.0721 0 4.1800 0  75 -2 32 63 11 28 47 21  0 1 1 1 0 20 0 12.09 
0.331 4 4.10 4.10 4.1 4.1 0.173 0.105 1.4872 1.5446 0.2897 0.0032 0.044049 -2.188072 2.0721 0 4.1800 0  58 -46 38 -13 27 42 -18 5  0 1 1 1 0 20 0 12.10 
0.332 4 4.10 4.10 4.1 4.1 0.093 0.124 1.4342 1.4872 0.2911 0.0032 0.041458 -2.188071 2.0721 0 4.1800 0  42 11 32 13 29 -2 14 18  0 1 1 1 0 20 0 12.10 
0.333 4 4.10 4.10 4.1 4.1 0.210 0.105 1.4342 1.4872 0.2925 0.0033 0.044049 -2.188070 2.0721 0 4.1800 0  46 -16 12 38 43 17 56 14  0 1 1 1 0 20 0 12.09 
0.334 4 4.10 4.10 4.1 4.1 0.162 0.131 1.4342 1.5446 0.2941 0.0034 0.044049 -2.188068 2.0721 0 4.1800 0  61 -19 13 46 18 24 16 14  0 1 1 1 0 20 0 12.09 
0.335 4 4.10 4.10 4.1 4.1 0.139 0.076 1.4342 1.4342 0.2953 0.0034 0.044049 -2.188067 2.0721 0 4.1800 0  4 31 -21 41 -9 32 2 35  0 1 1 1 0 20 0 12.08 
0.336 4 4.10 4.10 4.1 4.1 0.173 0.091 1.4872 1.6065 0.2969 0.0035 0.044049 -2.188076 2.0721 0 4.1800 0  74 -33 12 55 -1 -16 29 0  0 1 1 1 0 20 0 12.10 
0.337 4 4.10 4.10 4.1 4.1 0.139 0.044 1.3848 1.5446 0.2984 0.0035 0.046640 -2.188087 2.0721 0 4.1800 0  57 -9 64 14 38 36 -26 44  0 1 1 1 0 20 0 12.09 
0.338 4 4.10 4.10 4.1 4.1 0.129 0.127 1.4342 1.6065 0.3000 0.0036 0.046640 -2.188100 2.0721 0 4.1800 0  63 -26 45 16 21 -34 39 -2  0 1 1 1 0 20 0 12.09 
0.339 4 4.10 4.10 4.1 4.1 0.193 0.088 1.4342 1.4872 0.3012 0.0037 0.046640 -2.188118 2.0721 0 4.1800 0  49 6 6 59 16 36 17 -2  0 1 1 1 0 20 0 12.10 
0.340 4 4.10 4.10 4.1 4.1 0.165 0.131 1.4872 1.4872 0.3028 0.0037 0.046640 -2.188145 2.0721 0 4.1800 0  26 8 17 -8 47 24 14 35  0 1 1 1 0 20 0 12.09 
0.341 4 4.10 4.10 4.1 4.1 0.123 0.116 1.4342 1.5446 0.3040 0.0038 0.046640 -2.188171 2.0721 0 4.1800 0  69 -4 12 57 15 18 13 24  0 1 1 1 0 20 0 12.11 
0.342 4 4.10 4.10 4.1 4.1 0.141 0.156 1.4872 1.5446 0.3056 0.0039 0.046640 -2.188184 2.0721 0 4.1800 0  -4 8 30 54 14 59 -3 66  0 1 1 1 0 20 0 12.10 
0.343 4 4.10 4.10 4.1 4.1 0.128 0.135 1.4872 1.6065 0.3070 0.0039 0.049231 -2.188196 2.0721 0 4.1800 0  29 4 -25 70 -29 58 -13 19  0 1 1 1 0 20 0 12.10 
0.344 4 4.10 4.10 4.1 4.1 0.120 0.110 1.4872 1.5446 0.3084 0.0040 0.046640 -2.188219 2.0721 0 4.1800 0  20 21 24 0 40 -23 31 -9  0 1 1 1 0 20 0 12.09 
0.345 4 4.10 4.10 4.1 4.1 0.175 0.157 1.4872 1.5446 0.3098 0.0041 0.049231 -2.188238 2.0721 0 4.1800 0  23 -35 58 16 -6 57 -25 25  0 1 1 1 0 20 0 12.10 
0.346 4 4.10 4.10 4.1 4.1 0.145 0.151 1.4872 1.5446 0.3114 0.0042 0.049231 -2.188240 2.0721 0 4.1800 0  67 -27 70 32 28 47 29 45  0 1 1 1 0 20 0 12.10 
0.347 4 4.10 4.10 4.1 4.1 0.158 0.181 1.4872 1.4342 0.3126 0.0042 0.049231 -2.188235 2.0721 0 4.1800 0  -9 8 26 4 62 18 41 -21  0 1 1 1 0 20 0 12.09 
0.348 4 4.10 4.10 4.1 4.1 0.185 0.126 1.4872 1.6065 0.3142 0.0043 0.049231 -2.188228 2.0721 0 4.1800 0  -13 29 -36 76 -6 9 37 -3  0 1 1 1 0 20 0 12.09 
0.349 4 4.10 4.10 4.1 4.1 0.144 0.159 1.4342 1.6065 0.3156 0.0044 0.051822 -2.188231 2.0721 0 4.1800 0  28 -33 33 30 4 14 -19 22  0 1 1 1 0 20 0 12.10 
0.350 4 4.10 4.10 4.1 4.1 0.133 0.116 1.5446 1.4872 0.3170 0.0044 0.049231 -2.188234 2.0721 0 4.1800 0  66 -7 15 55 35 39 19 -17  0 1 1 1 0 20 0 12.09 
0.351 4 4.10 4.10 4.1 4.1 0.177 0.181 1.4872 1.6065 0.3184 0.0045 0.051822 -2.188226 2.0721 0 4.1800 0  -3 32 7 34 43 -25 53 5  0 1 1 1 0 20 0 12.09 
0.352 4 4.10 4.10 4.1 4.1 0.224 0.133 1.4342 1.4872 0.3200 0.0046 0.051822 -2.188216 2.0721 0 4.1800 0  8 39 26 1 57 -12 6 8  0 1 1 1 0 20 0 12.08 
0.353 4 4.10 4.10 4.1 4.1 0.166 0.135 1.4872 1.4872 0.3212 0.0047 0.051822 -2.188211 2.0721 0 4.1800 0  50 -15 -16 45 0 26 14 -22  0 1 1 1 0 20 0 12.09 
0.354 4 4.10 4.10 4.1 4.1 0.191 0.111 1.4872 1.6065 0.3228 0.0047 0.051822 -2.188210 2.0721 0 4.1800 0  67 23 -13 41 -17 76 20 28  0 1 1 1 0 20 0 12.10 
0.355 4 4.10 4.10 4.1 4.1 0.127 0.140 1.4342 1.6065 0.3242 0.0048 0.054414 -2.188198 2.0721 0 4.1800 0  40 -26 54 37 28 18 24 7  0 1 1 1 0 20 0 12.10 
0.356 4 4.10 4.10 4.1 4.1 0.174 0.115 1.4872 1.5446 0.3256 0.0049 0.051822 -2.188172 2.0721 0 4.1800 0  -12 69 9 21 -5 -14 44 -7  0 1 1 1 0 20 0 12.09 
0.357 4 4.10 4.10 4.1 4.1 0.189 0.119 1.4872 1.5446 0.3270 0.0050 0.054414 -2.188156 2.0721 0 4.1800 0  18 -9 -46 45 -28 63 20 6  0 1 1 1 0 20 0 12.09 
0.358 4 4.10 4.10 4.1 4.1 0.205 0.120 1.4872 1.4872 0.3286 0.0051 0.054414 -2.188152 2.0721 0 4.1800 0  15 26 27 27 66 10 11 58  0 1 1 1 0 20 0 12.09 
0.359 4 4.10 4.10 4.1 4.1 0.199 0.107 1.4342 1.4872 0.3298 0.0051 0.054414 -2.188148 2.0721 0 4.1800 0  -32 10 -6 55 50 -13 61 18  0 1 1 1 0 20 0 12.10 
0.360 4 4.10 4.10 4.1 4.1 0.131 0.111 1.4342 1.6065 0.3314 0.0052 0.054414 -2.188144 2.0721 0 4.1800 0  42 15 10 25 26 -14 68 2  0 1 1 1 0 20 0 12.10 
0.361 4 4.10 4.10 4.1 4.1 0.167 0.101 1.4872 1.6065 0.3328 0.0053 0.057005 -2.188138 2.0721 0 4.1800 0  -11 9 18 34 28 33 -4 81  0 1 1 1 0 20 0 12.10 
0.362 4 4.10 4.10 4.1 4.1 0.165 0.105 1.4872 1.6065 0.3345 0.0054 0.057005 -2.188142 2.0721 0 4.1800 0  15 13 39 -1 70 -5 55 28  0 1 1 1 0 20 0 12.10 
0.363 4 4.10 4.10 4.1 4.1 0.120 0.067 1.4872 1.4872 0.3357 0.0054 0.057005 -2.188151 2.0721 0 4.1800 0  42 -7 55 1 10 34 18 35  0 1 1 1 0 20 0 12.09 
0.364 4 4.10 4.10 4.1 4.1 0.199 0.122 1.5446 1.6065 0.3373 0.0055 0.057005 -2.188156 2.0721 0 4.1800 0  16 9 -12 40 20 18 63 -28  0 1 1 1 0 20 0 12.10 
0.365 4 4.10 4.10 4.1 4.1 0.201 0.105 1.4872 1.4342 0.3385 0.0056 0.057005 -2.188162 2.0721 0 4.1800 0  6 15 10 26 61 -41 70 18  0 1 1 1 0 20 0 12.10 
0.366 4 4.10 4.10 4.1 4.1 0.136 0.094 1.4872 1.6065 0.3401 0.0057 0.057005 -2.188174 2.0721 0 4.1800 0  -27 -8 1 40 0 55 -13 26  0 1 1 1 0 20 0 12.10 
0.367 4 4.10 4.10 4.1 4.1 0.203 0.089 1.4342 1.6065 0.3415 0.0058 0.059596 -2.188195 2.0721 0 4.1800 0  0 6 16 -3 76 4 23 3  0 1 1 1 0 20 0 12.10 
0.368 4 4.10 4.10 4.1 4.1 0.154 0.082 1.4342 1.4872 0.3429 0.0059 0.057005 -2.188206 2.0721 0 4.1800 0  29 20 50 47 14 -8 30 7  0 1 1 1 0 20 0 12.10 
0.369 4 4.10 4.10 4.1 4.1 0.104 0.100 1.4872 1.5446 0.3443 0.0059 0.059596 -2.188205 2.0721 0 4.1800 0  -19 7 13 21 41 12 13 51  0 1 1 1 0 20 0 12.10 
0.370 4 4.10 4.10 4.1 4.1 0.196 0.121 1.4872 1.5446 0.3459 0.0060 0.059596 -2.188208 2.0721 0 4.1800 0  -24 49 -28 74 14 19 55 20  0 1 1 1 0 20 0 12.10 
0.371 4 4.10 4.10 4.1 4.1 0.188 0.136 1.4872 1.5446 0.3471 0.0061 0.059596 -2.188213 2.0721 0 4.1800 0  -31 4 14 -3 36 -29 43 33  0 1 1 1 0 20 0 12.09 
0.372 4 4.10 4.10 4.1 4.1 0.228 0.094 1.4872 1.6065 0.3487 0.0062 0.059596 -2.188212 2.0721 0 4.1800 0  19 -21 32 -13 63 -13 24 12  0 1 1 1 0 20 0 12.09 
0.373 4 4.10 4.10 4.1 4.1 0.203 0.144 1.4342 1.6065 0.3501 0.0063 0.062187 -2.188200 2.0721 0 4.1800 0  -30 57 7 36 60 -10 56 15  0 1 1 1 0 20 0 12.10 
0.374 4 4.10 4.10 4.1 4.1 0.188 0.110 1.4342 1.6065 0.3517 0.0064 0.062187 -2.188191 2.0721 0 4.1800 0  -12 4 2 44 49 -17 71 -7  0 1 1 1 0 20 0 12.10 
0.375 4 4.10 4.10 4.1 4.1 0.177 0.119 1.4342 1.6065 0.3529 0.0065 0.062187 -2.188197 2.0721 0 4.1800 0  -15 34 0 26 39 -21 67 20  0 1 1 1 0 20 0 12.09 
0.376 4 4.10 4.10 4.1 4.1 0.188 0.103 1.4342 1.5446 0.3545 0.0066 0.062187 -2.188207 2.0721 0 4.1800 0  3 14 -8 47 -22 31 16 27  0 1 1 1 0 20 0 12.10 
0.377 4 4.10 4.10 4.1 4.1 0.219 0.087 1.4872 1.5446 0.3557 0.0066 0.062187 -2.188204 2.0721 0 4.1800 0  50 -14 13 39 31 44 36 -8  0 1 1 1 0 20 0 12.09 
0.378 4 4.10 4.10 4.1 4.1 0.115 0.116 1.5446 1.6065 0.3573 0.0067 0.062187 -2.188193 2.0721 0 4.1800 0  -15 -21 24 -7 49 4 -9 62  0 1 1 1 0 20 0 12.10 
0.379 4 4.10 4.10 4.1 4.1 0.239 0.116 1.4872 1.6065 0.3589 0.0068 0.062187 -2.188184 2.0721 0 4.1800 0  -16 3 48 4 53 21 -4 51  0 1 1 1 0 20 0 12.10 
0.380 4 4.10 4.10 4.1 4.1 0.158 0.081 1.4872 1.5446 0.3601 0.0069 0.062187 -2.188183 2.0721 0 4.1800 0  62 -27 40 -22 52 5 9 1  0 1 1 1 0 20 0 12.11 
0.381 4 4.10 4.10 4.1 4.1 0.157 0.111 1.4872 1.5446 0.3617 0.0070 0.062187 -2.188174 2.0721 0 4.1800 0  -20 10 15 38 46 4 26 27  0 1 1 1 0 20 0 12.10 
0.382 4 4.10 4.10 4.1 4.1 0.171 0.115 1.4872 1.5446 0.3631 0.0071 0.064778 -2.188151 2.0721 0 4.1800 0  11 37 -18 28 14 46 14 60  0 1 1 1 0 20 0 12.11 
0.383 4 4.10 4.10 4.1 4.1 0.161 0.080 1.4872 1.5446 0.3645 0.0072 0.062187 -2.188140 2.0721 0 4.1800 0  45 -7 5 47 41 12 49 4  0 1 1 1 0 20 0 12.09 
0.384 4 4.10 4.10 4.1 4.1 0.180 0.112 1.4872 1.6065 0.3659 0.0073 0.064778 -2.188146 2.0721 0 4.1800 0  12 20 44 40 22 50 6 37  0 1 1 1 0 20 0 12.10 
0.385 4 4.10 4.10 4.1 4.1 0.158 0.120 1.4342 1.6065 0.3673 0.0074 0.067369 -2.188150 2.0721 0 4.1800 0  -31 49 -24 86 46 -10 68 -4  0 1 1 1 0 20 0 12.09 
0.386 4 4.10 4.10 4.1 4.1 0.130 0.128 1.4872 1.6065 0.3689 0.0075 0.067369 -2.188144 2.0721 0 4.1800 0  -3 66 -5 48 12 32 27 48  0 1 1 1 0 20 0 12.11 
0.387 4 4.10 4.10 4.1 4.1 0.117 0.108 1.4872 1.6065 0.3703 0.0076 0.064778 -2.188141 2.0721 0 4.1800 0  29 47 -15 65 23 34 66 11  0 1 1 1 0 20 0 12.10 
0.388 4 4.10 4.10 4.1 4.1 0.141 0.108 1.4872 1.6065 0.3717 0.0077 0.067369 -2.188149 2.0721 0 4.1800 0  20 28 72 17 8 -34 14 -8  0 1 1 1 0 20 0 12.09 
