%% logfile from robot 31
%  1    time 0.000 sec
%  2    mission (0) state 2
%  3  4 Motor velocity ref left, right: 2.10 2.10
%  5  6 Motor voltage [V] left, right: 2.1 2.1
%  7  8 Motor current left, right [A]: 0.010 0.018
%  9 10 Wheel velocity [m/s] left, right: 0.0000 0.0000
% 11 12 13 14 Pose x,y,h,tilt [m,m,rad,rad]: 0.0000 0.0000 0.000000 -2.382991
% 15 .. 34 Line sensor: left -4.180000 0, right -1.271375 0, values -10 -1 -9 6 -3 27 16 20, white 0, used 1, LEDhigh=1, xb=1 xw=0 xbc=20 xwc=0
% 34    Battery voltage [V]: 12.21
0.001 2 2.10 2.10 2.1 2.1 0.087 0.040 0.0000 0.0000 0.0000 0.0000 0.000000 -2.382990 -4.1800 0 -1.2714 0  2 11 10 18 -7 15 19 7  0 1 1 1 0 20 0 12.16 
0.002 2 2.10 2.10 2.1 2.1 0.321 0.310 0.0000 0.0000 0.0000 0.0000 0.000000 -2.382991 -4.1800 0 -1.2714 0  26 10 -2 14 12 10 10 7  0 1 1 1 0 20 0 12.13 
0.003 2 2.10 2.10 2.1 2.1 0.442 0.432 0.0000 0.0000 0.0002 0.0000 0.002591 -2.382990 -4.1800 0 -1.2714 0  20 19 22 9 16 15 12 -20  0 1 1 1 0 20 0 12.10 
0.004 2 2.10 2.10 2.1 2.1 0.480 0.490 0.0000 0.0000 0.0002 0.0000 0.002591 -2.382993 -4.1800 0 -1.2714 0  25 8 11 10 21 24 9 1  0 1 1 1 0 20 0 12.09 
0.005 2 2.10 2.10 2.1 2.1 0.500 0.496 0.0000 0.0000 0.0002 0.0000 0.002591 -2.382997 -4.1800 0 -1.2714 0  24 10 0 17 2 16 23 8  0 1 1 1 0 20 0 12.09 
0.006 2 2.10 2.10 2.1 2.1 0.493 0.504 0.0000 0.0000 0.0004 0.0000 0.000000 -2.382992 -4.1800 0 -1.2714 0  36 9 -17 16 13 19 14 -9  0 1 1 1 0 20 0 12.09 
0.007 2 2.10 2.10 2.1 2.1 0.445 0.538 0.0000 0.0988 0.0006 0.0000 0.002591 -2.382988 -4.1800 0 -1.2714 0  42 0 -9 17 7 18 11 18  0 1 1 1 0 20 0 12.09 
0.008 2 2.10 2.10 2.1 2.1 0.417 0.487 0.1651 0.0988 0.0008 0.0000 0.000000 -2.382988 -4.1800 0 -1.2714 0  7 4 11 1 17 9 10 -5  0 1 1 1 0 20 0 12.10 
0.009 2 2.10 2.10 2.1 2.1 0.428 0.476 0.1651 0.1490 0.0010 0.0000 0.002591 -2.382981 -4.1800 0 -1.2714 0  34 19 1 6 10 8 16 -4  0 1 1 1 0 20 0 12.10 
0.010 2 2.10 2.10 2.1 2.1 0.466 0.464 0.2145 0.1490 0.0012 0.0000 0.000000 -2.382975 -4.1800 0 -1.2714 0  28 6 5 13 19 25 23 3  0 1 1 1 0 20 0 12.10 
0.011 2 2.10 2.10 2.1 2.1 0.431 0.464 0.2145 0.2390 0.0014 0.0000 0.002591 -2.382973 -4.1800 0 -1.2714 0  25 18 -10 21 13 7 23 0  0 1 1 1 0 20 0 12.10 
0.012 2 2.10 2.10 2.1 2.1 0.396 0.416 0.2574 0.2390 0.0016 0.0000 0.000000 -2.382972 -4.1800 0 -1.2714 0  9 7 26 14 21 12 4 15  0 1 1 1 0 20 0 12.10 
0.013 2 2.10 2.10 2.1 2.1 0.364 0.425 0.2639 0.2538 0.0020 0.0000 0.000000 -2.382974 -4.1800 0 -1.2714 0  6 4 -13 20 9 3 2 11  0 1 1 1 0 20 0 12.11 
0.014 2 2.10 2.10 2.1 2.1 0.390 0.415 0.2639 0.2972 0.0022 0.0000 0.002591 -2.382978 -4.1800 0 -1.2714 0  0 16 2 7 4 -3 17 0  0 1 1 1 0 20 0 12.11 
0.015 2 2.10 2.10 2.1 2.1 0.411 0.359 0.3113 0.2827 0.0024 0.0000 0.000000 -2.382984 -4.1800 0 -1.2714 0  35 28 -26 10 5 20 18 2  0 1 1 1 0 20 0 12.12 
0.016 2 2.10 2.10 2.1 2.1 0.373 0.386 0.3137 0.2695 0.0028 0.0000 0.000000 -2.382986 -4.1800 0 -1.2714 0  -6 15 -15 16 14 -1 11 23  0 1 1 1 0 20 0 12.11 
0.017 2 2.10 2.10 2.1 2.1 0.330 0.352 0.3402 0.3522 0.0032 0.0000 0.000000 -2.382992 -4.1800 0 -1.2714 0  17 21 -16 18 13 18 11 5  0 1 1 1 0 20 0 12.12 
0.018 2 2.10 2.10 2.1 2.1 0.314 0.363 0.3317 0.3237 0.0036 0.0000 0.000000 -2.383009 -4.1800 0 -1.2714 0  39 -4 -7 10 15 10 2 -2  0 1 1 1 0 20 0 12.12 
0.019 2 2.10 2.10 2.1 2.1 0.283 0.321 0.3715 0.3976 0.0040 0.0000 0.000000 -2.383028 -4.1800 0 -1.2714 0  27 7 -1 14 -5 21 24 6  0 1 1 1 0 20 0 12.11 
0.020 2 2.10 2.10 2.1 2.1 0.280 0.341 0.3715 0.3462 0.0042 0.0000 0.002591 -2.383044 -4.1800 0 -1.2714 0  7 8 -12 20 -2 26 25 -8  0 1 1 1 0 20 0 12.12 
0.021 2 2.10 2.10 2.1 2.1 0.315 0.306 0.3715 0.3823 0.0048 0.0000 0.000000 -2.383052 -4.1800 0 -1.2714 0  37 25 -9 3 12 17 18 -8  0 1 1 1 0 20 0 12.13 
0.022 2 2.10 2.10 2.1 2.1 0.363 0.291 0.4016 0.3860 0.0050 0.0000 0.002591 -2.383057 -4.1800 0 -1.2714 0  -11 18 -14 24 29 -4 20 26  0 1 1 1 0 20 0 12.12 
0.023 2 2.10 2.10 2.1 2.1 0.356 0.318 0.3787 0.4137 0.0056 0.0000 0.000000 -2.383062 -4.1800 0 -1.2714 0  30 17 -10 13 0 39 13 -14  0 1 1 1 0 20 0 12.13 
0.024 2 2.10 2.10 2.1 2.1 0.268 0.262 0.4181 0.3751 0.0060 0.0000 0.000000 -2.383065 -4.1800 0 -1.2714 0  -2 22 -5 11 -4 19 12 19  0 1 1 1 0 20 0 12.11 
0.025 2 2.10 2.10 2.1 2.1 0.236 0.295 0.4317 0.4181 0.0064 0.0000 0.000000 -2.383072 -4.1800 0 -1.2714 0  46 33 14 20 -1 25 15 -6  0 1 1 1 0 20 0 12.11 
0.026 2 2.10 2.10 2.1 2.1 0.244 0.264 0.4016 0.4317 0.0068 0.0000 0.000000 -2.383080 -4.1800 0 -1.2714 0  6 1 -2 14 8 3 17 8  0 1 1 1 0 20 0 12.12 
0.027 2 2.10 2.10 2.1 2.1 0.255 0.302 0.4317 0.4667 0.0072 0.0000 0.000000 -2.383092 -4.1800 0 -1.2714 0  23 9 -10 7 7 17 3 -16  0 1 1 1 0 20 0 12.13 
0.028 2 2.10 2.10 2.1 2.1 0.286 0.262 0.4362 0.4779 0.0078 0.0000 0.002591 -2.383101 -4.1800 0 -1.2714 0  -2 16 -18 5 10 8 9 24  0 1 1 1 0 20 0 12.13 
0.029 2 2.10 2.10 2.1 2.1 0.245 0.245 0.4615 0.4779 0.0082 0.0000 0.002591 -2.383097 -4.1800 0 -1.2714 0  43 28 -2 14 28 18 16 22  0 1 1 1 0 20 0 12.13 
0.030 2 2.10 2.10 2.1 2.1 0.272 0.240 0.4836 0.5020 0.0086 0.0000 0.002591 -2.383087 -4.1800 0 -1.2714 0  19 18 -24 5 10 17 2 -31  0 1 1 1 0 20 0 12.14 
0.031 2 2.10 2.10 2.1 2.1 0.292 0.204 0.4779 0.4723 0.0092 0.0000 0.000000 -2.383086 -4.1800 0 -1.2714 0  25 9 -6 18 5 -14 6 28  0 1 1 1 0 20 0 12.14 
0.032 2 2.10 2.10 2.1 2.1 0.206 0.217 0.4956 0.5081 0.0098 0.0000 0.002591 -2.383096 -4.1800 0 -1.2714 0  -10 9 6 4 6 -20 0 0  0 1 1 1 0 20 0 12.13 
0.033 2 2.10 2.10 2.1 2.1 0.213 0.192 0.4896 0.5354 0.0102 0.0000 0.002591 -2.383105 -4.1800 0 -1.2714 0  59 45 -7 33 23 27 20 -5  0 1 1 1 0 20 0 12.14 
0.034 2 2.10 2.10 2.1 2.1 0.249 0.293 0.5081 0.4779 0.0106 0.0000 0.002591 -2.383112 -4.1800 0 -1.2714 0  45 6 -22 13 10 17 25 6  0 1 1 1 0 20 0 12.14 
0.035 2 2.10 2.10 2.1 2.1 0.264 0.211 0.5149 0.5426 0.0114 0.0000 0.002591 -2.383123 -4.1800 0 -1.2714 0  38 22 -19 11 10 20 10 12  0 1 1 1 0 20 0 12.14 
0.036 2 2.10 2.10 2.1 2.1 0.237 0.238 0.5149 0.5655 0.0118 0.0000 0.002591 -2.383143 -4.1800 0 -1.2714 0  -5 6 -19 3 -2 -12 -7 8  0 1 1 1 0 20 0 12.14 
0.037 2 2.10 2.10 2.1 2.1 0.165 0.222 0.5354 0.5020 0.0122 0.0000 0.002591 -2.383168 -4.1800 0 -1.2714 0  52 37 38 19 28 48 42 1  0 1 1 1 0 20 0 12.15 
0.038 2 2.10 2.10 2.1 2.1 0.159 0.172 0.5426 0.5213 0.0129 0.0000 0.000000 -2.383198 -4.1800 0 -1.2714 0  -30 6 23 14 2 41 4 21  0 1 1 1 0 20 0 12.15 
0.039 2 2.10 2.10 2.1 2.1 0.191 0.237 0.5281 0.5655 0.0135 0.0000 0.002591 -2.383237 -4.1800 0 -1.2714 0  38 4 25 3 -8 -17 19 41  0 1 1 1 0 20 0 12.14 
0.040 2 2.10 2.10 2.1 2.1 0.215 0.190 0.5426 0.5575 0.0139 0.0000 0.002591 -2.383273 -4.1800 0 -1.2714 0  -21 11 -7 10 -6 -8 -13 21  0 1 1 1 0 20 0 12.14 
0.041 2 2.10 2.10 2.1 2.1 0.189 0.196 0.5575 0.5820 0.0147 0.0000 0.002591 -2.383313 -4.1800 0 -1.2714 0  39 23 14 23 9 15 24 67  0 1 1 1 0 20 0 12.13 
0.042 2 2.10 2.10 2.1 2.1 0.183 0.184 0.5281 0.6085 0.0151 0.0000 0.002591 -2.383357 -4.1800 0 -1.2714 0  19 26 45 21 9 34 13 3  0 1 1 1 0 20 0 12.15 
0.043 2 2.10 2.10 2.1 2.1 0.177 0.131 0.5498 0.5992 0.0157 0.0000 0.005182 -2.383397 -4.1800 0 -1.2714 0  27 12 -12 16 9 6 11 27  0 1 1 1 0 20 0 12.15 
0.044 2 2.10 2.10 2.1 2.1 0.174 0.197 0.5820 0.5354 0.0163 0.0000 0.002591 -2.383430 -4.1800 0 -1.2714 0  -12 7 -20 15 5 1 0 20  0 1 1 1 0 20 0 12.14 
0.045 2 2.10 2.10 2.1 2.1 0.252 0.152 0.5498 0.5904 0.0169 0.0000 0.005182 -2.383459 -4.1800 0 -1.2714 0  47 20 -14 9 6 26 7 -23  0 1 1 1 0 20 0 12.15 
0.046 2 2.10 2.10 2.1 2.1 0.238 0.174 0.5992 0.6177 0.0175 0.0000 0.002591 -2.383490 -4.1800 0 -1.2714 0  52 9 -4 16 0 13 8 12  0 1 1 1 0 20 0 12.16 
0.047 2 2.10 2.10 2.1 2.1 0.173 0.187 0.5992 0.6177 0.0181 0.0000 0.005182 -2.383519 -4.1800 0 -1.2714 0  64 10 -13 25 8 9 18 47  0 1 1 1 0 20 0 12.15 
0.048 2 2.10 2.10 2.1 2.1 0.154 0.126 0.5735 0.5904 0.0187 0.0000 0.002591 -2.383538 -4.1800 0 -1.2714 0  4 22 2 0 8 29 -1 14  0 1 1 1 0 20 0 12.16 
0.049 2 2.10 2.10 2.1 2.1 0.144 0.189 0.5655 0.6177 0.0193 0.0000 0.005182 -2.383549 -4.1800 0 -1.2714 0  -15 13 -14 26 33 5 25 9  0 1 1 1 0 20 0 12.15 
0.050 2 2.10 2.10 2.1 2.1 0.169 0.149 0.6273 0.6474 0.0199 0.0000 0.002591 -2.383553 -4.1800 0 -1.2714 0  -3 13 -23 11 4 -10 13 3  0 1 1 1 0 20 0 12.15 
0.051 2 2.10 2.10 2.1 2.1 0.206 0.204 0.6177 0.6273 0.0205 0.0000 0.005182 -2.383548 -4.1800 0 -1.2714 0  41 16 -14 11 3 35 29 -11  0 1 1 1 0 20 0 12.15 
0.052 2 2.10 2.10 2.1 2.1 0.165 0.174 0.6177 0.6374 0.0211 0.0000 0.002591 -2.383533 -4.1800 0 -1.2714 0  -20 2 -15 13 23 -1 9 22  0 1 1 1 0 20 0 12.16 
0.053 2 2.10 2.10 2.1 2.1 0.195 0.146 0.5904 0.6085 0.0217 0.0000 0.005182 -2.383509 -4.1800 0 -1.2714 0  29 25 -23 2 15 25 9 -8  0 1 1 1 0 20 0 12.15 
0.054 2 2.10 2.10 2.1 2.1 0.162 0.135 0.6085 0.6474 0.0223 0.0000 0.002591 -2.383478 -4.1800 0 -1.2714 0  10 2 -15 12 0 5 16 1  0 1 1 1 0 20 0 12.15 
0.055 2 2.10 2.10 2.1 2.1 0.143 0.138 0.6177 0.6583 0.0229 0.0001 0.005182 -2.383436 -4.1800 0 -1.2714 0  -12 12 -5 6 14 -3 9 31  0 1 1 1 0 20 0 12.16 
0.056 2 2.10 2.10 2.1 2.1 0.165 0.135 0.6177 0.6583 0.0237 0.0001 0.005182 -2.383391 -4.1800 0 -1.2714 0  -24 22 38 -4 15 -19 12 21  0 1 1 1 0 20 0 12.16 
0.057 2 2.10 2.10 2.1 2.1 0.181 0.108 0.6177 0.6374 0.0241 0.0001 0.005182 -2.383350 -4.1800 0 -1.2714 0  35 16 -16 22 7 5 14 45  0 1 1 1 0 20 0 12.15 
0.058 2 2.10 2.10 2.1 2.1 0.167 0.143 0.6085 0.6177 0.0249 0.0001 0.005182 -2.383307 -4.1800 0 -1.2714 0  -1 23 8 8 -11 11 17 35  0 1 1 1 0 20 0 12.15 
0.059 2 2.10 2.10 2.1 2.1 0.155 0.096 0.6273 0.6583 0.0253 0.0001 0.005182 -2.383261 -4.1800 0 -1.2714 0  14 12 -15 14 14 31 15 -29  0 1 1 1 0 20 0 12.16 
0.060 2 2.10 2.10 2.1 2.1 0.154 0.134 0.6474 0.6804 0.0261 0.0001 0.005182 -2.383210 -4.1800 0 -1.2714 0  -13 5 -7 14 12 3 13 25  0 1 1 1 0 20 0 12.15 
0.061 2 2.10 2.10 2.1 2.1 0.150 0.192 0.6085 0.6804 0.0267 0.0001 0.007773 -2.383157 -4.1800 0 -1.2714 0  36 14 14 16 -19 13 10 3  0 1 1 1 0 20 0 12.14 
0.062 2 2.10 2.10 2.1 2.1 0.181 0.124 0.6177 0.6691 0.0273 0.0001 0.005182 -2.383104 -4.1800 0 -1.2714 0  47 -1 -13 17 9 26 11 -21  0 1 1 1 0 20 0 12.15 
0.063 2 2.10 2.10 2.1 2.1 0.152 0.144 0.6374 0.6374 0.0279 0.0001 0.007773 -2.383053 -4.1800 0 -1.2714 0  65 30 24 10 12 27 15 -9  0 1 1 1 0 20 0 12.16 
0.064 2 2.10 2.10 2.1 2.1 0.203 0.091 0.6583 0.6804 0.0287 0.0001 0.007773 -2.383007 -4.1800 0 -1.2714 0  -14 10 -11 20 15 18 -3 28  0 1 1 1 0 20 0 12.15 
0.065 2 2.10 2.10 2.1 2.1 0.124 0.127 0.6474 0.7044 0.0293 0.0001 0.005182 -2.382962 -4.1800 0 -1.2714 0  56 26 13 24 17 27 15 -21  0 1 1 1 0 20 0 12.16 
0.066 2 2.10 2.10 2.1 2.1 0.112 0.086 0.6374 0.6804 0.0299 0.0001 0.007773 -2.382922 -4.1800 0 -1.2714 0  46 11 -18 19 17 29 10 -17  0 1 1 1 0 20 0 12.16 
0.067 2 2.10 2.10 2.1 2.1 0.138 0.124 0.6273 0.7169 0.0307 0.0001 0.007773 -2.382897 -4.1800 0 -1.2714 0  49 4 11 16 -15 25 13 -14  0 1 1 1 0 20 0 12.15 
0.068 2 2.10 2.10 2.1 2.1 0.205 0.105 0.6474 0.6374 0.0311 0.0001 0.007773 -2.382889 -4.1800 0 -1.2714 0  2 17 5 14 6 15 16 9  0 1 1 1 0 20 0 12.16 
0.069 2 2.10 2.10 2.1 2.1 0.195 0.094 0.6583 0.6583 0.0319 0.0001 0.007773 -2.382890 -4.1800 0 -1.2714 0  36 21 -15 9 9 31 12 -17  0 1 1 1 0 20 0 12.15 
0.070 2 2.10 2.10 2.1 2.1 0.086 0.149 0.6583 0.6804 0.0327 0.0001 0.007773 -2.382903 -4.1800 0 -1.2714 0  49 18 1 26 19 43 10 -12  0 1 1 1 0 20 0 12.16 
0.071 2 2.10 2.10 2.1 2.1 0.099 0.083 0.6374 0.6924 0.0333 0.0001 0.010364 -2.382935 -4.1800 0 -1.2714 0  9 9 -16 9 3 12 19 42  0 1 1 1 0 20 0 12.16 
0.072 2 2.10 2.10 2.1 2.1 0.118 0.124 0.6583 0.7302 0.0339 0.0001 0.007773 -2.382976 -4.1800 0 -1.2714 0  -2 17 -9 14 8 8 11 2  0 1 1 1 0 20 0 12.16 
0.073 2 2.10 2.10 2.1 2.1 0.152 0.073 0.6583 0.7044 0.0345 0.0001 0.010364 -2.383020 -4.1800 0 -1.2714 0  -28 14 -5 11 3 25 2 -22  0 1 1 1 0 20 0 12.16 
0.074 2 2.10 2.10 2.1 2.1 0.167 0.078 0.6474 0.6924 0.0353 0.0001 0.010364 -2.383071 -4.1800 0 -1.2714 0  38 25 44 35 18 5 24 31  0 1 1 1 0 20 0 12.16 
0.075 2 2.10 2.10 2.1 2.1 0.154 0.117 0.6804 0.6924 0.0359 0.0001 0.007773 -2.383128 -4.1800 0 -1.2714 0  -1 31 35 12 17 -8 -2 41  0 1 1 1 0 20 0 12.16 
0.076 2 2.10 2.10 2.1 2.1 0.130 0.077 0.6374 0.6804 0.0365 0.0002 0.010364 -2.383192 -4.1800 0 -1.2714 0  -2 18 -6 7 6 16 13 -4  0 1 1 1 0 20 0 12.16 
0.077 2 2.10 2.10 2.1 2.1 0.070 0.143 0.6804 0.6804 0.0374 0.0002 0.010364 -2.383267 -4.1800 0 -1.2714 0  37 17 -35 0 -11 26 3 -13  0 1 1 1 0 20 0 12.17 
0.078 2 2.10 2.10 2.1 2.1 0.107 0.055 0.6273 0.7044 0.0382 0.0002 0.010364 -2.383349 -4.1800 0 -1.2714 0  22 24 -8 22 29 30 19 12  0 1 1 1 0 20 0 12.16 
0.079 2 2.10 2.10 2.1 2.1 0.169 0.107 0.6583 0.7302 0.0386 0.0002 0.010364 -2.383428 -4.1800 0 -1.2714 0  40 9 -25 8 10 24 4 -25  0 1 1 1 0 20 0 12.16 
0.080 2 2.10 2.10 2.1 2.1 0.174 0.145 0.6691 0.7169 0.0394 0.0002 0.010364 -2.383504 -4.1800 0 -1.2714 0  15 17 37 5 13 -12 15 49  0 1 1 1 0 20 0 12.16 
0.081 2 2.10 2.10 2.1 2.1 0.123 0.090 0.6924 0.7434 0.0402 0.0002 0.010364 -2.383579 -4.1800 0 -1.2714 0  42 6 -28 2 17 0 -3 -11  0 1 1 1 0 20 0 12.15 
0.082 2 2.10 2.10 2.1 2.1 0.074 0.119 0.6924 0.7302 0.0408 0.0002 0.012956 -2.383641 -4.1800 0 -1.2714 0  86 26 32 26 19 44 39 4  0 1 1 1 0 20 0 12.16 
0.083 2 2.10 2.10 2.1 2.1 0.102 0.059 0.6583 0.6924 0.0414 0.0002 0.010364 -2.383699 -4.1800 0 -1.2714 0  47 15 -10 7 14 30 0 -31  0 1 1 1 0 20 0 12.16 
0.084 2 2.10 2.10 2.1 2.1 0.158 0.096 0.6691 0.6924 0.0422 0.0002 0.010364 -2.383756 -4.1800 0 -1.2714 0  2 6 7 15 6 22 9 -21  0 1 1 1 0 20 0 12.16 
0.085 2 2.10 2.10 2.1 2.1 0.186 0.120 0.6804 0.7044 0.0428 0.0002 0.012956 -2.383804 -4.1800 0 -1.2714 0  19 26 29 3 -4 6 -1 38  0 1 1 1 0 20 0 12.16 
0.086 2 2.10 2.10 2.1 2.1 0.123 0.070 0.6804 0.6804 0.0436 0.0002 0.012956 -2.383846 -4.1800 0 -1.2714 0  10 31 -19 14 12 9 37 69  0 1 1 1 0 20 0 12.16 
0.087 2 2.10 2.10 2.1 2.1 0.112 0.104 0.6924 0.7302 0.0442 0.0002 0.010364 -2.383878 -4.1800 0 -1.2714 0  47 8 -14 12 12 22 20 -18  0 1 1 1 0 20 0 12.16 
0.088 2 2.10 2.10 2.1 2.1 0.101 0.116 0.6691 0.7575 0.0448 0.0002 0.012956 -2.383900 -4.1800 0 -1.2714 0  -22 10 -22 5 4 -16 10 43  0 1 1 1 0 20 0 12.16 
0.089 2 2.10 2.10 2.1 2.1 0.083 0.081 0.6924 0.7434 0.0456 0.0003 0.012956 -2.383910 -4.1800 0 -1.2714 0  46 18 -26 13 -3 17 21 48  0 1 1 1 0 20 0 12.15 
0.090 2 2.10 2.10 2.1 2.1 0.127 0.112 0.6583 0.7575 0.0464 0.0003 0.012956 -2.383918 -4.1800 0 -1.2714 0  -4 15 -29 8 4 13 21 61  0 1 1 1 0 20 0 12.16 
0.091 2 2.10 2.10 2.1 2.1 0.163 0.063 0.6804 0.7302 0.0470 0.0003 0.015547 -2.383920 -4.1800 0 -1.2714 0  -3 10 7 17 5 11 12 41  0 1 1 1 0 20 0 12.16 
0.092 2 2.10 2.10 2.1 2.1 0.132 0.070 0.6924 0.7575 0.0478 0.0003 0.015547 -2.383908 -4.1800 0 -1.2714 0  7 7 -5 12 18 -3 14 18  0 1 1 1 0 20 0 12.17 
0.093 2 2.10 2.10 2.1 2.1 0.103 0.124 0.7044 0.6691 0.0484 0.0003 0.012956 -2.383888 -4.1800 0 -1.2714 0  55 16 -28 2 8 8 5 30  0 1 1 1 0 20 0 12.16 
0.094 2 2.10 2.10 2.1 2.1 0.144 0.097 0.6924 0.7434 0.0492 0.0003 0.012956 -2.383864 -4.1800 0 -1.2714 0  76 14 27 12 12 2 6 27  0 1 1 1 0 20 0 12.17 
0.095 2 2.10 2.10 2.1 2.1 0.124 0.115 0.6804 0.6804 0.0498 0.0003 0.015547 -2.383834 -4.1800 0 -1.2714 0  -6 28 28 14 2 29 11 -1  0 1 1 1 0 20 0 12.17 
0.096 2 2.10 2.10 2.1 2.1 0.141 0.036 0.6691 0.6924 0.0506 0.0003 0.015547 -2.383794 -4.1800 0 -1.2714 0  26 21 32 18 10 -15 12 39  0 1 1 1 0 20 0 12.18 
0.097 2 2.10 2.10 2.1 2.1 0.120 0.123 0.6804 0.7434 0.0512 0.0003 0.012956 -2.383747 -4.1800 0 -1.2714 0  43 -1 -23 13 14 -20 10 8  0 1 1 1 0 20 0 12.16 
0.098 2 2.10 2.10 2.1 2.1 0.132 0.076 0.6924 0.7575 0.0518 0.0003 0.015547 -2.383695 -4.1800 0 -1.2714 0  55 14 -9 5 6 26 9 48  0 1 1 1 0 20 0 12.17 
0.099 2 2.10 2.10 2.1 2.1 0.067 0.082 0.6924 0.7723 0.0526 0.0004 0.015547 -2.383644 -4.1800 0 -1.2714 0  -17 -1 15 18 -3 31 9 2  0 1 1 1 0 20 0 12.16 
0.100 2 2.10 2.10 2.1 2.1 0.056 0.097 0.6924 0.7575 0.0534 0.0004 0.015547 -2.383600 -4.1800 0 -1.2714 0  -8 12 -3 12 10 -10 1 34  0 1 1 1 0 20 0 12.17 
0.101 2 2.10 2.10 2.1 2.1 0.087 0.006 0.6924 0.7302 0.0540 0.0004 0.018138 -2.383559 -4.1800 0 -1.2714 0  68 19 17 13 10 11 6 36  0 1 1 1 0 20 0 12.16 
0.102 2 2.10 2.10 2.1 2.1 0.147 0.080 0.6583 0.7575 0.0548 0.0004 0.018138 -2.383511 -4.1800 0 -1.2714 0  78 21 30 5 10 -9 0 40  0 1 1 1 0 20 0 12.17 
0.103 2 2.10 2.10 2.1 2.1 0.169 0.106 0.7169 0.7169 0.0554 0.0004 0.015547 -2.383458 -4.1800 0 -1.2714 0  22 35 35 12 4 13 22 15  0 1 1 1 0 20 0 12.16 
0.104 2 2.10 2.10 2.1 2.1 0.137 0.082 0.6691 0.7169 0.0562 0.0004 0.015547 -2.383412 -4.1800 0 -1.2714 0  23 26 36 17 24 -11 15 33  0 1 1 1 0 20 0 12.17 
0.105 2 2.10 2.10 2.1 2.1 0.044 0.109 0.6924 0.7434 0.0568 0.0004 0.018138 -2.383368 -4.1800 0 -1.2714 0  57 8 -17 17 20 -19 8 40  0 1 1 1 0 20 0 12.16 
0.106 2 2.10 2.10 2.1 2.1 0.101 0.089 0.7169 0.6924 0.0576 0.0004 0.018138 -2.383325 -4.1800 0 -1.2714 0  33 26 -38 12 -3 68 23 12  0 1 1 1 0 20 0 12.17 
0.107 2 2.10 2.10 2.1 2.1 0.154 0.097 0.6804 0.7575 0.0584 0.0005 0.018138 -2.383286 -4.1800 0 -1.2714 0  40 9 -19 23 5 -8 7 30  0 1 1 1 0 20 0 12.16 
0.108 2 2.10 2.10 2.1 2.1 0.161 0.129 0.6691 0.7044 0.0588 0.0005 0.018138 -2.383253 -4.1800 0 -1.2714 0  -3 12 4 28 24 -8 10 33  0 1 1 1 0 20 0 12.16 
0.109 2 2.10 2.10 2.1 2.1 0.142 0.082 0.7302 0.7575 0.0596 0.0005 0.018138 -2.383225 -4.1800 0 -1.2714 0  56 17 33 7 14 20 12 -6  0 1 1 1 0 20 0 12.17 
0.110 2 2.10 2.10 2.1 2.1 0.099 0.121 0.7169 0.7723 0.0604 0.0005 0.018138 -2.383207 -4.1800 0 -1.2714 0  75 22 17 20 7 10 8 32  0 1 1 1 0 20 0 12.16 
0.111 2 2.10 2.10 2.1 2.1 0.059 0.124 0.6924 0.7575 0.0612 0.0005 0.018138 -2.383194 -4.1800 0 -1.2714 0  9 30 1 7 9 -6 4 34  0 1 1 1 0 20 0 12.15 
0.112 2 2.10 2.10 2.1 2.1 0.110 0.106 0.7044 0.7723 0.0618 0.0005 0.020729 -2.383187 -4.1800 0 -1.2714 0  -20 12 1 6 9 -8 3 21  0 1 1 1 0 20 0 12.15 
0.113 2 2.10 2.10 2.1 2.1 0.160 0.101 0.7044 0.7575 0.0626 0.0005 0.020729 -2.383193 -4.1800 0 -1.2714 0  81 16 31 22 6 -15 10 33  0 1 1 1 0 20 0 12.16 
0.114 2 2.10 2.10 2.1 2.1 0.159 0.074 0.7044 0.7723 0.0635 0.0005 0.020729 -2.383209 -4.1800 0 -1.2714 0  27 3 -46 6 7 -5 7 29  0 1 1 1 0 20 0 12.16 
0.115 2 2.10 2.10 2.1 2.1 0.084 0.150 0.7169 0.7169 0.0641 0.0006 0.018138 -2.383222 -4.1800 0 -1.2714 0  0 34 -2 22 13 39 27 49  0 1 1 1 0 20 0 12.15 
0.116 2 2.10 2.10 2.1 2.1 0.123 0.121 0.6804 0.7434 0.0647 0.0006 0.020729 -2.383234 -4.1800 0 -1.2714 0  20 18 13 14 5 5 11 33  0 1 1 1 0 20 0 12.16 
0.117 2 2.10 2.10 2.1 2.1 0.094 0.086 0.7044 0.7169 0.0655 0.0006 0.020729 -2.383250 -4.1800 0 -1.2714 0  79 26 22 20 14 -18 13 34  0 1 1 1 0 20 0 12.16 
0.118 2 2.10 2.10 2.1 2.1 0.160 0.083 0.6804 0.7434 0.0663 0.0006 0.020729 -2.383267 -4.1800 0 -1.2714 0  15 -1 -31 -2 15 1 -14 -16  0 1 1 1 0 20 0 12.16 
0.119 2 2.10 2.10 2.1 2.1 0.110 0.073 0.6924 0.6924 0.0669 0.0006 0.023320 -2.383284 -4.1800 0 -1.2714 0  62 26 20 14 20 10 1 20  0 1 1 1 0 20 0 12.17 
0.120 2 2.10 2.10 2.1 2.1 0.123 0.109 0.7044 0.7575 0.0677 0.0006 0.023320 -2.383299 -4.1800 0 -1.2714 0  -19 18 -9 15 18 -10 2 30  0 1 1 1 0 20 0 12.16 
0.121 2 2.10 2.10 2.1 2.1 0.109 0.068 0.7169 0.7723 0.0683 0.0007 0.020729 -2.383320 -4.1800 0 -1.2714 0  26 21 -21 19 7 44 1 2  0 1 1 1 0 20 0 12.16 
0.122 2 2.10 2.10 2.1 2.1 0.108 0.065 0.7044 0.7434 0.0691 0.0007 0.020729 -2.383346 -4.1800 0 -1.2714 0  -24 0 -3 1 -2 16 6 -33  0 1 1 1 0 20 0 12.16 
0.123 2 2.10 2.10 2.1 2.1 0.089 0.086 0.6924 0.7302 0.0697 0.0007 0.023320 -2.383363 -4.1800 0 -1.2714 0  -14 25 2 18 27 6 29 34  0 1 1 1 0 20 0 12.17 
0.124 2 2.10 2.10 2.1 2.1 0.135 0.089 0.6804 0.7723 0.0705 0.0007 0.023320 -2.383375 -4.1800 0 -1.2714 0  11 26 19 15 29 -12 17 37  0 1 1 1 0 20 0 12.16 
0.125 2 2.10 2.10 2.1 2.1 0.177 0.125 0.6924 0.7872 0.0713 0.0007 0.023320 -2.383393 -4.1800 0 -1.2714 0  53 7 -26 24 6 18 14 -19  0 1 1 1 0 20 0 12.15 
0.126 2 2.10 2.10 2.1 2.1 0.123 0.044 0.6924 0.7723 0.0721 0.0007 0.023320 -2.383415 -4.1800 0 -1.2714 0  80 5 5 -7 -3 29 11 -20  0 1 1 1 0 20 0 12.16 
0.127 2 2.10 2.10 2.1 2.1 0.062 0.068 0.7044 0.6804 0.0725 0.0007 0.023320 -2.383436 -4.1800 0 -1.2714 0  66 32 33 19 32 51 31 -2  0 1 1 1 0 20 0 12.15 
0.128 2 2.10 2.10 2.1 2.1 0.094 0.097 0.7044 0.7434 0.0733 0.0008 0.023320 -2.383443 -4.1800 0 -1.2714 0  -1 7 -15 1 -5 -5 -7 29  0 1 1 1 0 20 0 12.15 
0.129 2 2.10 2.10 2.1 2.1 0.085 0.078 0.7169 0.7169 0.0741 0.0008 0.023320 -2.383440 -4.1800 0 -1.2714 0  57 23 30 23 14 15 17 40  0 1 1 1 0 20 0 12.16 
0.130 2 2.10 2.10 2.1 2.1 0.134 0.111 0.6691 0.7169 0.0747 0.0008 0.025911 -2.383446 -4.1800 0 -1.2714 0  36 16 31 -2 1 -12 5 28  0 1 1 1 0 20 0 12.17 
0.131 2 2.10 2.10 2.1 2.1 0.148 0.044 0.7302 0.7434 0.0755 0.0008 0.025911 -2.383458 -4.1800 0 -1.2714 0  51 16 -13 15 12 23 8 14  0 1 1 1 0 20 0 12.16 
0.132 2 2.10 2.10 2.1 2.1 0.143 0.082 0.6804 0.6374 0.0761 0.0008 0.023320 -2.383470 -4.1800 0 -1.2714 0  -3 9 -5 0 12 6 12 5  0 1 1 1 0 20 0 12.16 
0.133 2 2.10 2.10 2.1 2.1 0.094 0.139 0.7302 0.7434 0.0769 0.0009 0.023320 -2.383481 -4.1800 0 -1.2714 0  25 26 31 20 -2 6 15 42  0 1 1 1 0 20 0 12.16 
0.134 2 2.10 2.10 2.1 2.1 0.060 0.060 0.7044 0.7872 0.0775 0.0009 0.025911 -2.383497 -4.1800 0 -1.2714 0  42 0 -23 14 11 -12 6 32  0 1 1 1 0 20 0 12.16 
0.135 2 2.10 2.10 2.1 2.1 0.098 0.108 0.6924 0.7723 0.0783 0.0009 0.025911 -2.383514 -4.1800 0 -1.2714 0  50 13 -18 11 11 46 20 -28  0 1 1 1 0 20 0 12.17 
0.136 2 2.10 2.10 2.1 2.1 0.127 0.048 0.7044 0.7723 0.0791 0.0009 0.025911 -2.383519 -4.1800 0 -1.2714 0  1 26 -7 3 10 -17 26 18  0 1 1 1 0 20 0 12.16 
0.137 2 2.10 2.10 2.1 2.1 0.170 0.087 0.7302 0.7575 0.0799 0.0009 0.025911 -2.383513 -4.1800 0 -1.2714 0  22 8 -21 1 10 33 7 -21  0 1 1 1 0 20 0 12.17 
0.138 2 2.10 2.10 2.1 2.1 0.138 0.122 0.7169 0.7723 0.0805 0.0009 0.028502 -2.383503 -4.1800 0 -1.2714 0  41 12 -21 8 2 12 14 56  0 1 1 1 0 20 0 12.17 
0.139 2 2.10 2.10 2.1 2.1 0.092 0.081 0.6924 0.7169 0.0813 0.0010 0.028502 -2.383499 -4.1800 0 -1.2714 0  45 17 21 15 10 17 15 39  0 1 1 1 0 20 0 12.17 
0.140 2 2.10 2.10 2.1 2.1 0.115 0.104 0.7044 0.7434 0.0819 0.0010 0.025911 -2.383500 -4.1800 0 -1.2714 0  70 9 5 15 0 21 -5 -10  0 1 1 1 0 20 0 12.16 
0.141 2 2.10 2.10 2.1 2.1 0.114 0.091 0.6924 0.7169 0.0827 0.0010 0.025911 -2.383496 -4.1800 0 -1.2714 0  -19 3 6 11 11 30 9 -23  0 1 1 1 0 20 0 12.16 
0.142 2 2.10 2.10 2.1 2.1 0.097 0.086 0.7169 0.7575 0.0833 0.0010 0.028502 -2.383488 -4.1800 0 -1.2714 0  -23 6 -3 15 5 2 0 28  0 1 1 1 0 20 0 12.16 
0.143 2 2.10 2.10 2.1 2.1 0.143 0.092 0.7169 0.7169 0.0841 0.0010 0.028502 -2.383483 -4.1800 0 -1.2714 0  5 10 6 21 8 -5 6 26  0 1 1 1 0 20 0 12.16 
0.144 2 2.10 2.10 2.1 2.1 0.149 0.044 0.7044 0.7434 0.0849 0.0011 0.028502 -2.383480 -4.1800 0 -1.2714 0  27 28 37 19 8 13 6 40  0 1 1 1 0 20 0 12.16 
0.145 2 2.10 2.10 2.1 2.1 0.137 0.091 0.7302 0.6273 0.0855 0.0011 0.025911 -2.383475 -4.1800 0 -1.2714 0  57 23 -29 6 6 -10 25 33  0 1 1 1 0 20 0 12.16 
0.146 2 2.10 2.10 2.1 2.1 0.073 0.050 0.6804 0.7302 0.0861 0.0011 0.028502 -2.383464 -4.1800 0 -1.2714 0  58 3 -6 13 -7 14 11 36  0 1 1 1 0 20 0 12.15 
0.147 2 2.10 2.10 2.1 2.1 0.035 0.087 0.6924 0.7872 0.0869 0.0011 0.028502 -2.383465 -4.1800 0 -1.2714 0  45 14 -15 10 13 31 11 -21  0 1 1 1 0 20 0 12.16 
0.148 2 2.10 2.10 2.1 2.1 0.073 0.048 0.7302 0.7434 0.0877 0.0011 0.028502 -2.383469 -4.1800 0 -1.2714 0  27 35 43 13 32 -8 19 38  0 1 1 1 0 20 0 12.16 
0.149 2 2.10 2.10 2.1 2.1 0.167 0.055 0.6924 0.7302 0.0885 0.0012 0.028502 -2.383466 -4.1800 0 -1.2714 0  16 21 -1 6 21 3 0 6  0 1 1 1 0 20 0 12.16 
0.150 2 2.10 2.10 2.1 2.1 0.154 0.103 0.7169 0.7575 0.0891 0.0012 0.031093 -2.383464 -4.1800 0 -1.2714 0  60 14 12 -3 1 -3 10 44  0 1 1 1 0 20 0 12.17 
0.151 2 2.10 2.10 2.1 2.1 0.121 0.051 0.7169 0.7723 0.0900 0.0012 0.031093 -2.383465 -4.1800 0 -1.2714 0  59 17 -28 22 15 9 1 30  0 1 1 1 0 20 0 12.16 
0.152 2 2.10 2.10 2.1 2.1 0.044 0.100 0.7044 0.7575 0.0908 0.0012 0.031093 -2.383467 -4.1800 0 -1.2714 0  -14 26 -5 8 14 -21 5 30  0 1 1 1 0 20 0 12.17 
0.153 2 2.10 2.10 2.1 2.1 0.137 0.029 0.7169 0.6804 0.0914 0.0013 0.028502 -2.383474 -4.1800 0 -1.2714 0  20 24 17 5 8 32 15 43  0 1 1 1 0 20 0 12.16 
0.154 2 2.10 2.10 2.1 2.1 0.100 0.077 0.7044 0.7302 0.0920 0.0013 0.031093 -2.383475 -4.1800 0 -1.2714 0  32 12 -13 7 5 28 26 -17  0 1 1 1 0 20 0 12.16 
0.155 2 2.10 2.10 2.1 2.1 0.149 0.103 0.6924 0.7169 0.0928 0.0013 0.031093 -2.383464 -4.1800 0 -1.2714 0  38 16 -23 6 6 31 18 -3  0 1 1 1 0 20 0 12.16 
0.156 2 2.10 2.10 2.1 2.1 0.096 0.040 0.7169 0.7302 0.0936 0.0013 0.031093 -2.383456 -4.1800 0 -1.2714 0  34 45 49 31 22 3 18 48  0 1 1 1 0 20 0 12.17 
0.157 2 2.10 2.10 2.1 2.1 0.110 0.090 0.6691 0.7575 0.0942 0.0013 0.033685 -2.383455 -4.1800 0 -1.2714 0  -44 23 15 29 8 26 7 -12  0 1 1 1 0 20 0 12.16 
0.158 2 2.10 2.10 2.1 2.1 0.075 0.076 0.7044 0.6374 0.0950 0.0014 0.033685 -2.383447 -4.1800 0 -1.2714 0  22 16 -12 15 -1 -11 13 37  0 1 1 1 0 20 0 12.16 
0.159 2 2.10 2.10 2.1 2.1 0.084 0.139 0.7302 0.7575 0.0956 0.0014 0.031093 -2.383438 -4.1800 0 -1.2714 0  2 19 25 0 -4 -34 -4 32  0 1 1 1 0 20 0 12.16 
0.160 2 2.10 2.10 2.1 2.1 0.115 0.097 0.7044 0.7872 0.0964 0.0014 0.031093 -2.383430 -4.1800 0 -1.2714 0  38 18 31 24 15 22 17 49  0 1 1 1 0 20 0 12.16 
0.161 2 2.10 2.10 2.1 2.1 0.152 0.061 0.7302 0.7723 0.0972 0.0014 0.031093 -2.383420 -4.1800 0 -1.2714 0  -16 20 14 16 18 23 6 -22  0 1 1 1 0 20 0 12.16 
0.162 2 2.10 2.10 2.1 2.1 0.156 0.094 0.6691 0.7723 0.0978 0.0015 0.033685 -2.383410 -4.1800 0 -1.2714 0  59 33 22 12 17 -9 15 38  0 1 1 1 0 20 0 12.16 
0.163 2 2.10 2.10 2.1 2.1 0.082 0.071 0.6804 0.7723 0.0986 0.0015 0.033685 -2.383394 -4.1800 0 -1.2714 0  49 10 -34 -3 -13 -18 -5 15  0 1 1 1 0 20 0 12.15 
0.164 2 2.10 2.10 2.1 2.1 0.078 0.121 0.7434 0.7723 0.0994 0.0015 0.033685 -2.383383 -4.1800 0 -1.2714 0  5 21 2 27 25 7 4 38  0 1 1 1 0 20 0 12.17 
0.165 2 2.10 2.10 2.1 2.1 0.094 0.065 0.7302 0.7575 0.1002 0.0015 0.033685 -2.383377 -4.1800 0 -1.2714 0  62 22 31 10 14 35 8 -9  0 1 1 1 0 20 0 12.17 
0.166 2 2.10 2.10 2.1 2.1 0.114 0.073 0.7302 0.7723 0.1008 0.0016 0.036276 -2.383371 -4.1800 0 -1.2714 0  64 20 -11 15 26 34 -1 -20  0 1 1 1 0 20 0 12.17 
0.167 2 2.10 2.10 2.1 2.1 0.145 0.099 0.7169 0.7169 0.1014 0.0016 0.033685 -2.383362 -4.1800 0 -1.2714 0  17 16 -26 7 -1 21 -8 -23  0 1 1 1 0 20 0 12.16 
0.168 2 2.10 2.10 2.1 2.1 0.119 0.082 0.7169 0.7575 0.1022 0.0016 0.033685 -2.383356 -4.1800 0 -1.2714 0  12 16 2 12 30 -12 20 39  0 1 1 1 0 20 0 12.17 
0.169 2 2.10 2.10 2.1 2.1 0.089 0.089 0.7169 0.7302 0.1030 0.0016 0.033685 -2.383354 -4.1800 0 -1.2714 0  47 10 -16 13 8 -8 8 30  0 1 1 1 0 20 0 12.17 
0.170 2 2.10 2.10 2.1 2.1 0.050 0.034 0.7169 0.7575 0.1036 0.0017 0.036276 -2.383350 -4.1800 0 -1.2714 0  75 25 25 18 9 38 16 -14  0 1 1 1 0 20 0 12.18 
0.171 2 2.10 2.10 2.1 2.1 0.102 0.078 0.6924 0.6924 0.1044 0.0017 0.036276 -2.383342 -4.1800 0 -1.2714 0  45 12 -24 2 -7 -9 0 8  0 1 1 1 0 20 0 12.16 
0.172 2 2.10 2.10 2.1 2.1 0.148 0.089 0.7302 0.7575 0.1052 0.0017 0.036276 -2.383333 -4.1800 0 -1.2714 0  -13 12 6 18 4 13 18 15  0 1 1 1 0 20 0 12.16 
0.173 2 2.10 2.10 2.1 2.1 0.143 0.058 0.6924 0.6583 0.1058 0.0017 0.033685 -2.383333 -4.1800 0 -1.2714 0  24 21 -15 19 16 37 16 -14  0 1 1 1 0 20 0 12.16 
0.174 2 2.10 2.10 2.1 2.1 0.055 0.085 0.7169 0.7434 0.1064 0.0018 0.036276 -2.383343 -4.1800 0 -1.2714 0  65 24 5 14 1 25 19 -12  0 1 1 1 0 20 0 12.16 
0.175 2 2.10 2.10 2.1 2.1 0.071 0.040 0.7169 0.7434 0.1072 0.0018 0.036276 -2.383346 -4.1800 0 -1.2714 0  4 36 -7 17 7 -1 3 21  0 1 1 1 0 20 0 12.16 
0.176 2 2.10 2.10 2.1 2.1 0.112 0.111 0.7302 0.7723 0.1080 0.0018 0.036276 -2.383343 -4.1800 0 -1.2714 0  -4 22 19 10 28 -29 16 31  0 1 1 1 0 20 0 12.16 
0.177 2 2.10 2.10 2.1 2.1 0.167 0.063 0.7169 0.7872 0.1088 0.0018 0.036276 -2.383348 -4.1800 0 -1.2714 0  54 28 56 22 2 29 14 -7  0 1 1 1 0 20 0 12.15 
0.178 2 2.10 2.10 2.1 2.1 0.124 0.055 0.7044 0.7723 0.1094 0.0019 0.038867 -2.383363 -4.1800 0 -1.2714 0  20 11 -19 11 2 -2 9 30  0 1 1 1 0 20 0 12.17 
0.179 2 2.10 2.10 2.1 2.1 0.117 0.075 0.6924 0.7169 0.1102 0.0019 0.038867 -2.383385 -4.1800 0 -1.2714 0  3 18 -4 8 8 11 18 46  0 1 1 1 0 20 0 12.16 
0.180 2 2.10 2.10 2.1 2.1 0.122 0.038 0.7044 0.7723 0.1110 0.0019 0.038867 -2.383407 -4.1800 0 -1.2714 0  9 10 3 8 11 10 12 8  0 1 1 1 0 20 0 12.15 
0.181 2 2.10 2.10 2.1 2.1 0.052 0.149 0.7044 0.7302 0.1116 0.0020 0.036276 -2.383426 -4.1800 0 -1.2714 0  55 9 -27 2 11 13 4 -24  0 1 1 1 0 20 0 12.16 
0.182 2 2.10 2.10 2.1 2.1 0.068 0.062 0.7169 0.7302 0.1122 0.0020 0.038867 -2.383450 -4.1800 0 -1.2714 0  35 8 -24 13 0 5 0 29  0 1 1 1 0 20 0 12.16 
0.183 2 2.10 2.10 2.1 2.1 0.079 0.112 0.7169 0.7575 0.1130 0.0020 0.038867 -2.383476 -4.1800 0 -1.2714 0  50 12 -14 12 10 36 15 -26  0 1 1 1 0 20 0 12.16 
0.184 2 2.10 2.10 2.1 2.1 0.139 0.082 0.7169 0.7044 0.1138 0.0020 0.038867 -2.383502 -4.1800 0 -1.2714 0  -5 20 8 14 6 31 16 31  0 1 1 1 0 20 0 12.16 
0.185 2 2.10 2.10 2.1 2.1 0.173 0.092 0.7044 0.7575 0.1146 0.0021 0.038867 -2.383523 -4.1800 0 -1.2714 0  50 21 -24 15 27 20 13 4  0 1 1 1 0 20 0 12.16 
0.186 2 2.10 2.10 2.1 2.1 0.132 0.089 0.7434 0.7169 0.1154 0.0021 0.038867 -2.383542 -4.1800 0 -1.2714 0  13 4 -26 6 15 28 10 -20  0 1 1 1 0 20 0 12.16 
0.187 2 2.10 2.10 2.1 2.1 0.070 0.055 0.6924 0.7302 0.1160 0.0021 0.041458 -2.383558 -4.1800 0 -1.2714 0  43 10 -16 15 5 8 5 27  0 1 1 1 0 20 0 12.17 
0.188 2 2.10 2.10 2.1 2.1 0.081 0.090 0.7434 0.7169 0.1166 0.0021 0.038867 -2.383571 -4.1800 0 -1.2714 0  26 23 37 33 25 -7 26 25  0 1 1 1 0 20 0 12.17 
0.189 2 2.10 2.10 2.1 2.1 0.083 0.037 0.6804 0.7723 0.1174 0.0022 0.038867 -2.383582 -4.1800 0 -1.2714 0  32 17 -17 13 8 -17 10 40  0 1 1 1 0 20 0 12.16 
0.190 2 2.10 2.10 2.1 2.1 0.153 0.088 0.7044 0.7872 0.1180 0.0022 0.041458 -2.383590 -4.1800 0 -1.2714 0  23 14 40 7 0 6 8 31  0 1 1 1 0 20 0 12.16 
0.191 2 2.10 2.10 2.1 2.1 0.138 0.027 0.7169 0.7575 0.1189 0.0022 0.041458 -2.383600 -4.1800 0 -1.2714 0  36 9 -16 5 2 42 12 -33  0 1 1 1 0 20 0 12.15 
0.192 2 2.10 2.10 2.1 2.1 0.105 0.057 0.7434 0.7723 0.1197 0.0023 0.041458 -2.383613 -4.1800 0 -1.2714 0  12 -6 -13 18 17 -8 10 21  0 1 1 1 0 20 0 12.16 
0.193 2 2.10 2.10 2.1 2.1 0.094 0.105 0.7302 0.7434 0.1205 0.0023 0.041458 -2.383620 -4.1800 0 -1.2714 0  55 28 22 18 16 5 9 33  0 1 1 1 0 20 0 12.16 
0.194 2 2.10 2.10 2.1 2.1 0.036 0.048 0.7169 0.7723 0.1213 0.0023 0.041458 -2.383624 -4.1800 0 -1.2714 0  46 17 -29 23 4 37 14 35  0 1 1 1 0 20 0 12.16 
0.195 2 2.10 2.10 2.1 2.1 0.089 0.097 0.7169 0.7434 0.1219 0.0024 0.044049 -2.383631 -4.1800 0 -1.2714 0  72 25 23 10 6 31 14 -20  0 1 1 1 0 20 0 12.17 
0.196 2 2.10 2.10 2.1 2.1 0.142 0.029 0.7044 0.7723 0.1227 0.0024 0.044049 -2.383636 -4.1800 0 -1.2714 0  5 17 -5 15 17 -8 -1 35  0 1 1 1 0 20 0 12.16 
0.197 2 2.10 2.10 2.1 2.1 0.137 0.067 0.7169 0.6924 0.1233 0.0024 0.041458 -2.383635 -4.1800 0 -1.2714 0  -12 16 6 9 14 -4 26 26  0 1 1 1 0 20 0 12.16 
0.198 2 2.10 2.10 2.1 2.1 0.135 0.104 0.7044 0.7575 0.1241 0.0025 0.041458 -2.383628 -4.1800 0 -1.2714 0  45 24 -24 15 3 36 23 -6  0 1 1 1 0 20 0 12.17 
0.199 2 2.10 2.10 2.1 2.1 0.063 0.040 0.7302 0.6924 0.1249 0.0025 0.041458 -2.383623 -4.1800 0 -1.2714 0  3 1 -19 12 1 16 16 -44  0 1 1 1 0 20 0 12.16 
0.200 4 4.10 4.10 4.1 4.1 0.057 0.063 0.7302 0.7169 0.1255 0.0025 0.044049 -2.383619 -4.1800 0 -1.2714 0  -15 6 -14 0 4 7 11 50  0 1 1 1 0 20 0 12.16 
0.201 4 4.10 4.10 4.1 4.1 0.259 0.240 0.7169 0.7434 0.1263 0.0026 0.044049 -2.383610 -4.1800 0 -1.2714 0  6 26 21 34 32 28 23 4  0 1 1 1 0 20 0 12.10 
0.202 4 4.10 4.10 4.1 4.1 0.358 0.378 0.7302 0.7723 0.1271 0.0026 0.044049 -2.383595 -4.1800 0 -1.2714 0  15 14 -2 7 24 7 8 16  0 1 1 1 0 20 0 12.04 
0.203 4 4.10 4.10 4.1 4.1 0.545 0.482 0.7723 0.7575 0.1279 0.0026 0.044049 -2.383582 -4.1800 0 -1.2714 0  25 11 -17 6 3 19 7 -2  0 1 1 1 0 20 0 12.01 
0.204 4 4.10 4.10 4.1 4.1 0.561 0.506 0.7723 0.7302 0.1287 0.0027 0.044049 -2.383580 -4.1800 0 -1.2714 0  4 -4 -4 3 7 -11 26 -15  0 1 1 1 0 20 0 11.99 
0.205 4 4.10 4.10 4.1 4.1 0.559 0.582 0.7872 0.7872 0.1295 0.0027 0.044049 -2.383570 -4.1800 0 -1.2714 0  41 25 -16 18 15 13 26 16  0 1 1 1 0 20 0 12.00 
0.206 4 4.10 4.10 4.1 4.1 0.543 0.481 0.8032 0.8032 0.1303 0.0027 0.044049 -2.383541 -4.1800 0 -1.2714 0  43 9 -11 12 16 11 22 10  0 1 1 1 0 20 0 12.01 
0.207 4 4.10 4.10 4.1 4.1 0.580 0.500 0.8366 0.8366 0.1311 0.0028 0.044049 -2.383519 -4.1800 0 -1.2714 0  23 10 -4 -3 9 13 21 10  0 1 1 1 0 20 0 12.01 
0.208 4 4.10 4.10 4.1 4.1 0.486 0.508 0.8543 0.9338 0.1321 0.0028 0.046640 -2.383507 -4.1800 0 -1.2714 0  -20 -8 -7 -8 -9 -1 1 10  0 1 1 1 0 20 0 12.03 
0.209 4 4.10 4.10 4.1 4.1 0.497 0.555 0.8727 0.9125 0.1329 0.0028 0.046640 -2.383493 -4.1800 0 -1.2714 0  22 29 -16 27 33 44 27 30  0 1 1 1 0 20 0 12.03 
0.210 4 4.10 4.10 4.1 4.1 0.477 0.463 0.9125 0.9796 0.1337 0.0029 0.046640 -2.383476 -4.1800 0 -1.2714 0  30 4 -22 -7 22 28 15 5  0 1 1 1 0 20 0 12.03 
0.211 4 4.10 4.10 4.1 4.1 0.505 0.448 0.9338 0.9796 0.1349 0.0029 0.046640 -2.383454 -4.1800 0 -1.2714 0  33 19 -8 14 0 20 17 3  0 1 1 1 0 20 0 12.02 
0.212 4 4.10 4.10 4.1 4.1 0.477 0.449 0.9338 0.9796 0.1357 0.0030 0.046640 -2.383430 -4.1800 0 -1.2714 0  1 -17 -2 -5 8 -4 5 0  0 1 1 1 0 20 0 12.04 
0.213 4 4.10 4.10 4.1 4.1 0.466 0.405 1.0041 1.0567 0.1369 0.0030 0.046640 -2.383403 -4.1800 0 -1.2714 0  24 12 4 15 10 22 11 47  0 1 1 1 0 20 0 12.04 
0.214 4 4.10 4.10 4.1 4.1 0.475 0.429 0.9796 1.0567 0.1377 0.0031 0.046640 -2.383377 -4.1800 0 -1.2714 0  37 12 -9 16 2 4 3 -6  0 1 1 1 0 20 0 12.05 
0.215 4 4.10 4.10 4.1 4.1 0.417 0.407 1.0041 1.0567 0.1389 0.0031 0.046640 -2.383361 -4.1800 0 -1.2714 0  30 13 11 18 15 -6 17 0  0 1 1 1 0 20 0 12.05 
0.216 4 4.10 4.10 4.1 4.1 0.397 0.396 1.0567 1.1153 0.1399 0.0032 0.049231 -2.383355 -4.1800 0 -1.2714 0  6 0 -5 6 10 -4 -10 3  0 1 1 1 0 20 0 12.06 
0.217 4 4.10 4.10 4.1 4.1 0.423 0.352 1.0567 1.1153 0.1409 0.0032 0.046640 -2.383356 -4.1800 0 -1.2714 0  26 -4 -13 24 13 9 10 17  0 1 1 1 0 20 0 12.04 
0.218 4 4.10 4.10 4.1 4.1 0.430 0.386 1.0852 1.0852 0.1419 0.0033 0.049231 -2.383360 -4.1800 0 -1.2714 0  36 21 -16 15 22 2 22 7  0 1 1 1 0 20 0 12.06 
0.219 4 4.10 4.10 4.1 4.1 0.378 0.343 1.0852 1.1812 0.1431 0.0033 0.049231 -2.383355 -4.1800 0 -1.2714 0  30 21 -17 16 17 11 16 24  0 1 1 1 0 20 0 12.05 
0.220 4 4.10 4.10 4.1 4.1 0.393 0.339 1.0852 1.1153 0.1443 0.0034 0.049231 -2.383347 -4.1800 0 -1.2714 0  5 1 1 22 18 8 10 12  0 1 1 1 0 20 0 12.05 
0.221 4 4.10 4.10 4.1 4.1 0.329 0.399 1.1153 1.1812 0.1453 0.0034 0.051822 -2.383350 -4.1800 0 -1.2714 0  54 8 -3 18 9 0 15 9  0 1 1 1 0 20 0 12.07 
0.222 4 4.10 4.10 4.1 4.1 0.347 0.321 1.1153 1.1812 0.1465 0.0035 0.051822 -2.383355 -4.1800 0 -1.2714 0  30 2 7 8 17 -3 22 26  0 1 1 1 0 20 0 12.07 
0.223 4 4.10 4.10 4.1 4.1 0.391 0.335 1.1474 1.1474 0.1475 0.0036 0.049231 -2.383365 -4.1800 0 -1.2714 0  14 10 -5 38 -1 11 14 6  0 1 1 1 0 20 0 12.06 
0.224 4 4.10 4.10 4.1 4.1 0.410 0.268 1.1474 1.2169 0.1485 0.0036 0.051822 -2.383395 -4.1800 0 -1.2714 0  4 15 16 19 12 19 6 10  0 1 1 1 0 20 0 12.08 
0.225 4 4.10 4.10 4.1 4.1 0.382 0.315 1.1474 1.2169 0.1497 0.0037 0.051822 -2.383418 -4.1800 0 -1.2714 0  52 5 -3 29 0 13 7 23  0 1 1 1 0 20 0 12.08 
0.226 4 4.10 4.10 4.1 4.1 0.402 0.284 1.1812 1.2952 0.1509 0.0037 0.051822 -2.383416 -4.1800 0 -1.2714 0  39 18 6 17 1 4 16 7  0 1 1 1 0 20 0 12.08 
0.227 4 4.10 4.10 4.1 4.1 0.328 0.311 1.1812 1.2551 0.1521 0.0038 0.051822 -2.383418 -4.1800 0 -1.2714 0  41 3 -10 33 1 40 21 1  0 1 1 1 0 20 0 12.08 
0.228 4 4.10 4.10 4.1 4.1 0.287 0.283 1.1812 1.2551 0.1534 0.0039 0.051822 -2.383439 -4.1800 0 -1.2714 0  5 26 24 17 -1 22 5 37  0 1 1 1 0 20 0 12.08 
0.229 4 4.10 4.10 4.1 4.1 0.314 0.289 1.2169 1.3386 0.1548 0.0039 0.054414 -2.383467 -4.1800 0 -1.2714 0  29 -2 -8 17 7 -2 8 7  0 1 1 1 0 20 0 12.09 
0.230 4 4.10 4.10 4.1 4.1 0.304 0.291 1.2169 1.2952 0.1560 0.0040 0.054414 -2.383488 -4.1800 0 -1.2714 0  29 8 -4 35 0 -6 1 28  0 1 1 1 0 20 0 12.09 
0.231 4 4.10 4.10 4.1 4.1 0.330 0.241 1.0852 1.3848 0.1570 0.0041 0.057005 -2.383503 -4.1800 0 -1.2714 0  8 13 -8 32 27 11 5 3  0 1 1 1 0 20 0 12.08 
0.232 4 4.10 4.10 4.1 4.1 0.326 0.303 1.2169 1.3848 0.1582 0.0041 0.057005 -2.383516 -4.1800 0 -1.2714 0  4 17 3 30 12 15 18 24  0 1 1 1 0 20 0 12.09 
0.233 4 4.10 4.10 4.1 4.1 0.288 0.250 1.2952 1.3848 0.1596 0.0042 0.054414 -2.383532 -4.1800 0 -1.2714 0  48 0 -8 36 10 27 20 2  0 1 1 1 0 20 0 12.10 
0.234 4 4.10 4.10 4.1 4.1 0.314 0.262 1.2551 1.2952 0.1608 0.0043 0.054414 -2.383555 -4.1800 0 -1.2714 0  30 3 0 51 4 17 12 -17  0 1 1 1 0 20 0 12.09 
0.235 4 4.10 4.10 4.1 4.1 0.304 0.256 1.2551 1.1812 0.1620 0.0043 0.054414 -2.383577 -4.1800 0 -1.2714 0  21 7 -14 34 16 7 16 -13  0 1 1 1 0 20 0 12.10 
0.236 4 4.10 4.10 4.1 4.1 0.223 0.234 1.2551 1.3386 0.1634 0.0044 0.057005 -2.383597 -4.1800 0 -1.2714 0  -3 19 15 51 5 4 23 14  0 1 1 1 0 20 0 12.09 
0.237 4 4.10 4.10 4.1 4.1 0.302 0.249 1.2551 1.3848 0.1646 0.0045 0.057005 -2.383621 -4.1800 0 -1.2714 0  37 18 5 23 5 9 7 22  0 1 1 1 0 20 0 12.08 
0.238 4 4.10 4.10 4.1 4.1 0.247 0.207 1.2952 1.3848 0.1658 0.0045 0.057005 -2.383639 -4.1800 0 -1.2714 0  14 14 -5 32 33 -6 11 28  0 1 1 1 0 20 0 12.10 
0.239 4 4.10 4.10 4.1 4.1 0.222 0.237 1.2952 1.3386 0.1672 0.0046 0.059596 -2.383644 -4.1800 0 -1.2714 0  14 10 -9 49 0 -15 12 22  0 1 1 1 0 20 0 12.10 
0.240 4 4.10 4.10 4.1 4.1 0.307 0.177 1.2952 1.3386 0.1684 0.0047 0.059596 -2.383640 -4.1800 0 -1.2714 0  26 11 -14 41 17 3 16 12  0 1 1 1 0 20 0 12.08 
0.241 4 4.10 4.10 4.1 4.1 0.283 0.246 1.2551 1.4342 0.1696 0.0048 0.059596 -2.383638 -4.1800 0 -1.2714 0  1 24 -9 33 6 9 13 26  0 1 1 1 0 20 0 12.09 
0.242 4 4.10 4.10 4.1 4.1 0.295 0.235 1.2952 1.3848 0.1708 0.0048 0.059596 -2.383642 -4.1800 0 -1.2714 0  42 11 20 61 30 9 15 43  0 1 1 1 0 20 0 12.10 
0.243 4 4.10 4.10 4.1 4.1 0.238 0.232 1.2952 1.3848 0.1722 0.0049 0.062187 -2.383656 -4.1800 0 -1.2714 0  27 10 -14 28 -9 20 5 -3  0 1 1 1 0 20 0 12.10 
0.244 4 4.10 4.10 4.1 4.1 0.200 0.215 1.3386 1.4342 0.1734 0.0050 0.062187 -2.383669 -4.1800 0 -1.2714 0  -6 13 10 27 -1 22 15 37  0 1 1 1 0 20 0 12.10 
0.245 4 4.10 4.10 4.1 4.1 0.195 0.180 1.3386 1.3848 0.1746 0.0051 0.062187 -2.383660 -4.1800 0 -1.2714 0  10 -2 -6 19 -22 7 4 12  0 1 1 1 0 20 0 12.07 
0.246 4 4.10 4.10 4.1 4.1 0.240 0.207 1.3386 1.4342 0.1762 0.0052 0.062187 -2.383627 -4.1800 0 -1.2714 0  32 22 15 34 26 5 31 34  0 1 1 1 0 20 0 12.09 
0.247 4 4.10 4.10 4.1 4.1 0.301 0.160 1.2952 1.4342 0.1774 0.0053 0.062187 -2.383588 -4.1800 0 -1.2714 0  8 0 -7 41 10 25 17 4  0 1 1 1 0 20 0 12.10 
0.248 4 4.10 4.10 4.1 4.1 0.234 0.176 1.3848 1.4872 0.1788 0.0053 0.064778 -2.383567 -4.1800 0 -1.2714 0  -6 9 4 20 -2 -2 -3 15  0 1 1 1 0 20 0 12.12 
0.249 4 4.10 4.10 4.1 4.1 0.245 0.159 1.3848 1.4342 0.1800 0.0054 0.064778 -2.383567 -4.1800 0 -1.2714 0  -4 6 -11 27 -1 1 -4 -1  0 1 1 1 0 20 0 12.11 
0.250 4 4.10 4.10 4.1 4.1 0.264 0.169 1.3386 1.4342 0.1812 0.0055 0.064778 -2.383562 -4.1800 0 -1.2714 0  34 21 9 60 23 43 14 19  0 1 1 1 0 20 0 12.11 
0.251 4 4.10 4.10 4.1 4.1 0.215 0.193 1.3386 1.4872 0.1828 0.0056 0.064778 -2.383534 -4.1800 0 -1.2714 0  9 -7 -7 36 4 19 4 -2  0 1 1 1 0 20 0 12.11 
0.252 4 4.10 4.10 4.1 4.1 0.222 0.151 1.3386 1.4872 0.1840 0.0057 0.064778 -2.383490 -4.1800 0 -1.2714 0  12 1 7 38 22 14 6 27  0 1 1 1 0 20 0 12.11 
0.253 4 4.10 4.10 4.1 4.1 0.196 0.159 1.2952 1.4342 0.1854 0.0058 0.067369 -2.383447 -4.1800 0 -1.2714 0  15 7 -7 12 -18 -15 -5 30  0 1 1 1 0 20 0 12.11 
0.254 4 4.10 4.10 4.1 4.1 0.216 0.136 1.3386 1.4872 0.1866 0.0059 0.067369 -2.383415 -4.1800 0 -1.2714 0  9 21 14 29 26 15 28 32  0 1 1 1 0 20 0 12.12 
0.255 4 4.10 4.10 4.1 4.1 0.287 0.168 1.3386 1.5446 0.1882 0.0060 0.067369 -2.383392 -4.1800 0 -1.2714 0  25 2 -13 51 5 24 7 11  0 1 1 1 0 20 0 12.10 
0.256 4 4.10 4.10 4.1 4.1 0.295 0.177 1.3386 1.4872 0.1894 0.0060 0.067369 -2.383363 -4.1800 0 -1.2714 0  -6 13 6 11 18 0 11 7  0 1 1 1 0 20 0 12.10 
0.257 4 4.10 4.10 4.1 4.1 0.286 0.135 1.3386 1.4872 0.1908 0.0061 0.069960 -2.383330 -4.1800 0 -1.2714 0  15 2 9 -8 -10 -24 0 2  0 1 1 1 0 20 0 12.11 
0.258 4 4.10 4.10 4.1 4.1 0.245 0.156 1.3386 1.4872 0.1920 0.0062 0.069960 -2.383297 -4.1800 0 -1.2714 0  27 17 6 53 19 29 2 13  0 1 1 1 0 20 0 12.11 
0.259 4 4.10 4.10 4.1 4.1 0.195 0.142 1.1812 1.5446 0.1936 0.0063 0.069960 -2.383264 -4.1800 0 -1.2714 0  13 3 -2 51 1 41 6 10  0 1 1 1 0 20 0 12.11 
0.260 4 4.10 4.10 4.1 4.1 0.202 0.200 1.3848 1.4872 0.1948 0.0064 0.069960 -2.383219 -4.1800 0 -1.2714 0  -24 5 -2 45 8 9 24 9  0 1 1 1 0 20 0 12.11 
0.261 4 4.10 4.10 4.1 4.1 0.183 0.156 1.3848 1.5446 0.1962 0.0065 0.072551 -2.383168 -4.1800 0 -1.2714 0  16 19 10 19 -3 6 -2 33  0 1 1 1 0 20 0 12.12 
0.262 4 4.10 4.10 4.1 4.1 0.216 0.143 1.3386 1.5446 0.1974 0.0066 0.072551 -2.383134 -4.1800 0 -1.2714 0  -2 5 0 37 10 2 15 23  0 1 1 1 0 20 0 12.12 
0.263 4 4.10 4.10 4.1 4.1 0.252 0.179 1.4342 1.5446 0.1990 0.0067 0.072551 -2.383127 -4.1800 0 -1.2714 0  20 -8 3 47 5 16 6 10  0 1 1 1 0 20 0 12.12 
0.264 4 4.10 4.10 4.1 4.1 0.203 0.139 1.3848 1.4342 0.2002 0.0068 0.072551 -2.383119 -4.1800 0 -1.2714 0  -4 13 4 54 -5 8 10 20  0 1 1 1 0 20 0 12.11 
0.265 4 4.10 4.10 4.1 4.1 0.216 0.196 1.2952 1.5446 0.2019 0.0069 0.072551 -2.383092 -4.1800 0 -1.2714 0  28 17 -18 49 0 10 4 -10  0 1 1 1 0 20 0 12.11 
0.266 4 4.10 4.10 4.1 4.1 0.211 0.120 1.3848 1.2169 0.2031 0.0070 0.072551 -2.383078 -4.1800 0 -1.2714 0  31 3 -8 29 5 7 29 11  0 1 1 1 0 20 0 12.11 
0.267 4 4.10 4.10 4.1 4.1 0.176 0.173 1.3848 1.5446 0.2045 0.0071 0.075143 -2.383101 -4.1800 0 -1.2714 0  -7 30 30 -5 14 -17 16 12  0 1 1 1 0 20 0 12.12 
0.268 4 4.10 4.10 4.1 4.1 0.112 0.127 1.3386 1.5446 0.2061 0.0072 0.075143 -2.383148 -4.1800 0 -1.2714 0  7 13 -3 10 10 -14 10 11  0 1 1 1 0 20 0 12.12 
0.269 4 4.10 4.10 4.1 4.1 0.122 0.189 1.4342 1.4872 0.2073 0.0073 0.075143 -2.383183 -4.1800 0 -1.2714 0  9 18 7 14 11 -27 17 15  0 1 1 1 0 20 0 12.12 
0.270 4 4.10 4.10 4.1 4.1 0.178 0.156 1.3848 1.5446 0.2087 0.0074 0.077734 -2.383208 -4.1800 0 -1.2714 0  24 21 16 19 4 -1 5 19  0 1 1 1 0 20 0 12.13 
0.271 4 4.10 4.10 4.1 4.1 0.158 0.102 1.3848 1.3848 0.2103 0.0076 0.077734 -2.383242 -4.1800 0 -1.2714 0  23 -1 3 26 0 41 12 3  0 1 1 1 0 20 0 12.13 
0.272 4 4.10 4.10 4.1 4.1 0.191 0.160 1.3848 1.5446 0.2115 0.0077 0.077734 -2.383297 -4.1800 0 -1.2714 0  15 10 13 11 15 7 -6 11  0 1 1 1 0 20 0 12.13 
0.273 4 4.10 4.10 4.1 4.1 0.210 0.107 1.3848 1.6065 0.2129 0.0078 0.080325 -2.383355 -4.1800 0 -1.2714 0  20 15 8 49 14 30 15 14  0 1 1 1 0 20 0 12.13 
0.274 4 4.10 4.10 4.1 4.1 0.267 0.178 1.4342 1.6065 0.2145 0.0079 0.080325 -2.383398 -4.1800 0 -1.2714 0  42 7 -9 39 7 15 9 -7  0 1 1 1 0 20 0 12.13 
0.275 4 4.10 4.10 4.1 4.1 0.220 0.132 1.4342 1.6065 0.2157 0.0080 0.080325 -2.383446 -4.1800 0 -1.2714 0  32 7 -4 44 23 11 8 3  0 1 1 1 0 20 0 12.13 
0.276 4 4.10 4.10 4.1 4.1 0.213 0.150 1.3848 1.5446 0.2173 0.0081 0.080325 -2.383525 -4.1800 0 -1.2714 0  24 15 7 17 12 -5 0 28  0 1 1 1 0 20 0 12.15 
0.277 4 4.10 4.10 4.1 4.1 0.180 0.143 1.4872 1.5446 0.2185 0.0082 0.080325 -2.383611 -4.1800 0 -1.2714 0  9 23 7 5 -3 10 1 1  0 1 1 1 0 20 0 12.11 
0.278 4 4.10 4.10 4.1 4.1 0.136 0.172 1.4342 1.6065 0.2199 0.0083 0.082916 -2.383668 -4.1800 0 -1.2714 0  25 8 -6 38 10 31 16 -15  0 1 1 1 0 20 0 12.12 
0.279 4 4.10 4.10 4.1 4.1 0.181 0.151 1.4342 1.6065 0.2215 0.0085 0.082916 -2.383698 -4.1800 0 -1.2714 0  7 -8 -21 40 3 25 11 -33  0 1 1 1 0 20 0 12.11 
0.280 4 4.10 4.10 4.1 4.1 0.194 0.069 1.4342 1.5446 0.2227 0.0086 0.082916 -2.383737 -4.1800 0 -1.2714 0  -19 5 5 55 9 8 25 14  0 1 1 1 0 20 0 12.12 
0.281 4 4.10 4.10 4.1 4.1 0.256 0.115 1.4342 1.5446 0.2243 0.0087 0.082916 -2.383812 -4.1800 0 -1.2714 0  -5 -3 -2 54 2 28 6 0  0 1 1 1 0 20 0 12.13 
0.282 4 4.10 4.10 4.1 4.1 0.209 0.092 1.4342 1.5446 0.2257 0.0088 0.085507 -2.383887 -4.1800 0 -1.2714 0  41 5 0 39 -2 33 13 20  0 1 1 1 0 20 0 12.13 
0.283 4 4.10 4.10 4.1 4.1 0.192 0.185 1.4342 1.6065 0.2271 0.0089 0.082916 -2.383928 -4.1800 0 -1.2714 0  39 21 -6 62 17 -5 6 19  0 1 1 1 0 20 0 12.12 
0.284 4 4.10 4.10 4.1 4.1 0.218 0.130 1.4342 1.6065 0.2285 0.0091 0.085507 -2.383951 -4.1800 0 -1.2714 0  -17 12 2 29 8 -13 17 24  0 1 1 1 0 20 0 12.12 
0.285 4 4.10 4.10 4.1 4.1 0.151 0.130 1.4342 1.6065 0.2299 0.0092 0.088098 -2.383986 -4.1800 0 -1.2714 0  10 -2 -4 50 4 19 4 -21  0 1 1 1 0 20 0 12.12 
0.286 4 4.10 4.10 4.1 4.1 0.121 0.123 1.4342 1.6065 0.2313 0.0093 0.085507 -2.384017 -4.1800 0 -1.2714 0  15 -10 1 14 16 -11 26 14  0 1 1 1 0 20 0 12.12 
0.287 4 4.10 4.10 4.1 4.1 0.108 0.101 1.4342 1.6065 0.2327 0.0094 0.088098 -2.384022 -4.1800 0 -1.2714 0  24 25 -8 56 25 17 18 21  0 1 1 1 0 20 0 12.13 
0.288 4 4.10 4.10 4.1 4.1 0.151 0.149 1.4872 1.6065 0.2343 0.0096 0.088098 -2.384009 -4.1800 0 -1.2714 0  -13 15 -18 14 -11 7 -10 55  0 1 1 1 0 20 0 12.13 
0.289 4 4.10 4.10 4.1 4.1 0.221 0.103 1.4342 1.6065 0.2355 0.0097 0.088098 -2.384007 -4.1800 0 -1.2714 0  19 0 6 38 -9 7 8 28  0 1 1 1 0 20 0 12.11 
0.290 4 4.10 4.10 4.1 4.1 0.199 0.135 1.4342 1.6065 0.2371 0.0098 0.088098 -2.384025 -4.1800 0 -1.2714 0  -1 1 -11 45 -12 -7 2 -12  0 1 1 1 0 20 0 12.13 
0.291 4 4.10 4.10 4.1 4.1 0.163 0.164 1.4872 1.6732 0.2385 0.0099 0.090689 -2.384024 -4.1800 0 -1.2714 0  27 19 0 75 28 33 20 35  0 1 1 1 0 20 0 12.12 
0.292 4 4.10 4.10 4.1 4.1 0.109 0.127 1.4872 1.6065 0.2401 0.0101 0.090689 -2.383992 -4.1800 0 -1.2714 0  -24 10 33 43 -3 40 11 10  0 1 1 1 0 20 0 12.13 
0.293 4 4.10 4.10 4.1 4.1 0.139 0.129 1.4872 1.5446 0.2413 0.0102 0.090689 -2.383954 -4.1800 0 -1.2714 0  10 10 2 46 14 -3 8 10  0 1 1 1 0 20 0 12.12 
0.294 4 4.10 4.10 4.1 4.1 0.140 0.109 1.4872 1.5446 0.2429 0.0103 0.090689 -2.383927 -4.1800 0 -1.2714 0  5 -12 -29 30 -15 6 -18 -9  0 1 1 1 0 20 0 12.13 
0.295 4 4.10 4.10 4.1 4.1 0.196 0.142 1.4342 1.5446 0.2443 0.0105 0.093280 -2.383898 -4.1800 0 -1.2714 0  42 18 20 53 19 11 21 38  0 1 1 1 0 20 0 12.13 
0.296 4 4.10 4.10 4.1 4.1 0.192 0.139 1.4342 1.6065 0.2455 0.0106 0.093280 -2.383852 -4.1800 0 -1.2714 0  -25 20 16 -10 19 10 16 1  0 1 1 1 0 20 0 12.14 
0.297 4 4.10 4.10 4.1 4.1 0.187 0.109 1.4872 1.6065 0.2471 0.0107 0.093280 -2.383815 -4.1800 0 -1.2714 0  -2 10 -13 61 14 39 12 12  0 1 1 1 0 20 0 12.13 
0.298 4 4.10 4.10 4.1 4.1 0.207 0.143 1.4872 1.6065 0.2485 0.0109 0.095872 -2.383799 -4.1800 0 -1.2714 0  23 -10 -14 54 -7 -17 -10 28  0 1 1 1 0 20 0 12.13 
0.299 4 4.10 4.10 4.1 4.1 0.162 0.069 1.4342 1.6065 0.2501 0.0110 0.095872 -2.383781 -4.1800 0 -1.2714 0  3 14 -3 66 26 38 25 9  0 1 1 1 0 20 0 12.13 
0.300 4 4.10 4.10 4.1 4.1 0.158 0.152 1.4342 1.6065 0.2513 0.0111 0.095872 -2.383740 -4.1800 0 -1.2714 0  20 14 7 30 12 0 3 24  0 1 1 1 0 20 0 12.13 
0.301 4 4.10 4.10 4.1 4.1 0.124 0.120 1.4342 1.6065 0.2529 0.0113 0.095872 -2.383687 -4.1800 0 -1.2714 0  20 28 25 21 19 -13 20 6  0 1 1 1 0 20 0 12.13 
0.302 4 4.10 4.10 4.1 4.1 0.149 0.105 1.4872 1.6065 0.2543 0.0114 0.098463 -2.383654 -4.1800 0 -1.2714 0  -9 4 8 20 26 -20 8 -11  0 1 1 1 0 20 0 12.13 
0.303 4 4.10 4.10 4.1 4.1 0.146 0.134 1.4872 1.6065 0.2557 0.0116 0.095872 -2.383635 -4.1800 0 -1.2714 0  12 7 -12 61 24 8 23 9  0 1 1 1 0 20 0 12.14 
0.304 4 4.10 4.10 4.1 4.1 0.207 0.121 1.4342 1.6065 0.2571 0.0117 0.098463 -2.383602 -4.1800 0 -1.2714 0  -5 17 6 32 10 -6 12 29  0 1 1 1 0 20 0 12.12 
0.305 4 4.10 4.10 4.1 4.1 0.205 0.149 1.4872 1.6732 0.2587 0.0118 0.098463 -2.383562 -4.1800 0 -1.2714 0  22 -3 -18 34 12 36 8 3  0 1 1 1 0 20 0 12.13 
0.306 4 4.10 4.10 4.1 4.1 0.141 0.135 1.4342 1.6065 0.2601 0.0120 0.101054 -2.383540 -4.1800 0 -1.2714 0  12 8 -5 52 1 25 4 -7  0 1 1 1 0 20 0 12.13 
0.307 4 4.10 4.10 4.1 4.1 0.162 0.121 1.4872 1.5446 0.2615 0.0121 0.098463 -2.383537 -4.1800 0 -1.2714 0  -6 15 14 18 8 35 26 5  0 1 1 1 0 20 0 12.13 
0.308 4 4.10 4.10 4.1 4.1 0.108 0.105 1.4872 1.5446 0.2629 0.0123 0.101054 -2.383524 -4.1800 0 -1.2714 0  8 31 23 17 11 -14 11 8  0 1 1 1 0 20 0 12.13 
0.309 4 4.10 4.10 4.1 4.1 0.158 0.084 1.4872 1.6065 0.2645 0.0124 0.101054 -2.383497 -4.1800 0 -1.2714 0  -10 16 -7 46 -6 1 10 5  0 1 1 1 0 20 0 12.12 
0.310 4 4.10 4.10 4.1 4.1 0.207 0.117 1.4342 1.4872 0.2657 0.0126 0.101054 -2.383476 -4.1800 0 -1.2714 0  -7 3 6 36 13 -3 4 9  0 1 1 1 0 20 0 12.13 
0.311 4 4.10 4.10 4.1 4.1 0.214 0.091 1.4872 1.6065 0.2673 0.0127 0.101054 -2.383480 -4.1800 0 -1.2714 0  51 0 3 32 16 3 8 31  0 1 1 1 0 20 0 12.13 
0.312 4 4.10 4.10 4.1 4.1 0.178 0.116 1.4872 1.6065 0.2687 0.0129 0.103645 -2.383492 -4.1800 0 -1.2714 0  -7 26 5 23 16 -9 12 20  0 1 1 1 0 20 0 12.13 
0.313 4 4.10 4.10 4.1 4.1 0.158 0.120 1.4872 1.6065 0.2703 0.0130 0.103645 -2.383492 -4.1800 0 -1.2714 0  32 7 13 60 6 30 5 6  0 1 1 1 0 20 0 12.12 
0.314 4 4.10 4.10 4.1 4.1 0.125 0.040 1.4342 1.6732 0.2717 0.0132 0.106236 -2.383492 -4.1800 0 -1.2714 0  13 17 -13 40 8 19 19 6  0 1 1 1 0 20 0 12.13 
0.315 4 4.10 4.10 4.1 4.1 0.116 0.112 1.4342 1.6065 0.2731 0.0133 0.103645 -2.383506 -4.1800 0 -1.2714 0  21 11 8 34 -3 18 17 23  0 1 1 1 0 20 0 12.13 
0.316 4 4.10 4.10 4.1 4.1 0.148 0.052 1.4872 1.5446 0.2744 0.0135 0.106236 -2.383527 -4.1800 0 -1.2714 0  4 15 5 30 12 -9 14 26  0 1 1 1 0 20 0 12.13 
0.317 4 4.10 4.10 4.1 4.1 0.174 0.160 1.4872 1.6732 0.2760 0.0136 0.106236 -2.383528 -4.1800 0 -1.2714 0  0 28 5 48 8 6 17 32  0 1 1 1 0 20 0 12.12 
0.318 4 4.10 4.10 4.1 4.1 0.207 0.122 1.4342 1.5446 0.2772 0.0138 0.106236 -2.383522 -4.1800 0 -1.2714 0  -6 13 -6 52 11 35 1 1  0 1 1 1 0 20 0 12.13 
0.319 4 4.10 4.10 4.1 4.1 0.210 0.135 1.4872 1.6065 0.2788 0.0139 0.106236 -2.383542 -4.1800 0 -1.2714 0  18 14 5 23 -20 -8 19 17  0 1 1 1 0 20 0 12.13 
0.320 4 4.10 4.10 4.1 4.1 0.155 0.133 1.4872 1.6065 0.2802 0.0141 0.108827 -2.383586 -4.1800 0 -1.2714 0  -4 21 9 46 7 -7 0 26  0 1 1 1 0 20 0 12.13 
0.321 4 4.10 4.10 4.1 4.1 0.164 0.128 1.4872 1.6065 0.2818 0.0143 0.108827 -2.383612 -4.1800 0 -1.2714 0  17 10 -20 64 22 16 6 1  0 1 1 1 0 20 0 12.13 
0.322 4 4.10 4.10 4.1 4.1 0.154 0.154 1.4342 1.6065 0.2830 0.0144 0.108827 -2.383609 -4.1800 0 -1.2714 0  25 23 13 35 9 48 13 10  0 1 1 1 0 20 0 12.13 
0.323 4 4.10 4.10 4.1 4.1 0.130 0.105 1.4342 1.5446 0.2846 0.0146 0.108827 -2.383615 -4.1800 0 -1.2714 0  31 14 -9 53 4 23 17 -7  0 1 1 1 0 20 0 12.14 
0.324 4 4.10 4.10 4.1 4.1 0.084 0.165 1.4342 1.5446 0.2860 0.0147 0.111418 -2.383639 -4.1800 0 -1.2714 0  -2 22 8 58 3 3 25 -1  0 1 1 1 0 20 0 12.13 
0.325 4 4.10 4.10 4.1 4.1 0.121 0.083 1.4872 1.3848 0.2874 0.0149 0.108827 -2.383654 -4.1800 0 -1.2714 0  33 3 4 53 12 4 8 21  0 1 1 1 0 20 0 12.13 
0.326 4 4.10 4.10 4.1 4.1 0.168 0.101 1.4872 1.6732 0.2888 0.0150 0.111418 -2.383654 -4.1800 0 -1.2714 0  14 16 4 39 17 -6 4 22  0 1 1 1 0 20 0 12.13 
0.327 4 4.10 4.10 4.1 4.1 0.194 0.109 1.4872 1.6065 0.2904 0.0152 0.111418 -2.383664 -4.1800 0 -1.2714 0  21 2 7 21 6 9 15 24  0 1 1 1 0 20 0 12.13 
0.328 4 4.10 4.10 4.1 4.1 0.181 0.120 1.4872 1.6732 0.2918 0.0154 0.114009 -2.383694 -4.1800 0 -1.2714 0  4 12 37 -5 15 -13 21 23  0 1 1 1 0 20 0 12.14 
0.329 4 4.10 4.10 4.1 4.1 0.142 0.143 1.4342 1.5446 0.2932 0.0155 0.111418 -2.383724 -4.1800 0 -1.2714 0  -1 27 26 18 3 -8 10 27  0 1 1 1 0 20 0 12.13 
0.330 4 4.10 4.10 4.1 4.1 0.169 0.154 1.4342 1.6732 0.2946 0.0157 0.114009 -2.383735 -4.1800 0 -1.2714 0  -1 8 -14 41 -2 5 5 18  0 1 1 1 0 20 0 12.13 
0.331 4 4.10 4.10 4.1 4.1 0.169 0.108 1.4342 1.5446 0.2962 0.0159 0.114009 -2.383734 -4.1800 0 -1.2714 0  21 6 3 21 24 -7 14 -17  0 1 1 1 0 20 0 12.13 
0.332 4 4.10 4.10 4.1 4.1 0.135 0.120 1.4872 1.5446 0.2976 0.0160 0.116600 -2.383739 -4.1800 0 -1.2714 0  23 19 30 24 25 -4 27 51  0 1 1 1 0 20 0 12.13 
0.333 4 4.10 4.10 4.1 4.1 0.129 0.055 1.5446 1.6065 0.2990 0.0162 0.114009 -2.383752 -4.1800 0 -1.2714 0  18 5 1 54 9 24 5 15  0 1 1 1 0 20 0 12.13 
0.334 4 4.10 4.10 4.1 4.1 0.173 0.127 1.4872 1.6065 0.3004 0.0163 0.116600 -2.383754 -4.1800 0 -1.2714 0  27 6 32 17 28 -5 13 3  0 1 1 1 0 20 0 12.11 
0.335 4 4.10 4.10 4.1 4.1 0.150 0.127 1.4872 1.6065 0.3020 0.0165 0.116600 -2.383737 -4.1800 0 -1.2714 0  -18 10 20 33 -5 15 -1 1  0 1 1 1 0 20 0 12.13 
0.336 4 4.10 4.10 4.1 4.1 0.215 0.101 1.4872 1.6065 0.3034 0.0167 0.119192 -2.383729 -4.1800 0 -1.2714 0  -1 15 19 37 29 7 36 22  0 1 1 1 0 20 0 12.14 
0.337 4 4.10 4.10 4.1 4.1 0.236 0.144 1.4342 1.5446 0.3048 0.0169 0.116600 -2.383742 -4.1800 0 -1.2714 0  -14 9 10 17 18 -7 19 39  0 1 1 1 0 20 0 12.14 
0.338 4 4.10 4.10 4.1 4.1 0.201 0.109 1.4872 1.5446 0.3064 0.0171 0.116600 -2.383748 -4.1800 0 -1.2714 0  24 10 6 66 14 16 7 16  0 1 1 1 0 20 0 12.13 
0.339 4 4.10 4.10 4.1 4.1 0.196 0.142 1.4872 1.6065 0.3078 0.0172 0.119192 -2.383732 -4.1800 0 -1.2714 0  27 3 -11 16 -25 -12 17 -22  0 1 1 1 0 20 0 12.13 
0.340 4 4.10 4.10 4.1 4.1 0.149 0.107 1.4872 1.5446 0.3092 0.0174 0.121783 -2.383719 -4.1800 0 -1.2714 0  17 26 26 49 11 26 29 27  0 1 1 1 0 20 0 12.13 
0.341 4 4.10 4.10 4.1 4.1 0.154 0.096 1.4872 1.5446 0.3106 0.0176 0.119192 -2.383720 -4.1800 0 -1.2714 0  14 12 15 15 -5 1 -2 29  0 1 1 1 0 20 0 12.13 
0.342 4 4.10 4.10 4.1 4.1 0.104 0.145 1.4342 1.6065 0.3122 0.0177 0.119192 -2.383720 -4.1800 0 -1.2714 0  60 3 -1 37 4 -9 11 7  0 1 1 1 0 20 0 12.14 
0.343 4 4.10 4.10 4.1 4.1 0.155 0.117 1.4872 1.6732 0.3136 0.0179 0.121783 -2.383705 -4.1800 0 -1.2714 0  -37 1 17 46 -5 7 2 4  0 1 1 1 0 20 0 12.13 
0.344 4 4.10 4.10 4.1 4.1 0.162 0.139 1.4872 1.5446 0.3151 0.0181 0.121783 -2.383687 -4.1800 0 -1.2714 0  18 20 26 0 7 9 25 52  0 1 1 1 0 20 0 12.13 
0.345 4 4.10 4.10 4.1 4.1 0.180 0.130 1.4342 1.5446 0.3163 0.0183 0.121783 -2.383689 -4.1800 0 -1.2714 0  5 27 9 15 22 3 7 -4  0 1 1 1 0 20 0 12.13 
0.346 4 4.10 4.10 4.1 4.1 0.180 0.069 1.5446 1.6065 0.3179 0.0185 0.121783 -2.383693 -4.1800 0 -1.2714 0  24 -8 -8 49 14 20 14 -4  0 1 1 1 0 20 0 12.14 
0.347 4 4.10 4.10 4.1 4.1 0.156 0.159 1.4872 1.6065 0.3193 0.0186 0.124374 -2.383671 -4.1800 0 -1.2714 0  28 29 7 27 -4 -27 14 16  0 1 1 1 0 20 0 12.13 
0.348 4 4.10 4.10 4.1 4.1 0.215 0.092 1.4872 1.5446 0.3209 0.0188 0.124374 -2.383639 -4.1800 0 -1.2714 0  -5 18 11 46 14 9 6 2  0 1 1 1 0 20 0 12.12 
0.349 4 4.10 4.10 4.1 4.1 0.162 0.124 1.4872 1.6065 0.3221 0.0190 0.124374 -2.383628 -4.1800 0 -1.2714 0  35 9 -7 58 17 24 18 8  0 1 1 1 0 20 0 12.13 
0.350 4 4.10 4.10 4.1 4.1 0.126 0.110 1.4872 1.6065 0.3237 0.0192 0.124374 -2.383645 -4.1800 0 -1.2714 0  -3 -8 11 28 6 -17 15 9  0 1 1 1 0 20 0 12.13 
0.351 4 4.10 4.10 4.1 4.1 0.120 0.130 1.4872 1.6065 0.3251 0.0193 0.126965 -2.383655 -4.1800 0 -1.2714 0  27 12 -12 49 17 -8 6 19  0 1 1 1 0 20 0 12.13 
0.352 4 4.10 4.10 4.1 4.1 0.164 0.134 1.4872 1.6065 0.3267 0.0196 0.126965 -2.383646 -4.1800 0 -1.2714 0  0 7 7 32 14 9 15 16  0 1 1 1 0 20 0 12.13 
0.353 4 4.10 4.10 4.1 4.1 0.151 0.067 1.4872 1.5446 0.3279 0.0197 0.126965 -2.383644 -4.1800 0 -1.2714 0  22 32 6 38 10 2 15 25  0 1 1 1 0 20 0 12.14 
0.354 4 4.10 4.10 4.1 4.1 0.195 0.137 1.4872 1.5446 0.3295 0.0199 0.126965 -2.383663 -4.1800 0 -1.2714 0  18 10 -5 60 0 24 6 -24  0 1 1 1 0 20 0 12.14 
0.355 4 4.10 4.10 4.1 4.1 0.189 0.079 1.4342 1.6065 0.3309 0.0201 0.129556 -2.383676 -4.1800 0 -1.2714 0  23 13 11 28 10 -6 15 11  0 1 1 1 0 20 0 12.13 
0.356 4 4.10 4.10 4.1 4.1 0.152 0.161 1.4342 1.6065 0.3325 0.0203 0.129556 -2.383662 -4.1800 0 -1.2714 0  27 19 18 -12 17 -16 28 20  0 1 1 1 0 20 0 12.13 
0.357 4 4.10 4.10 4.1 4.1 0.182 0.094 1.5446 1.5446 0.3337 0.0205 0.129556 -2.383642 -4.1800 0 -1.2714 0  47 23 5 35 15 -2 18 19  0 1 1 1 0 20 0 12.12 
0.358 4 4.10 4.10 4.1 4.1 0.121 0.105 1.5446 1.6065 0.3353 0.0207 0.129556 -2.383645 -4.1800 0 -1.2714 0  37 14 10 24 4 -4 16 30  0 1 1 1 0 20 0 12.13 
0.359 4 4.10 4.10 4.1 4.1 0.121 0.074 1.4872 1.6732 0.3367 0.0208 0.132147 -2.383662 -4.1800 0 -1.2714 0  -2 11 34 33 -6 -35 19 2  0 1 1 1 0 20 0 12.13 
0.360 4 4.10 4.10 4.1 4.1 0.151 0.133 1.5446 1.6732 0.3383 0.0211 0.132147 -2.383652 -4.1800 0 -1.2714 0  -3 20 26 8 7 -14 19 19  0 1 1 1 0 20 0 12.13 
0.361 4 4.10 4.10 4.1 4.1 0.188 0.115 1.4872 1.6065 0.3395 0.0212 0.132147 -2.383621 -4.1800 0 -1.2714 0  -6 22 29 31 8 -15 10 11  0 1 1 1 0 20 0 12.12 
0.362 4 4.10 4.10 4.1 4.1 0.168 0.127 1.4872 1.6065 0.3410 0.0214 0.132147 -2.383611 -4.1800 0 -1.2714 0  5 21 18 38 9 4 18 15  0 1 1 1 0 20 0 12.13 
0.363 4 4.10 4.10 4.1 4.1 0.187 0.110 1.4342 1.6065 0.3424 0.0216 0.134738 -2.383626 -4.1800 0 -1.2714 0  43 -5 8 36 20 -3 19 15  0 1 1 1 0 20 0 12.13 
0.364 4 4.10 4.10 4.1 4.1 0.146 0.102 1.4342 1.6732 0.3440 0.0218 0.134738 -2.383625 -4.1800 0 -1.2714 0  5 4 9 54 21 16 19 7  0 1 1 1 0 20 0 12.12 
0.365 4 4.10 4.10 4.1 4.1 0.095 0.150 1.4872 1.6732 0.3452 0.0220 0.134738 -2.383609 -4.1800 0 -1.2714 0  36 19 16 25 5 4 15 8  0 1 1 1 0 20 0 12.13 
0.366 4 4.10 4.10 4.1 4.1 0.144 0.101 1.4872 1.6065 0.3468 0.0222 0.134738 -2.383612 -4.1800 0 -1.2714 0  41 14 38 0 9 -11 13 25  0 1 1 1 0 20 0 12.13 
0.367 4 4.10 4.10 4.1 4.1 0.138 0.135 1.4872 1.6065 0.3484 0.0224 0.134738 -2.383638 -4.1800 0 -1.2714 0  26 14 -4 45 15 3 14 20  0 1 1 1 0 20 0 12.13 
0.368 4 4.10 4.10 4.1 4.1 0.197 0.105 1.4872 1.6732 0.3498 0.0226 0.137329 -2.383651 -4.1800 0 -1.2714 0  -17 4 -8 23 -3 4 -1 1  0 1 1 1 0 20 0 12.13 
0.369 4 4.10 4.10 4.1 4.1 0.213 0.112 1.4872 1.6065 0.3514 0.0228 0.137329 -2.383627 -4.1800 0 -1.2714 0  30 26 -2 47 12 5 4 20  0 1 1 1 0 20 0 12.14 
0.370 4 4.10 4.10 4.1 4.1 0.165 0.086 1.4342 1.6065 0.3526 0.0230 0.137329 -2.383603 -4.1800 0 -1.2714 0  17 15 0 16 37 14 15 3  0 1 1 1 0 20 0 12.13 
0.371 4 4.10 4.10 4.1 4.1 0.144 0.094 1.4342 1.5446 0.3542 0.0232 0.137329 -2.383616 -4.1800 0 -1.2714 0  20 13 -20 56 10 10 11 11  0 1 1 1 0 20 0 12.14 
0.372 4 4.10 4.10 4.1 4.1 0.105 0.108 1.4342 1.6065 0.3556 0.0234 0.139921 -2.383638 -4.1800 0 -1.2714 0  -13 4 -12 46 -7 11 10 13  0 1 1 1 0 20 0 12.14 
0.373 4 4.10 4.10 4.1 4.1 0.157 0.113 1.5446 1.5446 0.3570 0.0236 0.137329 -2.383634 -4.1800 0 -1.2714 0  42 32 18 35 15 35 17 19  0 1 1 1 0 20 0 12.13 
0.374 4 4.10 4.10 4.1 4.1 0.175 0.132 1.5446 1.6732 0.3584 0.0238 0.139921 -2.383622 -4.1800 0 -1.2714 0  5 25 37 12 11 -10 18 26  0 1 1 1 0 20 0 12.14 
0.375 4 4.10 4.10 4.1 4.1 0.171 0.089 1.4872 1.6732 0.3599 0.0240 0.139921 -2.383633 -4.1800 0 -1.2714 0  -6 10 13 65 12 8 13 16  0 1 1 1 0 20 0 12.13 
0.376 4 4.10 4.10 4.1 4.1 0.181 0.112 1.4872 1.6732 0.3613 0.0242 0.142512 -2.383652 -4.1800 0 -1.2714 0  -21 7 -2 0 -12 -5 -2 -6  0 1 1 1 0 20 0 12.13 
0.377 4 4.10 4.10 4.1 4.1 0.216 0.141 1.4872 1.6732 0.3629 0.0244 0.142512 -2.383654 -4.1800 0 -1.2714 0  12 24 14 13 47 4 49 13  0 1 1 1 0 20 0 12.13 
0.378 4 4.10 4.10 4.1 4.1 0.156 0.089 1.4342 1.6732 0.3641 0.0246 0.142512 -2.383654 -4.1800 0 -1.2714 0  19 1 0 28 -3 29 -9 -2  0 1 1 1 0 20 0 12.13 
0.379 4 4.10 4.10 4.1 4.1 0.153 0.113 1.4872 1.6065 0.3657 0.0248 0.142512 -2.383679 -4.1800 0 -1.2714 0  33 8 -1 45 0 16 16 18  0 1 1 1 0 20 0 12.13 
0.380 4 4.10 4.10 4.1 4.1 0.170 0.048 1.4872 1.5446 0.3671 0.0250 0.145103 -2.383717 -4.1800 0 -1.2714 0  -5 8 3 32 -9 4 -13 0  0 1 1 1 0 20 0 12.13 
0.381 4 4.10 4.10 4.1 4.1 0.156 0.131 1.4872 1.6732 0.3687 0.0253 0.145103 -2.383732 -4.1800 0 -1.2714 0  -15 24 45 37 1 18 30 -5  0 1 1 1 0 20 0 12.12 
0.382 4 4.10 4.10 4.1 4.1 0.211 0.077 1.4872 1.6065 0.3699 0.0255 0.145103 -2.383724 -4.1800 0 -1.2714 0  27 29 9 11 -5 9 18 23  0 1 1 1 0 20 0 12.13 
0.383 4 4.10 4.10 4.1 4.1 0.160 0.140 1.4872 1.6732 0.3715 0.0257 0.145103 -2.383729 -4.1800 0 -1.2714 0  6 -6 10 40 -3 -16 14 25  0 1 1 1 0 20 0 12.13 
0.384 4 4.10 4.10 4.1 4.1 0.184 0.104 1.4872 1.6732 0.3731 0.0259 0.145103 -2.383756 -4.1800 0 -1.2714 0  5 -2 -2 18 0 -6 -2 0  0 1 1 1 0 20 0 12.12 
0.385 4 4.10 4.10 4.1 4.1 0.121 0.146 1.5446 1.6065 0.3745 0.0261 0.147694 -2.383772 -4.1800 0 -1.2714 0  -4 28 18 43 47 15 33 20  0 1 1 1 0 20 0 12.12 
0.386 4 4.10 4.10 4.1 4.1 0.177 0.139 1.4872 1.6065 0.3756 0.0263 0.147694 -2.383765 -4.1800 0 -1.2714 0  -7 9 2 37 1 1 -4 18  0 1 1 1 0 20 0 12.13 
0.387 4 4.10 4.10 4.1 4.1 0.194 0.102 1.5446 1.5446 0.3772 0.0265 0.147694 -2.383770 -4.1800 0 -1.2714 0  25 17 13 17 14 11 11 0  0 1 1 1 0 20 0 12.13 
0.388 4 4.10 4.10 4.1 4.1 0.202 0.108 1.4872 1.5446 0.3788 0.0268 0.147694 -2.383795 -4.1800 0 -1.2714 0  -2 20 7 -7 2 -1 33 24  0 1 1 1 0 20 0 12.13 
