%% logfile from robot 26
%  1    time 0.000 sec
%  2    mission (0) state 2
%  3  4 Motor velocity ref left, right: 2.10 2.10
%  5  6 Motor voltage [V] left, right: 2.1 2.1
%  7  8 Motor current left, right [A]: 0.003 0.006
%  9 10 Wheel velocity [m/s] left, right: 0.0000 0.0000
% 11    Turnrate [r/s]: 0.0000
% 12 13 14 15 Pose x,y,h,tilt [m,m,rad,rad]: 0.0000 0.0000 0.000000 -2.120987
% 16 .. 35 Line sensor: left 0.257625 0, right 4.180000 0, values 11 8 5 26 7 9 6 6, white 0, used 1, LEDhigh=1, xb=1 xw=0 xbc=20 xwc=0
% 35    Battery voltage [V]: 12.20
0.001 2 2.10 2.10 2.1 2.1 0.075 0.152 0.0000 0.0000 0.0000 0.0000 0.0000 0.000000 -2.120984 0.2576 0 4.1800 0  16 22 23 27 27 10 -13 9  0 1 1 1 0 20 0 12.16 
0.002 2 2.10 2.10 2.1 2.1 0.283 0.316 0.0000 0.0000 0.0000 0.0000 0.0000 0.000000 -2.120985 0.2576 0 4.1800 0  0 27 16 14 31 14 19 15  0 1 1 1 0 20 0 12.14 
0.003 2 2.10 2.10 2.1 2.1 0.413 0.451 0.0000 0.0000 0.0000 0.0000 0.0000 0.000000 -2.120990 0.2576 0 4.1800 0  22 18 17 -8 4 25 17 13  0 1 1 1 0 20 0 12.12 
0.004 2 2.10 2.10 2.1 2.1 0.485 0.590 0.0000 0.0000 0.0000 0.0000 0.0000 0.000000 -2.120995 0.2576 0 4.1800 0  22 43 29 2 12 34 18 16  0 1 1 1 0 20 0 12.11 
0.005 2 2.10 2.10 2.1 2.1 0.459 0.530 0.0000 0.0000 0.0000 0.0000 0.0000 0.000000 -2.121000 0.2576 0 4.1800 0  36 36 5 4 11 22 11 5  0 1 1 1 0 20 0 12.11 
0.006 2 2.10 2.10 2.1 2.1 0.461 0.483 0.0000 0.0000 0.0000 0.0002 0.0000 0.002591 -2.120998 0.2576 0 4.1800 0  14 18 -8 10 7 25 30 11  0 1 1 1 0 20 0 12.11 
0.007 2 2.10 2.10 2.1 2.1 0.451 0.506 0.0000 0.0000 0.0000 0.0004 0.0000 0.000000 -2.120996 0.2576 0 4.1800 0  8 43 10 8 9 10 -4 -9  0 1 1 1 0 20 0 12.10 
0.008 2 2.10 2.10 2.1 2.1 0.496 0.485 0.0000 0.1518 0.9794 0.0006 0.0000 0.002591 -2.120997 0.2576 0 4.1800 0  27 16 13 -1 15 15 33 14  0 1 1 1 0 20 0 12.12 
0.009 2 2.10 2.10 2.1 2.1 0.430 0.485 0.1518 0.1518 0.0000 0.0008 0.0000 0.000000 -2.120992 0.2576 0 4.1800 0  25 45 20 -1 4 15 -2 8  0 1 1 1 0 20 0 12.12 
0.010 2 2.10 2.10 2.1 2.1 0.416 0.479 0.1518 0.2157 0.4120 0.0010 0.0000 0.002591 -2.120989 0.2576 0 4.1800 0  11 22 18 18 14 16 -5 1  0 1 1 1 0 20 0 12.11 
0.011 2 2.10 2.10 2.1 2.1 0.407 0.426 0.2181 0.2157 -0.0155 0.0012 0.0000 0.000000 -2.120988 0.2576 0 4.1800 0  6 34 22 14 0 20 7 14  0 1 1 1 0 20 0 12.10 
0.012 2 2.10 2.10 2.1 2.1 0.390 0.352 0.2181 0.2402 0.1425 0.0014 0.0000 0.002591 -2.120986 0.2576 0 4.1800 0  22 38 17 20 23 11 22 25  0 1 1 1 0 20 0 12.12 
0.013 2 2.10 2.10 2.1 2.1 0.378 0.352 0.2522 0.2695 0.1114 0.0018 0.0000 0.002591 -2.120983 0.2576 0 4.1800 0  37 60 45 15 38 21 20 18  0 1 1 1 0 20 0 12.13 
0.014 2 2.10 2.10 2.1 2.1 0.355 0.401 0.2888 0.2695 -0.1244 0.0020 0.0000 0.000000 -2.120982 0.2576 0 4.1800 0  12 33 13 2 43 14 -10 6  0 1 1 1 0 20 0 12.12 
0.015 2 2.10 2.10 2.1 2.1 0.363 0.359 0.2888 0.2952 0.0415 0.0022 0.0000 0.002591 -2.120987 0.2576 0 4.1800 0  14 34 14 2 2 -1 14 -7  0 1 1 1 0 20 0 12.12 
0.016 2 2.10 2.10 2.1 2.1 0.387 0.317 0.2787 0.3137 0.2254 0.0026 0.0000 0.002591 -2.120991 0.2576 0 4.1800 0  -3 44 13 -18 -1 4 20 10  0 1 1 1 0 20 0 12.14 
0.017 2 2.10 2.10 2.1 2.1 0.404 0.369 0.3374 0.3088 -0.1840 0.0030 0.0000 0.002591 -2.120991 0.2576 0 4.1800 0  25 54 19 8 26 29 28 4  0 1 1 1 0 20 0 12.15 
0.018 2 2.10 2.10 2.1 2.1 0.332 0.337 0.3683 0.3522 -0.1036 0.0034 0.0000 0.002591 -2.120994 0.2576 0 4.1800 0  19 32 5 -3 21 25 -8 19  0 1 1 1 0 20 0 12.14 
0.019 2 2.10 2.10 2.1 2.1 0.307 0.302 0.3615 0.3860 0.1581 0.0038 0.0000 0.002591 -2.120999 0.2576 0 4.1800 0  17 30 11 10 24 16 -36 -11  0 1 1 1 0 20 0 12.13 
0.020 2 2.10 2.10 2.1 2.1 0.312 0.368 0.3374 0.3976 0.3887 0.0042 0.0000 0.002591 -2.121003 0.2576 0 4.1800 0  -6 43 -13 3 13 33 20 10  0 1 1 1 0 20 0 12.13 
0.021 2 2.10 2.10 2.1 2.1 0.355 0.308 0.3936 0.3683 -0.1632 0.0046 0.0000 0.002591 -2.121006 0.2576 0 4.1800 0  17 53 23 11 32 14 -5 11  0 1 1 1 0 20 0 12.15 
0.022 2 2.10 2.10 2.1 2.1 0.351 0.264 0.4097 0.3936 -0.1036 0.0050 0.0000 0.002591 -2.121012 0.2576 0 4.1800 0  26 48 22 22 16 32 -18 17  0 1 1 1 0 20 0 12.15 
0.023 2 2.10 2.10 2.1 2.1 0.292 0.306 0.4137 0.4097 -0.0259 0.0054 0.0000 0.002591 -2.121027 0.2576 0 4.1800 0  13 41 23 3 21 28 23 21  0 1 1 1 0 20 0 12.14 
0.024 2 2.10 2.10 2.1 2.1 0.287 0.258 0.3683 0.4317 0.4094 0.0058 0.0000 0.002591 -2.121038 0.2576 0 4.1800 0  9 39 9 1 17 15 -19 0  0 1 1 1 0 20 0 12.14 
0.025 2 2.10 2.10 2.1 2.1 0.300 0.247 0.4056 0.3787 -0.1736 0.0062 0.0000 0.002591 -2.121038 0.2576 0 4.1800 0  33 26 31 24 27 26 2 22  0 1 1 1 0 20 0 12.14 
0.026 2 2.10 2.10 2.1 2.1 0.317 0.298 0.4137 0.4225 0.0570 0.0066 0.0000 0.002591 -2.121036 0.2576 0 4.1800 0  30 9 21 16 10 8 34 15  0 1 1 1 0 20 0 12.14 
0.027 2 2.10 2.10 2.1 2.1 0.292 0.257 0.4362 0.4362 0.0000 0.0070 0.0000 0.002591 -2.121037 0.2576 0 4.1800 0  16 61 10 -11 17 1 23 13  0 1 1 1 0 20 0 12.13 
0.028 2 2.10 2.10 2.1 2.1 0.237 0.206 0.4723 0.4723 0.0000 0.0074 0.0000 0.002591 -2.121041 0.2576 0 4.1800 0  16 43 -6 8 12 12 -12 1  0 1 1 1 0 20 0 12.16 
0.029 2 2.10 2.10 2.1 2.1 0.233 0.271 0.4779 0.3715 -0.6866 0.0080 0.0000 0.000000 -2.121041 0.2576 0 4.1800 0  4 49 20 3 26 13 24 17  0 1 1 1 0 20 0 12.16 
0.030 2 2.10 2.10 2.1 2.1 0.238 0.244 0.4836 0.4723 -0.0726 0.0086 0.0000 0.002591 -2.121045 0.2576 0 4.1800 0  24 22 26 18 24 23 -4 7  0 1 1 1 0 20 0 12.15 
0.031 2 2.10 2.10 2.1 2.1 0.257 0.216 0.4723 0.5149 0.2747 0.0090 0.0000 0.002591 -2.121048 0.2576 0 4.1800 0  21 47 22 34 29 33 -9 4  0 1 1 1 0 20 0 12.14 
0.032 2 2.10 2.10 2.1 2.1 0.257 0.275 0.4896 0.3823 -0.6918 0.0094 0.0000 0.002591 -2.121043 0.2576 0 4.1800 0  15 58 27 8 16 22 9 -9  0 1 1 1 0 20 0 12.15 
0.033 2 2.10 2.10 2.1 2.1 0.214 0.229 0.4896 0.4615 -0.1814 0.0098 0.0000 0.002591 -2.121037 0.2576 0 4.1800 0  23 75 20 -14 18 21 28 10  0 1 1 1 0 20 0 12.15 
0.034 2 2.10 2.10 2.1 2.1 0.221 0.199 0.4956 0.5281 0.2099 0.0106 0.0000 0.002591 -2.121030 0.2576 0 4.1800 0  13 58 12 26 18 23 -6 -1  0 1 1 1 0 20 0 12.16 
0.035 2 2.10 2.10 2.1 2.1 0.256 0.256 0.5149 0.4836 -0.2021 0.0110 0.0000 0.002591 -2.121026 0.2576 0 4.1800 0  5 16 8 26 32 22 16 10  0 1 1 1 0 20 0 12.15 
0.036 2 2.10 2.10 2.1 2.1 0.181 0.230 0.5149 0.5735 0.3783 0.0114 0.0000 0.002591 -2.121026 0.2576 0 4.1800 0  1 57 22 1 24 25 18 8  0 1 1 1 0 20 0 12.15 
0.037 2 2.10 2.10 2.1 2.1 0.193 0.212 0.5149 0.5904 0.4871 0.0122 0.0000 0.002591 -2.121028 0.2576 0 4.1800 0  16 47 16 20 18 11 8 21  0 1 1 1 0 20 0 12.15 
0.038 2 2.10 2.10 2.1 2.1 0.230 0.227 0.5354 0.5149 -0.1321 0.0127 0.0000 0.002591 -2.121025 0.2576 0 4.1800 0  18 39 16 20 25 14 22 18  0 1 1 1 0 20 0 12.16 
0.039 2 2.10 2.10 2.1 2.1 0.222 0.207 0.5426 0.5820 0.2539 0.0131 0.0000 0.002591 -2.121021 0.2576 0 4.1800 0  22 51 18 -10 2 11 32 8  0 1 1 1 0 20 0 12.15 
0.040 2 2.10 2.10 2.1 2.1 0.273 0.168 0.5213 0.5735 0.3368 0.0139 0.0000 0.002591 -2.121024 0.2576 0 4.1800 0  9 63 13 -5 19 25 53 21  0 1 1 1 0 20 0 12.15 
0.041 2 2.10 2.10 2.1 2.1 0.181 0.198 0.5426 0.5281 -0.0933 0.0143 0.0000 0.002591 -2.121027 0.2576 0 4.1800 0  13 58 16 23 22 31 24 18  0 1 1 1 0 20 0 12.16 
0.042 2 2.10 2.10 2.1 2.1 0.151 0.207 0.5354 0.5820 0.3006 0.0147 0.0000 0.002591 -2.121027 0.2576 0 4.1800 0  11 31 17 6 30 29 23 18  0 1 1 1 0 20 0 12.16 
0.043 2 2.10 2.10 2.1 2.1 0.169 0.165 0.5735 0.6177 0.2850 0.0155 0.0000 0.002591 -2.121028 0.2576 0 4.1800 0  14 47 16 1 27 32 50 12  0 1 1 1 0 20 0 12.15 
0.044 2 2.10 2.10 2.1 2.1 0.222 0.199 0.5820 0.5281 -0.3472 0.0159 0.0000 0.002591 -2.121029 0.2576 0 4.1800 0  25 42 8 6 19 37 19 6  0 1 1 1 0 20 0 12.15 
0.045 2 2.10 2.10 2.1 2.1 0.224 0.139 0.5735 0.5575 -0.1036 0.0167 0.0000 0.002591 -2.121033 0.2576 0 4.1800 0  19 71 9 -11 25 3 28 13  0 1 1 1 0 20 0 12.15 
0.046 2 2.10 2.10 2.1 2.1 0.194 0.207 0.5655 0.6374 0.4638 0.0171 0.0000 0.002591 -2.121037 0.2576 0 4.1800 0  14 44 18 -9 13 -1 9 10  0 1 1 1 0 20 0 12.14 
0.047 2 2.10 2.10 2.1 2.1 0.175 0.206 0.5820 0.6273 0.2928 0.0177 0.0000 0.005182 -2.121034 0.2576 0 4.1800 0  19 62 15 -7 19 27 48 6  0 1 1 1 0 20 0 12.16 
0.048 2 2.10 2.10 2.1 2.1 0.158 0.181 0.5820 0.5904 0.0544 0.0183 0.0000 0.002591 -2.121034 0.2576 0 4.1800 0  21 -13 3 10 18 11 32 22  0 1 1 1 0 20 0 12.14 
0.049 2 2.10 2.10 2.1 2.1 0.188 0.170 0.5735 0.4836 -0.5804 0.0189 0.0000 0.005182 -2.121035 0.2576 0 4.1800 0  12 34 15 -9 36 34 48 8  0 1 1 1 0 20 0 12.16 
0.050 2 2.10 2.10 2.1 2.1 0.167 0.165 0.5820 0.6474 0.4224 0.0195 0.0000 0.002591 -2.121030 0.2576 0 4.1800 0  26 50 14 11 31 34 33 17  0 1 1 1 0 20 0 12.16 
0.051 2 2.10 2.10 2.1 2.1 0.205 0.204 0.5992 0.6474 0.3109 0.0201 0.0001 0.005182 -2.121028 0.2576 0 4.1800 0  14 52 13 3 28 33 38 25  0 1 1 1 0 20 0 12.16 
0.052 2 2.10 2.10 2.1 2.1 0.171 0.173 0.5992 0.5820 -0.1114 0.0207 0.0001 0.002591 -2.121025 0.2576 0 4.1800 0  9 25 19 28 11 38 -28 5  0 1 1 1 0 20 0 12.16 
0.053 2 2.10 2.10 2.1 2.1 0.119 0.127 0.5992 0.5904 -0.0570 0.0213 0.0001 0.005182 -2.121026 0.2576 0 4.1800 0  23 67 25 13 33 21 45 13  0 1 1 1 0 20 0 12.16 
0.054 2 2.10 2.10 2.1 2.1 0.121 0.215 0.5735 0.6583 0.5467 0.0219 0.0001 0.002591 -2.121028 0.2576 0 4.1800 0  29 68 27 33 24 18 11 5  0 1 1 1 0 20 0 12.16 
0.055 2 2.10 2.10 2.1 2.1 0.171 0.149 0.5992 0.6474 0.3109 0.0225 0.0001 0.005182 -2.121027 0.2576 0 4.1800 0  9 48 17 -4 16 6 0 6  0 1 1 1 0 20 0 12.15 
0.056 2 2.10 2.10 2.1 2.1 0.235 0.114 0.6273 0.6085 -0.1218 0.0231 0.0001 0.002591 -2.121022 0.2576 0 4.1800 0  25 54 11 20 20 17 25 -6  0 1 1 1 0 20 0 12.15 
0.057 2 2.10 2.10 2.1 2.1 0.223 0.195 0.5904 0.5992 0.0570 0.0237 0.0001 0.005182 -2.121026 0.2576 0 4.1800 0  7 33 11 -19 27 37 37 12  0 1 1 1 0 20 0 12.15 
0.058 2 2.10 2.10 2.1 2.1 0.158 0.132 0.6273 0.6374 0.0648 0.0245 0.0001 0.005182 -2.121035 0.2576 0 4.1800 0  31 62 18 27 47 42 18 4  0 1 1 1 0 20 0 12.16 
0.059 2 2.10 2.10 2.1 2.1 0.144 0.123 0.6273 0.6691 0.2695 0.0249 0.0001 0.005182 -2.121039 0.2576 0 4.1800 0  2 40 21 18 24 32 27 5  0 1 1 1 0 20 0 12.16 
0.060 2 2.10 2.10 2.1 2.1 0.154 0.178 0.6085 0.6583 0.3213 0.0257 0.0001 0.005182 -2.121050 0.2576 0 4.1800 0  12 68 25 -9 25 13 5 14  0 1 1 1 0 20 0 12.15 
0.061 2 2.10 2.10 2.1 2.1 0.165 0.149 0.5992 0.6583 0.3809 0.0261 0.0001 0.005182 -2.121061 0.2576 0 4.1800 0  5 51 -2 0 11 6 17 5  0 1 1 1 0 20 0 12.16 
0.062 2 2.10 2.10 2.1 2.1 0.202 0.124 0.6583 0.5904 -0.4379 0.0269 0.0001 0.005182 -2.121070 0.2576 0 4.1800 0  20 73 32 28 38 36 43 8  0 1 1 1 0 20 0 12.17 
0.063 2 2.10 2.10 2.1 2.1 0.188 0.173 0.6374 0.6924 0.3550 0.0277 0.0001 0.005182 -2.121084 0.2576 0 4.1800 0  28 64 18 0 23 20 39 17  0 1 1 1 0 20 0 12.17 
0.064 2 2.10 2.10 2.1 2.1 0.175 0.133 0.6474 0.6691 0.1399 0.0281 0.0001 0.005182 -2.121089 0.2576 0 4.1800 0  19 75 24 4 25 19 -28 3  0 1 1 1 0 20 0 12.17 
0.065 2 2.10 2.10 2.1 2.1 0.152 0.119 0.6374 0.6374 0.0000 0.0289 0.0001 0.005182 -2.121088 0.2576 0 4.1800 0  12 63 5 -3 4 4 9 0  0 1 1 1 0 20 0 12.16 
0.066 2 2.10 2.10 2.1 2.1 0.173 0.199 0.6374 0.6474 0.0648 0.0293 0.0001 0.005182 -2.121094 0.2576 0 4.1800 0  12 51 35 34 37 31 54 21  0 1 1 1 0 20 0 12.16 
0.067 2 2.10 2.10 2.1 2.1 0.165 0.176 0.6273 0.6474 0.1296 0.0301 0.0001 0.005182 -2.121099 0.2576 0 4.1800 0  -1 42 22 22 29 21 23 9  0 1 1 1 0 20 0 12.15 
0.068 2 2.10 2.10 2.1 2.1 0.189 0.115 0.6374 0.7044 0.4327 0.0307 0.0001 0.007773 -2.121107 0.2576 0 4.1800 0  7 46 11 11 16 4 22 -11  0 1 1 1 0 20 0 12.15 
0.069 2 2.10 2.10 2.1 2.1 0.197 0.165 0.6474 0.6583 0.0700 0.0313 0.0001 0.005182 -2.121115 0.2576 0 4.1800 0  10 39 10 10 11 11 32 4  0 1 1 1 0 20 0 12.15 
0.070 2 2.10 2.10 2.1 2.1 0.153 0.130 0.6273 0.6583 0.1995 0.0321 0.0001 0.005182 -2.121119 0.2576 0 4.1800 0  16 56 38 15 29 35 41 17  0 1 1 1 0 20 0 12.15 
0.071 2 2.10 2.10 2.1 2.1 0.112 0.105 0.6583 0.6474 -0.0700 0.0327 0.0001 0.007773 -2.121119 0.2576 0 4.1800 0  16 70 11 7 25 15 35 12  0 1 1 1 0 20 0 12.14 
0.072 2 2.10 2.10 2.1 2.1 0.121 0.188 0.6273 0.6691 0.2695 0.0333 0.0001 0.005182 -2.121114 0.2576 0 4.1800 0  20 35 15 -10 33 16 45 21  0 1 1 1 0 20 0 12.16 
0.073 2 2.10 2.10 2.1 2.1 0.133 0.116 0.6474 0.6691 0.1399 0.0339 0.0001 0.007773 -2.121110 0.2576 0 4.1800 0  11 52 10 6 17 2 33 9  0 1 1 1 0 20 0 12.18 
0.074 2 2.10 2.10 2.1 2.1 0.154 0.089 0.6474 0.6691 0.1399 0.0347 0.0001 0.007773 -2.121110 0.2576 0 4.1800 0  2 15 23 24 40 23 -22 6  0 1 1 1 0 20 0 12.16 
0.075 2 2.10 2.10 2.1 2.1 0.144 0.127 0.6691 0.6691 0.0000 0.0353 0.0001 0.005182 -2.121111 0.2576 0 4.1800 0  8 26 11 26 41 18 1 25  0 1 1 1 0 20 0 12.16 
0.076 2 2.10 2.10 2.1 2.1 0.146 0.132 0.6374 0.6804 0.2773 0.0359 0.0001 0.007773 -2.121112 0.2576 0 4.1800 0  10 48 19 3 34 28 -14 6  0 1 1 1 0 20 0 12.16 
0.077 2 2.10 2.10 2.1 2.1 0.101 0.146 0.6474 0.6583 0.0700 0.0367 0.0001 0.007773 -2.121112 0.2576 0 4.1800 0  10 62 14 -2 33 10 27 17  0 1 1 1 0 20 0 12.16 
0.078 2 2.10 2.10 2.1 2.1 0.113 0.187 0.6583 0.7302 0.4638 0.0371 0.0001 0.007773 -2.121110 0.2576 0 4.1800 0  12 17 5 -15 19 4 56 3  0 1 1 1 0 20 0 12.16 
0.079 2 2.10 2.10 2.1 2.1 0.154 0.095 0.6583 0.6804 0.1425 0.0380 0.0002 0.007773 -2.121106 0.2576 0 4.1800 0  16 68 19 -9 26 29 34 16  0 1 1 1 0 20 0 12.16 
0.080 2 2.10 2.10 2.1 2.1 0.200 0.078 0.6691 0.7044 0.2280 0.0388 0.0002 0.007773 -2.121102 0.2576 0 4.1800 0  22 65 16 4 22 2 29 6  0 1 1 1 0 20 0 12.16 
0.081 2 2.10 2.10 2.1 2.1 0.136 0.136 0.6583 0.6804 0.1425 0.0392 0.0002 0.007773 -2.121099 0.2576 0 4.1800 0  16 -12 13 10 32 17 -20 2  0 1 1 1 0 20 0 12.17 
0.082 2 2.10 2.10 2.1 2.1 0.079 0.127 0.6474 0.6804 0.2125 0.0400 0.0002 0.007773 -2.121094 0.2576 0 4.1800 0  19 48 9 6 23 16 -7 12  0 1 1 1 0 20 0 12.16 
0.083 2 2.10 2.10 2.1 2.1 0.125 0.104 0.6691 0.6924 0.1503 0.0408 0.0002 0.007773 -2.121095 0.2576 0 4.1800 0  18 56 6 -5 14 14 7 19  0 1 1 1 0 20 0 12.17 
0.084 2 2.10 2.10 2.1 2.1 0.137 0.165 0.6691 0.6804 0.0726 0.0412 0.0002 0.007773 -2.121097 0.2576 0 4.1800 0  15 10 12 24 34 18 -11 15  0 1 1 1 0 20 0 12.17 
0.085 2 2.10 2.10 2.1 2.1 0.181 0.112 0.6583 0.7169 0.3783 0.0420 0.0002 0.007773 -2.121099 0.2576 0 4.1800 0  15 40 0 9 17 28 -29 -3  0 1 1 1 0 20 0 12.16 
0.086 2 2.10 2.10 2.1 2.1 0.183 0.089 0.6924 0.6924 0.0000 0.0428 0.0002 0.007773 -2.121100 0.2576 0 4.1800 0  11 57 4 2 24 12 -2 -6  0 1 1 1 0 20 0 12.16 
0.087 2 2.10 2.10 2.1 2.1 0.131 0.139 0.6474 0.7434 0.6193 0.0434 0.0002 0.010364 -2.121103 0.2576 0 4.1800 0  18 41 28 1 14 14 42 3  0 1 1 1 0 20 0 12.15 
0.088 2 2.10 2.10 2.1 2.1 0.085 0.113 0.6924 0.7044 0.0777 0.0440 0.0002 0.007773 -2.121113 0.2576 0 4.1800 0  11 26 24 20 28 21 -7 17  0 1 1 1 0 20 0 12.15 
0.089 2 2.10 2.10 2.1 2.1 0.123 0.094 0.6474 0.6924 0.2902 0.0446 0.0002 0.010364 -2.121121 0.2576 0 4.1800 0  28 62 20 -2 23 25 37 17  0 1 1 1 0 20 0 12.17 
0.090 2 2.10 2.10 2.1 2.1 0.188 0.138 0.6583 0.7044 0.2980 0.0454 0.0002 0.010364 -2.121127 0.2576 0 4.1800 0  12 40 15 -6 23 28 20 3  0 1 1 1 0 20 0 12.16 
0.091 2 2.10 2.10 2.1 2.1 0.200 0.089 0.6804 0.6691 -0.0726 0.0462 0.0002 0.010364 -2.121132 0.2576 0 4.1800 0  23 52 29 13 28 14 43 17  0 1 1 1 0 20 0 12.16 
0.092 2 2.10 2.10 2.1 2.1 0.129 0.100 0.7044 0.7169 0.0803 0.0468 0.0002 0.007773 -2.121132 0.2576 0 4.1800 0  -7 46 16 -7 26 10 34 6  0 1 1 1 0 20 0 12.16 
0.093 2 2.10 2.10 2.1 2.1 0.101 0.127 0.6924 0.6474 -0.2902 0.0474 0.0002 0.010364 -2.121125 0.2576 0 4.1800 0  17 65 13 6 29 21 39 15  0 1 1 1 0 20 0 12.16 
0.094 2 2.10 2.10 2.1 2.1 0.112 0.135 0.6691 0.7044 0.2280 0.0482 0.0002 0.010364 -2.121117 0.2576 0 4.1800 0  15 46 14 7 23 24 51 21  0 1 1 1 0 20 0 12.16 
0.095 2 2.10 2.10 2.1 2.1 0.167 0.097 0.6804 0.7044 0.1555 0.0490 0.0003 0.010364 -2.121106 0.2576 0 4.1800 0  27 56 6 1 15 22 23 26  0 1 1 1 0 20 0 12.16 
0.096 2 2.10 2.10 2.1 2.1 0.185 0.071 0.6924 0.7044 0.0777 0.0494 0.0003 0.010364 -2.121100 0.2576 0 4.1800 0  12 18 4 5 25 32 16 3  0 1 1 1 0 20 0 12.17 
0.097 2 2.10 2.10 2.1 2.1 0.131 0.161 0.6804 0.7044 0.1555 0.0502 0.0003 0.010364 -2.121103 0.2576 0 4.1800 0  12 69 18 26 37 21 43 10  0 1 1 1 0 20 0 12.17 
0.098 2 2.10 2.10 2.1 2.1 0.125 0.081 0.6924 0.7044 0.0777 0.0510 0.0003 0.010364 -2.121108 0.2576 0 4.1800 0  2 46 19 14 21 64 15 7  0 1 1 1 0 20 0 12.15 
0.099 2 2.10 2.10 2.1 2.1 0.116 0.055 0.6691 0.6583 -0.0700 0.0516 0.0003 0.012956 -2.121111 0.2576 0 4.1800 0  28 61 43 25 47 21 -12 16  0 1 1 1 0 20 0 12.16 
0.100 2 2.10 2.10 2.1 2.1 0.118 0.109 0.6924 0.7169 0.1581 0.0522 0.0003 0.010364 -2.121114 0.2576 0 4.1800 0  40 55 18 29 23 15 28 1  0 1 1 1 0 20 0 12.16 
0.101 2 2.10 2.10 2.1 2.1 0.112 0.126 0.6583 0.7044 0.2980 0.0530 0.0003 0.010364 -2.121110 0.2576 0 4.1800 0  19 69 19 23 38 8 19 19  0 1 1 1 0 20 0 12.16 
0.102 2 2.10 2.10 2.1 2.1 0.144 0.075 0.6804 0.7044 0.1555 0.0536 0.0003 0.012956 -2.121105 0.2576 0 4.1800 0  5 24 2 -21 8 -10 68 13  0 1 1 1 0 20 0 12.17 
0.103 2 2.10 2.10 2.1 2.1 0.158 0.054 0.6924 0.7302 0.2436 0.0544 0.0003 0.012956 -2.121100 0.2576 0 4.1800 0  30 82 32 -5 33 28 53 19  0 1 1 1 0 20 0 12.16 
0.104 2 2.10 2.10 2.1 2.1 0.128 0.095 0.7044 0.7302 0.1658 0.0550 0.0003 0.010364 -2.121092 0.2576 0 4.1800 0  14 10 15 36 42 12 -9 17  0 1 1 1 0 20 0 12.16 
0.105 2 2.10 2.10 2.1 2.1 0.108 0.086 0.6924 0.7044 0.0777 0.0558 0.0003 0.010364 -2.121092 0.2576 0 4.1800 0  2 53 3 17 38 16 -32 -1  0 1 1 1 0 20 0 12.16 
0.106 2 2.10 2.10 2.1 2.1 0.121 0.114 0.6804 0.7434 0.4068 0.0564 0.0003 0.012956 -2.121095 0.2576 0 4.1800 0  -1 7 4 24 9 9 -37 0  0 1 1 1 0 20 0 12.17 
0.107 2 2.10 2.10 2.1 2.1 0.127 0.118 0.6691 0.7169 0.3083 0.0572 0.0003 0.012956 -2.121097 0.2576 0 4.1800 0  25 33 23 5 35 31 59 12  0 1 1 1 0 20 0 12.16 
0.108 2 2.10 2.10 2.1 2.1 0.193 0.095 0.6804 0.7302 0.3213 0.0580 0.0004 0.012956 -2.121107 0.2576 0 4.1800 0  -1 -19 4 10 19 14 29 6  0 1 1 1 0 20 0 12.15 
0.109 2 2.10 2.10 2.1 2.1 0.105 0.046 0.6924 0.7169 0.1581 0.0584 0.0004 0.012956 -2.121119 0.2576 0 4.1800 0  13 25 13 8 21 27 24 2  0 1 1 1 0 20 0 12.15 
0.110 2 2.10 2.10 2.1 2.1 0.070 0.152 0.7044 0.7169 0.0803 0.0592 0.0004 0.012956 -2.121122 0.2576 0 4.1800 0  6 35 4 19 5 17 -12 4  0 1 1 1 0 20 0 12.15 
0.111 2 2.10 2.10 2.1 2.1 0.125 0.136 0.6924 0.6924 0.0000 0.0600 0.0004 0.012956 -2.121119 0.2576 0 4.1800 0  22 32 32 33 41 20 -3 21  0 1 1 1 0 20 0 12.17 
0.112 2 2.10 2.10 2.1 2.1 0.146 0.051 0.7044 0.7302 0.1658 0.0606 0.0004 0.015547 -2.121119 0.2576 0 4.1800 0  12 58 15 -7 38 22 -21 -3  0 1 1 1 0 20 0 12.16 
0.113 2 2.10 2.10 2.1 2.1 0.153 0.106 0.6691 0.7434 0.4794 0.0612 0.0004 0.012956 -2.121114 0.2576 0 4.1800 0  1 15 24 12 28 1 -27 0  0 1 1 1 0 20 0 12.16 
0.114 2 2.10 2.10 2.1 2.1 0.138 0.150 0.7302 0.7302 0.0000 0.0620 0.0004 0.012956 -2.121108 0.2576 0 4.1800 0  19 31 5 19 13 -4 -43 12  0 1 1 1 0 20 0 12.16 
0.115 2 2.10 2.10 2.1 2.1 0.112 0.097 0.6804 0.7575 0.4975 0.0629 0.0004 0.012956 -2.121107 0.2576 0 4.1800 0  13 41 28 16 36 28 -9 10  0 1 1 1 0 20 0 12.16 
0.116 2 2.10 2.10 2.1 2.1 0.124 0.052 0.6924 0.7302 0.2436 0.0635 0.0004 0.015547 -2.121103 0.2576 0 4.1800 0  14 59 19 53 31 22 0 31  0 1 1 1 0 20 0 12.16 
0.117 2 2.10 2.10 2.1 2.1 0.143 0.094 0.7169 0.7575 0.2617 0.0643 0.0004 0.015547 -2.121098 0.2576 0 4.1800 0  11 64 6 5 14 12 -18 -7  0 1 1 1 0 20 0 12.16 
0.118 2 2.10 2.10 2.1 2.1 0.190 0.112 0.6804 0.6691 -0.0726 0.0649 0.0004 0.012956 -2.121102 0.2576 0 4.1800 0  25 11 27 6 20 15 36 4  0 1 1 1 0 20 0 12.16 
0.119 2 2.10 2.10 2.1 2.1 0.150 0.088 0.6804 0.7575 0.4975 0.0655 0.0005 0.015547 -2.121106 0.2576 0 4.1800 0  28 59 23 7 18 31 23 2  0 1 1 1 0 20 0 12.17 
0.120 2 2.10 2.10 2.1 2.1 0.121 0.101 0.7434 0.6691 -0.4794 0.0663 0.0005 0.015547 -2.121108 0.2576 0 4.1800 0  6 28 11 13 24 20 23 20  0 1 1 1 0 20 0 12.17 
0.121 2 2.10 2.10 2.1 2.1 0.083 0.101 0.7169 0.7044 -0.0803 0.0671 0.0005 0.015547 -2.121117 0.2576 0 4.1800 0  7 16 25 18 30 -1 1 -11  0 1 1 1 0 20 0 12.16 
0.122 2 2.10 2.10 2.1 2.1 0.123 0.124 0.6924 0.7169 0.1581 0.0679 0.0005 0.015547 -2.121120 0.2576 0 4.1800 0  12 19 21 33 35 13 2 13  0 1 1 1 0 20 0 12.16 
0.123 2 2.10 2.10 2.1 2.1 0.139 0.107 0.7044 0.7575 0.3420 0.0685 0.0005 0.012956 -2.121119 0.2576 0 4.1800 0  13 23 0 11 28 7 -36 8  0 1 1 1 0 20 0 12.16 
0.124 2 2.10 2.10 2.1 2.1 0.185 0.097 0.7169 0.7723 0.3576 0.0691 0.0005 0.015547 -2.121124 0.2576 0 4.1800 0  6 21 20 42 23 23 -18 3  0 1 1 1 0 20 0 12.16 
0.125 2 2.10 2.10 2.1 2.1 0.177 0.093 0.7044 0.7575 0.3420 0.0699 0.0005 0.015547 -2.121125 0.2576 0 4.1800 0  19 -1 19 -6 15 -2 -20 13  0 1 1 1 0 20 0 12.17 
0.126 2 2.10 2.10 2.1 2.1 0.114 0.082 0.7169 0.7302 0.0855 0.0707 0.0005 0.015547 -2.121121 0.2576 0 4.1800 0  12 26 3 15 21 10 -38 12  0 1 1 1 0 20 0 12.16 
0.127 2 2.10 2.10 2.1 2.1 0.092 0.129 0.6924 0.7575 0.4198 0.0713 0.0005 0.018138 -2.121111 0.2576 0 4.1800 0  17 51 14 -4 18 26 43 13  0 1 1 1 0 20 0 12.16 
0.128 2 2.10 2.10 2.1 2.1 0.097 0.098 0.7169 0.7169 0.0000 0.0719 0.0006 0.015547 -2.121096 0.2576 0 4.1800 0  16 52 17 10 18 21 -7 -8  0 1 1 1 0 20 0 12.17 
0.129 2 2.10 2.10 2.1 2.1 0.125 0.049 0.6804 0.7044 0.1555 0.0727 0.0006 0.015547 -2.121088 0.2576 0 4.1800 0  22 41 11 16 23 13 -2 2  0 1 1 1 0 20 0 12.17 
0.130 2 2.10 2.10 2.1 2.1 0.154 0.156 0.6924 0.7434 0.3291 0.0735 0.0006 0.015547 -2.121088 0.2576 0 4.1800 0  -5 61 15 0 5 7 35 8  0 1 1 1 0 20 0 12.15 
0.131 2 2.10 2.10 2.1 2.1 0.118 0.098 0.7044 0.6804 -0.1555 0.0741 0.0006 0.018138 -2.121086 0.2576 0 4.1800 0  6 57 11 5 34 22 -19 12  0 1 1 1 0 20 0 12.16 
0.132 2 2.10 2.10 2.1 2.1 0.138 0.078 0.7169 0.7434 0.1710 0.0749 0.0006 0.018138 -2.121085 0.2576 0 4.1800 0  26 75 10 18 27 32 17 9  0 1 1 1 0 20 0 12.16 
0.133 2 2.10 2.10 2.1 2.1 0.098 0.091 0.7044 0.6583 -0.2980 0.0755 0.0006 0.015547 -2.121090 0.2576 0 4.1800 0  20 65 30 18 29 25 -8 30  0 1 1 1 0 20 0 12.16 
0.134 2 2.10 2.10 2.1 2.1 0.136 0.100 0.7044 0.7575 0.3420 0.0763 0.0006 0.015547 -2.121092 0.2576 0 4.1800 0  9 32 30 14 28 18 11 11  0 1 1 1 0 20 0 12.17 
0.135 2 2.10 2.10 2.1 2.1 0.124 0.101 0.6804 0.7575 0.4975 0.0769 0.0006 0.018138 -2.121085 0.2576 0 4.1800 0  25 42 19 7 10 27 -32 17  0 1 1 1 0 20 0 12.17 
0.136 2 2.10 2.10 2.1 2.1 0.180 0.067 0.7044 0.7302 0.1658 0.0777 0.0007 0.018138 -2.121083 0.2576 0 4.1800 0  18 45 24 1 18 22 26 9  0 1 1 1 0 20 0 12.17 
0.137 2 2.10 2.10 2.1 2.1 0.186 0.134 0.7044 0.7302 0.1658 0.0785 0.0007 0.018138 -2.121081 0.2576 0 4.1800 0  11 20 13 5 38 14 -37 7  0 1 1 1 0 20 0 12.16 
0.138 2 2.10 2.10 2.1 2.1 0.120 0.106 0.6924 0.7169 0.1581 0.0793 0.0007 0.018138 -2.121081 0.2576 0 4.1800 0  7 47 8 11 40 13 59 27  0 1 1 1 0 20 0 12.16 
0.139 2 2.10 2.10 2.1 2.1 0.086 0.059 0.7044 0.7434 0.2513 0.0799 0.0007 0.020729 -2.121085 0.2576 0 4.1800 0  9 1 13 2 28 18 42 14  0 1 1 1 0 20 0 12.16 
0.140 2 2.10 2.10 2.1 2.1 0.070 0.122 0.7169 0.6804 -0.2358 0.0805 0.0007 0.018138 -2.121087 0.2576 0 4.1800 0  19 72 26 20 26 12 41 25  0 1 1 1 0 20 0 12.16 
0.141 2 2.10 2.10 2.1 2.1 0.116 0.089 0.7044 0.7169 0.0803 0.0813 0.0007 0.018138 -2.121088 0.2576 0 4.1800 0  18 -24 23 27 9 13 37 10  0 1 1 1 0 20 0 12.15 
0.142 2 2.10 2.10 2.1 2.1 0.144 0.046 0.7302 0.6804 -0.3213 0.0821 0.0007 0.018138 -2.121091 0.2576 0 4.1800 0  24 -2 3 32 33 10 -9 13  0 1 1 1 0 20 0 12.17 
0.143 2 2.10 2.10 2.1 2.1 0.184 0.127 0.6924 0.7169 0.1581 0.0827 0.0007 0.020729 -2.121095 0.2576 0 4.1800 0  23 27 10 -9 12 14 33 6  0 1 1 1 0 20 0 12.16 
0.144 2 2.10 2.10 2.1 2.1 0.145 0.081 0.7302 0.5992 -0.8447 0.0833 0.0008 0.018138 -2.121099 0.2576 0 4.1800 0  34 60 13 29 26 41 38 3  0 1 1 1 0 20 0 12.17 
0.145 2 2.10 2.10 2.1 2.1 0.095 0.065 0.6691 0.7044 0.2280 0.0841 0.0008 0.018138 -2.121097 0.2576 0 4.1800 0  21 -5 4 35 28 5 -23 -12  0 1 1 1 0 20 0 12.16 
0.146 2 2.10 2.10 2.1 2.1 0.108 0.122 0.6924 0.7575 0.4198 0.0849 0.0008 0.018138 -2.121093 0.2576 0 4.1800 0  19 29 21 28 16 10 -28 11  0 1 1 1 0 20 0 12.16 
0.147 2 2.10 2.10 2.1 2.1 0.135 0.084 0.7044 0.6924 -0.0777 0.0855 0.0008 0.020729 -2.121096 0.2576 0 4.1800 0  9 38 10 -8 12 15 19 -9  0 1 1 1 0 20 0 12.16 
0.148 2 2.10 2.10 2.1 2.1 0.135 0.078 0.7434 0.7169 -0.1710 0.0863 0.0008 0.020729 -2.121099 0.2576 0 4.1800 0  26 63 26 13 40 23 -6 15  0 1 1 1 0 20 0 12.16 
0.149 2 2.10 2.10 2.1 2.1 0.156 0.164 0.7302 0.7302 0.0000 0.0871 0.0008 0.020729 -2.121096 0.2576 0 4.1800 0  6 49 21 15 18 34 21 9  0 1 1 1 0 20 0 12.17 
0.150 2 2.10 2.10 2.1 2.1 0.121 0.105 0.7169 0.7723 0.3576 0.0880 0.0008 0.020729 -2.121089 0.2576 0 4.1800 0  12 64 -2 2 21 30 13 9  0 1 1 1 0 20 0 12.16 
0.151 2 2.10 2.10 2.1 2.1 0.121 0.063 0.7302 0.7044 -0.1658 0.0886 0.0009 0.018138 -2.121091 0.2576 0 4.1800 0  7 53 5 -5 9 0 -32 13  0 1 1 1 0 20 0 12.15 
0.152 2 2.10 2.10 2.1 2.1 0.067 0.082 0.7044 0.6691 -0.2280 0.0892 0.0009 0.020729 -2.121096 0.2576 0 4.1800 0  33 62 33 0 32 28 61 13  0 1 1 1 0 20 0 12.16 
0.153 2 2.10 2.10 2.1 2.1 0.095 0.106 0.7169 0.7302 0.0855 0.0900 0.0009 0.020729 -2.121098 0.2576 0 4.1800 0  25 0 23 12 12 30 4 8  0 1 1 1 0 20 0 12.16 
0.154 2 2.10 2.10 2.1 2.1 0.130 0.100 0.7044 0.7044 0.0000 0.0908 0.0009 0.020729 -2.121097 0.2576 0 4.1800 0  13 59 18 4 24 26 29 15  0 1 1 1 0 20 0 12.16 
0.155 2 2.10 2.10 2.1 2.1 0.158 0.160 0.7302 0.7169 -0.0855 0.0916 0.0009 0.020729 -2.121098 0.2576 0 4.1800 0  3 51 14 8 17 18 -28 11  0 1 1 1 0 20 0 12.16 
0.156 2 2.10 2.10 2.1 2.1 0.131 0.051 0.7302 0.7575 0.1762 0.0920 0.0009 0.020729 -2.121102 0.2576 0 4.1800 0  22 4 30 -6 27 29 67 22  0 1 1 1 0 20 0 12.16 
0.157 2 2.10 2.10 2.1 2.1 0.093 0.051 0.7169 0.7723 0.3576 0.0928 0.0009 0.020729 -2.121103 0.2576 0 4.1800 0  9 4 -4 9 2 0 -40 -20  0 1 1 1 0 20 0 12.16 
0.158 2 2.10 2.10 2.1 2.1 0.076 0.115 0.7169 0.7434 0.1710 0.0936 0.0010 0.020729 -2.121104 0.2576 0 4.1800 0  9 25 5 21 20 12 -21 15  0 1 1 1 0 20 0 12.17 
0.159 2 2.10 2.10 2.1 2.1 0.121 0.090 0.7302 0.7723 0.2721 0.0944 0.0010 0.020729 -2.121113 0.2576 0 4.1800 0  20 62 21 10 14 13 32 -9  0 1 1 1 0 20 0 12.16 
0.160 2 2.10 2.10 2.1 2.1 0.142 0.056 0.7044 0.7434 0.2513 0.0950 0.0010 0.023320 -2.121117 0.2576 0 4.1800 0  11 62 15 11 38 13 35 10  0 1 1 1 0 20 0 12.16 
0.161 2 2.10 2.10 2.1 2.1 0.151 0.141 0.7044 0.7575 0.3420 0.0958 0.0010 0.023320 -2.121115 0.2576 0 4.1800 0  12 63 22 12 22 31 -19 15  0 1 1 1 0 20 0 12.16 
0.162 2 2.10 2.10 2.1 2.1 0.140 0.063 0.6924 0.7169 0.1581 0.0964 0.0010 0.020729 -2.121115 0.2576 0 4.1800 0  -3 40 7 4 30 25 3 13  0 1 1 1 0 20 0 12.17 
0.163 2 2.10 2.10 2.1 2.1 0.116 0.045 0.7044 0.7434 0.2513 0.0972 0.0010 0.020729 -2.121110 0.2576 0 4.1800 0  10 12 17 -1 23 6 -14 -4  0 1 1 1 0 20 0 12.15 
0.164 2 2.10 2.10 2.1 2.1 0.078 0.088 0.7169 0.7169 0.0000 0.0978 0.0011 0.023320 -2.121104 0.2576 0 4.1800 0  4 -1 18 38 45 29 -46 -3  0 1 1 1 0 20 0 12.16 
0.165 2 2.10 2.10 2.1 2.1 0.094 0.071 0.7169 0.7434 0.1710 0.0986 0.0011 0.023320 -2.121108 0.2576 0 4.1800 0  0 -2 17 36 33 20 -21 5  0 1 1 1 0 20 0 12.15 
0.166 2 2.10 2.10 2.1 2.1 0.106 0.103 0.7169 0.7169 0.0000 0.0994 0.0011 0.023320 -2.121112 0.2576 0 4.1800 0  9 48 28 8 18 11 9 17  0 1 1 1 0 20 0 12.16 
0.167 2 2.10 2.10 2.1 2.1 0.173 0.151 0.7302 0.7575 0.1762 0.1002 0.0011 0.023320 -2.121117 0.2576 0 4.1800 0  5 57 12 0 34 19 28 5  0 1 1 1 0 20 0 12.17 
0.168 2 2.10 2.10 2.1 2.1 0.154 0.081 0.6804 0.7434 0.4068 0.1006 0.0011 0.023320 -2.121126 0.2576 0 4.1800 0  28 62 21 3 26 17 48 7  0 1 1 1 0 20 0 12.16 
0.169 2 2.10 2.10 2.1 2.1 0.118 0.044 0.7434 0.7434 0.0000 0.1014 0.0011 0.023320 -2.121132 0.2576 0 4.1800 0  2 72 22 8 27 7 39 8  0 1 1 1 0 20 0 12.17 
0.170 2 2.10 2.10 2.1 2.1 0.113 0.056 0.6924 0.7575 0.4198 0.1022 0.0012 0.023320 -2.121133 0.2576 0 4.1800 0  8 71 14 16 7 14 30 -17  0 1 1 1 0 20 0 12.17 
0.171 2 2.10 2.10 2.1 2.1 0.104 0.082 0.7434 0.7302 -0.0855 0.1030 0.0012 0.023320 -2.121132 0.2576 0 4.1800 0  14 13 37 31 20 5 -13 1  0 1 1 1 0 20 0 12.16 
0.172 2 2.10 2.10 2.1 2.1 0.146 0.056 0.6374 0.7723 0.8706 0.1036 0.0012 0.025911 -2.121129 0.2576 0 4.1800 0  8 15 10 12 37 15 -18 11  0 1 1 1 0 20 0 12.16 
0.173 2 2.10 2.10 2.1 2.1 0.188 0.164 0.7044 0.6804 -0.1555 0.1042 0.0012 0.023320 -2.121129 0.2576 0 4.1800 0  15 23 14 23 21 23 31 29  0 1 1 1 0 20 0 12.15 
0.174 2 2.10 2.10 2.1 2.1 0.114 0.100 0.7169 0.7169 0.0000 0.1050 0.0012 0.023320 -2.121136 0.2576 0 4.1800 0  20 42 7 11 24 34 29 18  0 1 1 1 0 20 0 12.16 
0.175 2 2.10 2.10 2.1 2.1 0.078 0.088 0.7434 0.7302 -0.0855 0.1058 0.0012 0.023320 -2.121139 0.2576 0 4.1800 0  5 44 13 2 14 23 7 21  0 1 1 1 0 20 0 12.17 
0.176 2 2.10 2.10 2.1 2.1 0.048 0.150 0.7302 0.7723 0.2721 0.1066 0.0013 0.023320 -2.121142 0.2576 0 4.1800 0  -4 -22 7 41 14 27 -9 13  0 1 1 1 0 20 0 12.16 
0.177 2 2.10 2.10 2.1 2.1 0.108 0.079 0.7044 0.7044 0.0000 0.1072 0.0013 0.025911 -2.121146 0.2576 0 4.1800 0  -16 -9 20 14 28 16 28 17  0 1 1 1 0 20 0 12.17 
0.178 2 2.10 2.10 2.1 2.1 0.162 0.021 0.7169 0.6804 -0.2358 0.1080 0.0013 0.025911 -2.121154 0.2576 0 4.1800 0  8 -3 7 29 28 12 -21 3  0 1 1 1 0 20 0 12.17 
0.179 2 2.10 2.10 2.1 2.1 0.147 0.081 0.7044 0.7302 0.1658 0.1086 0.0013 0.023320 -2.121160 0.2576 0 4.1800 0  6 28 25 17 23 17 -1 19  0 1 1 1 0 20 0 12.17 
0.180 2 2.10 2.10 2.1 2.1 0.110 0.099 0.7169 0.7575 0.2617 0.1094 0.0013 0.023320 -2.121161 0.2576 0 4.1800 0  23 -14 18 10 31 28 -34 0  0 1 1 1 0 20 0 12.16 
0.181 2 2.10 2.10 2.1 2.1 0.076 0.087 0.6924 0.7575 0.4198 0.1100 0.0013 0.025911 -2.121156 0.2576 0 4.1800 0  28 67 34 5 24 46 22 20  0 1 1 1 0 20 0 12.16 
0.182 2 2.10 2.10 2.1 2.1 0.132 0.115 0.7169 0.7575 0.2617 0.1108 0.0014 0.025911 -2.121150 0.2576 0 4.1800 0  29 21 23 19 22 31 -7 15  0 1 1 1 0 20 0 12.16 
0.183 2 2.10 2.10 2.1 2.1 0.128 0.105 0.7302 0.7723 0.2721 0.1116 0.0014 0.025911 -2.121148 0.2576 0 4.1800 0  12 51 20 -2 16 18 33 12  0 1 1 1 0 20 0 12.15 
0.184 2 2.10 2.10 2.1 2.1 0.119 0.080 0.7044 0.6804 -0.1555 0.1122 0.0014 0.023320 -2.121147 0.2576 0 4.1800 0  2 53 4 11 -2 13 -3 2  0 1 1 1 0 20 0 12.16 
0.185 2 2.10 2.10 2.1 2.1 0.105 0.131 0.7169 0.7434 0.1710 0.1130 0.0014 0.023320 -2.121143 0.2576 0 4.1800 0  16 -40 15 19 37 21 37 25  0 1 1 1 0 20 0 12.16 
0.186 2 2.10 2.10 2.1 2.1 0.075 0.083 0.7302 0.7044 -0.1658 0.1136 0.0014 0.025911 -2.121139 0.2576 0 4.1800 0  4 56 30 22 18 30 61 26  0 1 1 1 0 20 0 12.16 
0.187 2 2.10 2.10 2.1 2.1 0.143 0.074 0.7044 0.7044 0.0000 0.1145 0.0015 0.025911 -2.121132 0.2576 0 4.1800 0  22 43 13 8 24 35 -29 -8  0 1 1 1 0 20 0 12.15 
0.188 2 2.10 2.10 2.1 2.1 0.138 0.126 0.7044 0.6804 -0.1555 0.1153 0.0015 0.025911 -2.121130 0.2576 0 4.1800 0  -4 12 8 3 8 0 9 17  0 1 1 1 0 20 0 12.17 
0.189 2 2.10 2.10 2.1 2.1 0.129 0.107 0.6924 0.6924 0.0000 0.1161 0.0015 0.025911 -2.121132 0.2576 0 4.1800 0  26 45 24 24 28 26 32 13  0 1 1 1 0 20 0 12.16 
0.190 2 2.10 2.10 2.1 2.1 0.123 0.060 0.7169 0.7169 0.0000 0.1165 0.0015 0.025911 -2.121127 0.2576 0 4.1800 0  7 8 11 22 19 16 -4 14  0 1 1 1 0 20 0 12.17 
0.191 2 2.10 2.10 2.1 2.1 0.120 0.107 0.7169 0.7044 -0.0803 0.1173 0.0015 0.025911 -2.121121 0.2576 0 4.1800 0  16 16 16 44 29 22 -9 1  0 1 1 1 0 20 0 12.16 
0.192 2 2.10 2.10 2.1 2.1 0.112 0.093 0.7169 0.7302 0.0855 0.1181 0.0016 0.025911 -2.121111 0.2576 0 4.1800 0  -15 3 6 -6 16 6 -1 0  0 1 1 1 0 20 0 12.17 
0.193 2 2.10 2.10 2.1 2.1 0.096 0.102 0.7169 0.7169 0.0000 0.1189 0.0016 0.025911 -2.121104 0.2576 0 4.1800 0  28 72 21 17 48 31 5 20  0 1 1 1 0 20 0 12.16 
0.194 2 2.10 2.10 2.1 2.1 0.127 0.119 0.7169 0.7434 0.1710 0.1195 0.0016 0.028502 -2.121104 0.2576 0 4.1800 0  4 17 23 20 42 10 19 15  0 1 1 1 0 20 0 12.16 
0.195 2 2.10 2.10 2.1 2.1 0.124 0.062 0.6804 0.7169 0.2358 0.1203 0.0016 0.028502 -2.121108 0.2576 0 4.1800 0  26 51 20 25 31 31 -14 27  0 1 1 1 0 20 0 12.15 
0.196 2 2.10 2.10 2.1 2.1 0.111 0.058 0.7434 0.7044 -0.2513 0.1209 0.0016 0.025911 -2.121112 0.2576 0 4.1800 0  2 30 4 -16 10 10 48 8  0 1 1 1 0 20 0 12.16 
0.197 2 2.10 2.10 2.1 2.1 0.111 0.075 0.6924 0.6474 -0.2902 0.1217 0.0016 0.025911 -2.121119 0.2576 0 4.1800 0  5 45 22 5 23 30 49 15  0 1 1 1 0 20 0 12.17 
0.198 2 2.10 2.10 2.1 2.1 0.100 0.092 0.7169 0.7044 -0.0803 0.1223 0.0017 0.028502 -2.121130 0.2576 0 4.1800 0  -1 -12 15 31 18 10 -21 0  0 1 1 1 0 20 0 12.17 
0.199 2 2.10 2.10 2.1 2.1 0.133 0.085 0.7434 0.6474 -0.6193 0.1231 0.0017 0.028502 -2.121134 0.2576 0 4.1800 0  23 53 22 17 21 29 -25 -10  0 1 1 1 0 20 0 12.16 
0.200 4 4.10 4.10 4.1 4.1 0.138 0.091 0.7044 0.6583 -0.2980 0.1237 0.0017 0.025911 -2.121135 0.2576 0 4.1800 0  17 22 5 8 36 13 -12 7  0 1 1 1 0 20 0 12.16 
0.201 4 4.10 4.10 4.1 4.1 0.318 0.268 0.7044 0.7044 0.0000 0.1245 0.0017 0.025911 -2.121131 0.2576 0 4.1800 0  15 -29 5 34 49 29 21 23  0 1 1 1 0 20 0 12.10 
0.202 4 4.10 4.10 4.1 4.1 0.367 0.356 0.7575 0.7169 -0.2617 0.1253 0.0017 0.025911 -2.121125 0.2576 0 4.1800 0  13 39 18 -18 4 20 38 14  0 1 1 1 0 20 0 12.04 
0.203 4 4.10 4.10 4.1 4.1 0.492 0.588 0.7575 0.7723 0.0959 0.1259 0.0018 0.028502 -2.121125 0.2576 0 4.1800 0  17 15 19 15 15 5 9 17  0 1 1 1 0 20 0 12.03 
0.204 4 4.10 4.10 4.1 4.1 0.579 0.531 0.7575 0.7575 0.0000 0.1267 0.0018 0.028502 -2.121128 0.2576 0 4.1800 0  20 19 16 6 14 8 0 9  0 1 1 1 0 20 0 12.00 
0.205 4 4.10 4.10 4.1 4.1 0.624 0.565 0.7872 0.7575 -0.1917 0.1275 0.0018 0.028502 -2.121125 0.2576 0 4.1800 0  7 16 15 18 18 30 31 26  0 1 1 1 0 20 0 12.00 
0.206 4 4.10 4.10 4.1 4.1 0.547 0.534 0.8032 0.8032 0.0000 0.1283 0.0018 0.028502 -2.121119 0.2576 0 4.1800 0  10 11 7 2 10 7 -5 -3  0 1 1 1 0 20 0 12.02 
0.207 4 4.10 4.10 4.1 4.1 0.534 0.507 0.8543 0.8366 -0.1140 0.1293 0.0019 0.025911 -2.121120 0.2576 0 4.1800 0  1 4 -7 -1 2 0 20 6  0 1 1 1 0 20 0 12.02 
0.208 4 4.10 4.10 4.1 4.1 0.565 0.521 0.8543 0.8727 0.1192 0.1303 0.0019 0.028502 -2.121124 0.2576 0 4.1800 0  15 28 8 -8 25 9 -4 1  0 1 1 1 0 20 0 12.02 
0.209 4 4.10 4.10 4.1 4.1 0.509 0.512 0.8924 0.8366 -0.3602 0.1311 0.0019 0.028502 -2.121134 0.2576 0 4.1800 0  8 7 6 28 20 25 -16 6  0 1 1 1 0 20 0 12.03 
0.210 4 4.10 4.10 4.1 4.1 0.448 0.496 0.8924 0.9125 0.1296 0.1319 0.0019 0.028502 -2.121142 0.2576 0 4.1800 0  14 40 12 -19 6 20 26 4  0 1 1 1 0 20 0 12.03 
0.211 4 4.10 4.10 4.1 4.1 0.442 0.489 0.9125 0.9559 0.2798 0.1329 0.0020 0.031093 -2.121151 0.2576 0 4.1800 0  25 34 12 10 0 24 -11 8  0 1 1 1 0 20 0 12.03 
0.212 4 4.10 4.10 4.1 4.1 0.538 0.447 0.9559 0.9796 0.1529 0.1339 0.0020 0.028502 -2.121157 0.2576 0 4.1800 0  16 29 10 9 8 23 3 14  0 1 1 1 0 20 0 12.03 
0.213 4 4.10 4.10 4.1 4.1 0.497 0.466 0.9796 1.0298 0.3239 0.1349 0.0020 0.031093 -2.121148 0.2576 0 4.1800 0  19 49 20 17 28 18 6 13  0 1 1 1 0 20 0 12.04 
0.214 4 4.10 4.10 4.1 4.1 0.464 0.415 1.0041 1.0041 0.0000 0.1359 0.0021 0.028502 -2.121138 0.2576 0 4.1800 0  4 38 20 -3 3 13 -12 1  0 1 1 1 0 20 0 12.03 
0.215 4 4.10 4.10 4.1 4.1 0.434 0.404 1.0041 1.0567 0.3394 0.1369 0.0021 0.031093 -2.121135 0.2576 0 4.1800 0  12 6 13 -15 11 16 20 22  0 1 1 1 0 20 0 12.03 
0.216 4 4.10 4.10 4.1 4.1 0.396 0.391 0.9559 1.0567 0.6504 0.1379 0.0021 0.028502 -2.121135 0.2576 0 4.1800 0  3 28 8 19 21 4 25 18  0 1 1 1 0 20 0 12.05 
0.217 4 4.10 4.10 4.1 4.1 0.395 0.367 1.0567 1.0852 0.1840 0.1389 0.0021 0.031093 -2.121141 0.2576 0 4.1800 0  29 26 25 2 14 22 6 8  0 1 1 1 0 20 0 12.05 
0.218 4 4.10 4.10 4.1 4.1 0.432 0.378 1.0567 1.1153 0.3783 0.1401 0.0022 0.031093 -2.121156 0.2576 0 4.1800 0  13 -9 10 17 23 33 20 26  0 1 1 1 0 20 0 12.06 
0.219 4 4.10 4.10 4.1 4.1 0.363 0.348 1.0852 1.0852 0.0000 0.1411 0.0022 0.033685 -2.121168 0.2576 0 4.1800 0  2 46 13 22 17 19 -7 6  0 1 1 1 0 20 0 12.05 
0.220 4 4.10 4.10 4.1 4.1 0.344 0.419 1.1153 1.1153 0.0000 0.1422 0.0022 0.031093 -2.121169 0.2576 0 4.1800 0  -8 36 27 -7 14 19 22 9  0 1 1 1 0 20 0 12.05 
0.221 4 4.10 4.10 4.1 4.1 0.416 0.340 1.1153 1.1474 0.2073 0.1434 0.0023 0.031093 -2.121165 0.2576 0 4.1800 0  10 39 19 18 15 31 29 17  0 1 1 1 0 20 0 12.05 
0.222 4 4.10 4.10 4.1 4.1 0.409 0.375 1.1153 1.2169 0.6556 0.1444 0.0023 0.033685 -2.121163 0.2576 0 4.1800 0  11 43 21 19 10 26 19 14  0 1 1 1 0 20 0 12.07 
0.223 4 4.10 4.10 4.1 4.1 0.342 0.355 1.1474 1.2169 0.4483 0.1456 0.0024 0.033685 -2.121166 0.2576 0 4.1800 0  26 50 25 -36 11 16 30 7  0 1 1 1 0 20 0 12.06 
0.224 4 4.10 4.10 4.1 4.1 0.371 0.331 1.1474 1.2169 0.4483 0.1466 0.0024 0.031093 -2.121188 0.2576 0 4.1800 0  6 33 16 19 20 25 0 10  0 1 1 1 0 20 0 12.06 
0.225 4 4.10 4.10 4.1 4.1 0.348 0.330 1.1474 1.1812 0.2177 0.1478 0.0024 0.031093 -2.121217 0.2576 0 4.1800 0  21 40 23 11 22 22 26 5  0 1 1 1 0 20 0 12.07 
0.226 4 4.10 4.10 4.1 4.1 0.387 0.289 1.1812 1.2551 0.4768 0.1490 0.0025 0.031093 -2.121228 0.2576 0 4.1800 0  25 37 35 -4 23 26 28 28  0 1 1 1 0 20 0 12.07 
0.227 4 4.10 4.10 4.1 4.1 0.388 0.393 1.1812 1.2169 0.2306 0.1500 0.0025 0.033685 -2.121222 0.2576 0 4.1800 0  2 39 29 -2 7 11 17 12  0 1 1 1 0 20 0 12.06 
0.228 4 4.10 4.10 4.1 4.1 0.291 0.328 1.1474 1.2952 0.9535 0.1512 0.0025 0.033685 -2.121214 0.2576 0 4.1800 0  4 26 -1 22 7 7 1 0  0 1 1 1 0 20 0 12.09 
0.229 4 4.10 4.10 4.1 4.1 0.318 0.286 1.1812 1.2169 0.2306 0.1524 0.0026 0.033685 -2.121211 0.2576 0 4.1800 0  15 36 -2 -7 20 19 -10 16  0 1 1 1 0 20 0 12.09 
0.230 4 4.10 4.10 4.1 4.1 0.372 0.333 1.2169 1.2952 0.5053 0.1536 0.0026 0.033685 -2.121220 0.2576 0 4.1800 0  24 38 28 -4 31 27 23 19  0 1 1 1 0 20 0 12.08 
0.231 4 4.10 4.10 4.1 4.1 0.306 0.265 1.2169 1.2169 0.0000 0.1548 0.0027 0.033685 -2.121233 0.2576 0 4.1800 0  12 40 12 16 24 33 -8 4  0 1 1 1 0 20 0 12.08 
0.232 4 4.10 4.10 4.1 4.1 0.286 0.248 1.2169 1.2952 0.5053 0.1560 0.0027 0.033685 -2.121234 0.2576 0 4.1800 0  -3 30 28 6 11 26 21 12  0 1 1 1 0 20 0 12.07 
0.233 4 4.10 4.10 4.1 4.1 0.289 0.275 1.2169 1.3386 0.7851 0.1574 0.0027 0.036276 -2.121224 0.2576 0 4.1800 0  -7 34 9 -3 2 11 -29 6  0 1 1 1 0 20 0 12.09 
0.234 4 4.10 4.10 4.1 4.1 0.279 0.257 1.2169 1.2952 0.5053 0.1586 0.0028 0.036276 -2.121216 0.2576 0 4.1800 0  15 33 21 11 40 30 28 22  0 1 1 1 0 20 0 12.09 
0.235 4 4.10 4.10 4.1 4.1 0.313 0.270 1.2169 1.2952 0.5053 0.1598 0.0028 0.036276 -2.121209 0.2576 0 4.1800 0  20 48 10 -2 18 29 33 13  0 1 1 1 0 20 0 12.09 
0.236 4 4.10 4.10 4.1 4.1 0.274 0.289 1.2169 1.2952 0.5053 0.1610 0.0029 0.036276 -2.121196 0.2576 0 4.1800 0  19 -21 10 -3 10 0 21 -3  0 1 1 1 0 20 0 12.10 
0.237 4 4.10 4.10 4.1 4.1 0.262 0.242 1.2952 1.2952 0.0000 0.1622 0.0029 0.036276 -2.121193 0.2576 0 4.1800 0  -3 20 1 -16 1 -4 -23 17  0 1 1 1 0 20 0 12.08 
0.238 4 4.10 4.10 4.1 4.1 0.326 0.261 1.2551 1.3386 0.5390 0.1634 0.0030 0.036276 -2.121184 0.2576 0 4.1800 0  11 38 8 28 27 32 6 11  0 1 1 1 0 20 0 12.07 
0.239 4 4.10 4.10 4.1 4.1 0.325 0.275 1.2952 1.3386 0.2798 0.1648 0.0030 0.038867 -2.121166 0.2576 0 4.1800 0  18 -5 5 24 34 24 10 18  0 1 1 1 0 20 0 12.10 
0.240 4 4.10 4.10 4.1 4.1 0.307 0.249 1.2551 1.3386 0.5390 0.1660 0.0031 0.038867 -2.121157 0.2576 0 4.1800 0  10 27 21 29 21 28 10 9  0 1 1 1 0 20 0 12.10 
0.241 4 4.10 4.10 4.1 4.1 0.280 0.229 1.2952 1.3386 0.2798 0.1672 0.0031 0.038867 -2.121145 0.2576 0 4.1800 0  9 -16 -8 -1 24 7 12 -5  0 1 1 1 0 20 0 12.10 
0.242 4 4.10 4.10 4.1 4.1 0.280 0.302 1.2952 1.3848 0.5778 0.1684 0.0032 0.038867 -2.121140 0.2576 0 4.1800 0  8 18 23 37 27 44 -3 22  0 1 1 1 0 20 0 12.09 
0.243 4 4.10 4.10 4.1 4.1 0.304 0.273 1.2952 1.3848 0.5778 0.1698 0.0032 0.041458 -2.121140 0.2576 0 4.1800 0  10 -1 6 -7 32 2 -16 8  0 1 1 1 0 20 0 12.10 
0.244 4 4.10 4.10 4.1 4.1 0.309 0.237 1.2551 1.3848 0.8369 0.1710 0.0033 0.041458 -2.121138 0.2576 0 4.1800 0  25 40 24 13 20 34 -4 12  0 1 1 1 0 20 0 12.10 
0.245 4 4.10 4.10 4.1 4.1 0.241 0.237 1.2952 1.3848 0.5778 0.1723 0.0033 0.041458 -2.121150 0.2576 0 4.1800 0  16 21 19 15 2 8 -19 1  0 1 1 1 0 20 0 12.09 
0.246 4 4.10 4.10 4.1 4.1 0.281 0.238 1.2952 1.3848 0.5778 0.1737 0.0034 0.038867 -2.121161 0.2576 0 4.1800 0  10 16 7 -6 19 8 18 28  0 1 1 1 0 20 0 12.09 
0.247 4 4.10 4.10 4.1 4.1 0.272 0.227 1.2952 1.3386 0.2798 0.1751 0.0034 0.041458 -2.121171 0.2576 0 4.1800 0  29 13 -1 -5 20 13 -10 1  0 1 1 1 0 20 0 12.11 
0.248 4 4.10 4.10 4.1 4.1 0.306 0.192 1.2952 1.4342 0.8965 0.1763 0.0035 0.041458 -2.121182 0.2576 0 4.1800 0  9 32 3 -9 23 15 -17 16  0 1 1 1 0 20 0 12.10 
0.249 4 4.10 4.10 4.1 4.1 0.230 0.162 1.2952 1.4872 1.2386 0.1777 0.0035 0.044049 -2.121192 0.2576 0 4.1800 0  4 45 4 4 42 33 6 8  0 1 1 1 0 20 0 12.10 
0.250 4 4.10 4.10 4.1 4.1 0.158 0.162 1.2952 1.3848 0.5778 0.1789 0.0036 0.044049 -2.121203 0.2576 0 4.1800 0  19 10 33 -2 18 21 22 5  0 1 1 1 0 20 0 12.10 
0.251 4 4.10 4.10 4.1 4.1 0.272 0.192 1.3386 1.4342 0.6167 0.1801 0.0036 0.044049 -2.121205 0.2576 0 4.1800 0  35 12 -1 -2 24 24 24 8  0 1 1 1 0 20 0 12.08 
0.252 4 4.10 4.10 4.1 4.1 0.272 0.208 1.3848 1.4342 0.3187 0.1817 0.0037 0.044049 -2.121197 0.2576 0 4.1800 0  8 42 12 30 21 21 14 14  0 1 1 1 0 20 0 12.10 
0.253 4 4.10 4.10 4.1 4.1 0.300 0.238 1.3386 1.3848 0.2980 0.1829 0.0038 0.044049 -2.121188 0.2576 0 4.1800 0  23 10 9 13 50 9 16 1  0 1 1 1 0 20 0 12.11 
0.254 4 4.10 4.10 4.1 4.1 0.240 0.207 1.3848 1.4342 0.3187 0.1841 0.0038 0.044049 -2.121180 0.2576 0 4.1800 0  19 37 17 17 20 28 15 1  0 1 1 1 0 20 0 12.10 
0.255 4 4.10 4.10 4.1 4.1 0.225 0.165 1.3848 1.4872 0.6607 0.1855 0.0039 0.046640 -2.121177 0.2576 0 4.1800 0  7 22 -5 -5 13 -14 8 1  0 1 1 1 0 20 0 12.11 
0.256 4 4.10 4.10 4.1 4.1 0.294 0.179 1.3386 1.4872 0.9587 0.1867 0.0039 0.046640 -2.121164 0.2576 0 4.1800 0  3 33 14 18 22 13 -10 10  0 1 1 1 0 20 0 12.11 
0.257 4 4.10 4.10 4.1 4.1 0.302 0.174 1.3386 1.4872 0.9587 0.1883 0.0040 0.046640 -2.121139 0.2576 0 4.1800 0  -5 27 6 4 31 9 -5 14  0 1 1 1 0 20 0 12.09 
0.258 4 4.10 4.10 4.1 4.1 0.285 0.219 1.3386 1.4872 0.9587 0.1895 0.0041 0.046640 -2.121114 0.2576 0 4.1800 0  17 5 17 21 16 18 4 2  0 1 1 1 0 20 0 12.10 
0.259 4 4.10 4.10 4.1 4.1 0.233 0.204 1.3386 1.4872 0.9587 0.1907 0.0041 0.046640 -2.121101 0.2576 0 4.1800 0  30 52 14 -7 18 28 14 21  0 1 1 1 0 20 0 12.11 
0.260 4 4.10 4.10 4.1 4.1 0.207 0.219 1.3386 1.4872 0.9587 0.1921 0.0042 0.049231 -2.121103 0.2576 0 4.1800 0  5 36 21 23 8 23 6 5  0 1 1 1 0 20 0 12.11 
0.261 4 4.10 4.10 4.1 4.1 0.261 0.158 1.3848 1.4872 0.6607 0.1935 0.0043 0.046640 -2.121105 0.2576 0 4.1800 0  11 28 13 -7 29 17 3 10  0 1 1 1 0 20 0 12.10 
0.262 4 4.10 4.10 4.1 4.1 0.283 0.195 1.3386 1.4342 0.6167 0.1949 0.0043 0.049231 -2.121119 0.2576 0 4.1800 0  9 22 9 11 21 13 -22 5  0 1 1 1 0 20 0 12.10 
0.263 4 4.10 4.10 4.1 4.1 0.284 0.161 1.3848 1.4872 0.6607 0.1961 0.0044 0.049231 -2.121141 0.2576 0 4.1800 0  8 34 3 17 27 26 -9 17  0 1 1 1 0 20 0 12.11 
0.264 4 4.10 4.10 4.1 4.1 0.216 0.176 1.3848 1.4872 0.6607 0.1977 0.0045 0.049231 -2.121158 0.2576 0 4.1800 0  0 2 4 -3 38 18 34 14  0 1 1 1 0 20 0 12.10 
0.265 4 4.10 4.10 4.1 4.1 0.197 0.169 1.3386 1.4342 0.6167 0.1989 0.0045 0.049231 -2.121181 0.2576 0 4.1800 0  21 10 -4 27 27 8 30 8  0 1 1 1 0 20 0 12.11 
0.266 4 4.10 4.10 4.1 4.1 0.248 0.169 1.3848 1.4872 0.6607 0.2003 0.0046 0.051822 -2.121198 0.2576 0 4.1800 0  26 51 13 8 30 28 28 20  0 1 1 1 0 20 0 12.11 
0.267 4 4.10 4.10 4.1 4.1 0.234 0.226 1.4342 1.4872 0.3420 0.2017 0.0047 0.049231 -2.121211 0.2576 0 4.1800 0  24 54 19 4 30 23 20 19  0 1 1 1 0 20 0 12.12 
0.268 4 4.10 4.10 4.1 4.1 0.284 0.154 1.3848 1.4872 0.6607 0.2031 0.0047 0.051822 -2.121216 0.2576 0 4.1800 0  15 41 13 24 14 32 10 15  0 1 1 1 0 20 0 12.11 
0.269 4 4.10 4.10 4.1 4.1 0.230 0.139 1.4342 1.4872 0.3420 0.2043 0.0048 0.051822 -2.121210 0.2576 0 4.1800 0  30 34 4 20 35 7 -6 13  0 1 1 1 0 20 0 12.11 
0.270 4 4.10 4.10 4.1 4.1 0.172 0.198 1.3848 1.5446 1.0313 0.2060 0.0049 0.051822 -2.121194 0.2576 0 4.1800 0  -3 25 18 8 31 32 9 7  0 1 1 1 0 20 0 12.09 
0.271 4 4.10 4.10 4.1 4.1 0.248 0.183 1.3848 1.4872 0.6607 0.2072 0.0049 0.051822 -2.121170 0.2576 0 4.1800 0  20 21 10 28 41 15 29 1  0 1 1 1 0 20 0 12.11 
0.272 4 4.10 4.10 4.1 4.1 0.219 0.183 1.3848 1.4342 0.3187 0.2086 0.0050 0.054414 -2.121143 0.2576 0 4.1800 0  31 37 4 2 40 22 13 17  0 1 1 1 0 20 0 12.12 
0.273 4 4.10 4.10 4.1 4.1 0.248 0.205 1.3848 1.4872 0.6607 0.2100 0.0051 0.051822 -2.121117 0.2576 0 4.1800 0  18 24 8 11 8 27 -6 6  0 1 1 1 0 20 0 12.12 
0.274 4 4.10 4.10 4.1 4.1 0.210 0.157 1.3848 1.4872 0.6607 0.2114 0.0052 0.054414 -2.121102 0.2576 0 4.1800 0  12 11 -6 27 23 -7 24 7  0 1 1 1 0 20 0 12.12 
0.275 4 4.10 4.10 4.1 4.1 0.196 0.165 1.3848 1.4342 0.3187 0.2126 0.0052 0.054414 -2.121092 0.2576 0 4.1800 0  24 51 23 30 47 32 3 13  0 1 1 1 0 20 0 12.12 
0.276 4 4.10 4.10 4.1 4.1 0.164 0.150 1.3848 1.4342 0.3187 0.2142 0.0053 0.054414 -2.121081 0.2576 0 4.1800 0  17 36 16 11 13 21 -4 16  0 1 1 1 0 20 0 12.11 
0.277 4 4.10 4.10 4.1 4.1 0.217 0.141 1.3848 1.3386 -0.2980 0.2154 0.0054 0.054414 -2.121083 0.2576 0 4.1800 0  14 -16 8 35 14 -13 -11 -10  0 1 1 1 0 20 0 12.11 
0.278 4 4.10 4.10 4.1 4.1 0.233 0.173 1.4342 1.5446 0.7126 0.2168 0.0055 0.057005 -2.121099 0.2576 0 4.1800 0  -3 23 4 -7 21 -4 -23 2  0 1 1 1 0 20 0 12.09 
0.279 4 4.10 4.10 4.1 4.1 0.229 0.133 1.3848 1.4872 0.6607 0.2184 0.0056 0.057005 -2.121122 0.2576 0 4.1800 0  32 28 17 9 46 0 32 18  0 1 1 1 0 20 0 12.11 
0.280 4 4.10 4.10 4.1 4.1 0.251 0.179 1.4342 1.4872 0.3420 0.2196 0.0056 0.057005 -2.121145 0.2576 0 4.1800 0  13 16 23 14 22 21 5 18  0 1 1 1 0 20 0 12.11 
0.281 4 4.10 4.10 4.1 4.1 0.214 0.175 1.3848 1.1153 -1.7386 0.2212 0.0057 0.057005 -2.121166 0.2576 0 4.1800 0  16 21 8 -10 32 15 25 15  0 1 1 1 0 20 0 12.11 
0.282 4 4.10 4.10 4.1 4.1 0.171 0.148 1.4342 1.5446 0.7126 0.2224 0.0058 0.057005 -2.121194 0.2576 0 4.1800 0  4 42 2 -2 36 11 -16 7  0 1 1 1 0 20 0 12.10 
0.283 4 4.10 4.10 4.1 4.1 0.176 0.203 1.4872 1.5446 0.3705 0.2238 0.0059 0.059596 -2.121222 0.2576 0 4.1800 0  18 0 7 18 36 13 36 23  0 1 1 1 0 20 0 12.12 
0.284 4 4.10 4.10 4.1 4.1 0.176 0.154 1.4342 1.4342 0.0000 0.2252 0.0060 0.057005 -2.121226 0.2576 0 4.1800 0  5 35 18 6 27 16 29 16  0 1 1 1 0 20 0 12.10 
0.285 4 4.10 4.10 4.1 4.1 0.227 0.172 1.4342 1.4872 0.3420 0.2266 0.0060 0.059596 -2.121204 0.2576 0 4.1800 0  3 36 12 15 32 19 13 12  0 1 1 1 0 20 0 12.11 
0.286 4 4.10 4.10 4.1 4.1 0.232 0.203 1.4342 1.5446 0.7126 0.2282 0.0061 0.059596 -2.121180 0.2576 0 4.1800 0  4 11 -13 4 -3 9 -29 5  0 1 1 1 0 20 0 12.11 
0.287 4 4.10 4.10 4.1 4.1 0.213 0.140 1.4342 1.5446 0.7126 0.2294 0.0062 0.059596 -2.121169 0.2576 0 4.1800 0  -1 0 5 35 -7 36 64 10  0 1 1 1 0 20 0 12.13 
0.288 4 4.10 4.10 4.1 4.1 0.154 0.136 1.4342 1.5446 0.7126 0.2308 0.0063 0.062187 -2.121159 0.2576 0 4.1800 0  12 35 5 12 13 33 25 20  0 1 1 1 0 20 0 12.13 
0.289 4 4.10 4.10 4.1 4.1 0.172 0.149 1.4342 1.6065 1.1116 0.2322 0.0064 0.059596 -2.121139 0.2576 0 4.1800 0  10 32 21 23 10 24 4 12  0 1 1 1 0 20 0 12.10 
0.290 4 4.10 4.10 4.1 4.1 0.226 0.126 1.4342 1.6065 1.1116 0.2336 0.0065 0.062187 -2.121125 0.2576 0 4.1800 0  41 2 9 33 1 33 -7 4  0 1 1 1 0 20 0 12.13 
0.291 4 4.10 4.10 4.1 4.1 0.271 0.126 1.4342 1.6065 1.1116 0.2352 0.0066 0.062187 -2.121122 0.2576 0 4.1800 0  -1 19 2 21 25 27 -11 27  0 1 1 1 0 20 0 12.11 
0.292 4 4.10 4.10 4.1 4.1 0.249 0.108 1.4342 1.5446 0.7126 0.2364 0.0066 0.062187 -2.121114 0.2576 0 4.1800 0  2 17 20 21 26 24 -11 15  0 1 1 1 0 20 0 12.11 
0.293 4 4.10 4.10 4.1 4.1 0.171 0.158 1.4342 1.5446 0.7126 0.2378 0.0067 0.064778 -2.121106 0.2576 0 4.1800 0  9 42 16 14 36 43 25 11  0 1 1 1 0 20 0 12.11 
0.294 4 4.10 4.10 4.1 4.1 0.215 0.154 1.4872 1.4872 0.0000 0.2394 0.0068 0.064778 -2.121100 0.2576 0 4.1800 0  15 25 11 2 30 1 25 12  0 1 1 1 0 20 0 12.08 
0.295 4 4.10 4.10 4.1 4.1 0.231 0.140 1.4342 1.5446 0.7126 0.2406 0.0069 0.064778 -2.121105 0.2576 0 4.1800 0  4 31 8 6 22 19 9 7  0 1 1 1 0 20 0 12.10 
0.296 4 4.10 4.10 4.1 4.1 0.247 0.160 1.4342 1.5446 0.7126 0.2422 0.0070 0.064778 -2.121119 0.2576 0 4.1800 0  12 23 16 21 16 10 -4 -5  0 1 1 1 0 20 0 12.11 
0.297 4 4.10 4.10 4.1 4.1 0.240 0.165 1.4872 1.6065 0.7696 0.2434 0.0071 0.064778 -2.121125 0.2576 0 4.1800 0  19 30 10 18 30 14 16 21  0 1 1 1 0 20 0 12.11 
0.298 4 4.10 4.10 4.1 4.1 0.177 0.231 1.4342 1.6065 1.1116 0.2450 0.0072 0.064778 -2.121116 0.2576 0 4.1800 0  0 37 14 10 13 11 49 9  0 1 1 1 0 20 0 12.12 
0.299 4 4.10 4.10 4.1 4.1 0.174 0.101 1.4342 1.6065 1.1116 0.2464 0.0073 0.067369 -2.121109 0.2576 0 4.1800 0  9 15 6 1 17 30 22 0  0 1 1 1 0 20 0 12.11 
0.300 4 4.10 4.10 4.1 4.1 0.185 0.149 1.4342 1.5446 0.7126 0.2478 0.0074 0.064778 -2.121119 0.2576 0 4.1800 0  20 48 14 -8 22 9 -7 14  0 1 1 1 0 20 0 12.11 
0.301 4 4.10 4.10 4.1 4.1 0.174 0.118 1.4342 1.5446 0.7126 0.2493 0.0075 0.067369 -2.121128 0.2576 0 4.1800 0  5 40 10 -4 26 15 -8 8  0 1 1 1 0 20 0 12.11 
0.302 4 4.10 4.10 4.1 4.1 0.179 0.196 1.3848 1.5446 1.0313 0.2505 0.0076 0.067369 -2.121122 0.2576 0 4.1800 0  9 37 10 2 38 18 16 4  0 1 1 1 0 20 0 12.12 
0.303 4 4.10 4.10 4.1 4.1 0.170 0.173 1.4342 1.6065 1.1116 0.2521 0.0077 0.067369 -2.121118 0.2576 0 4.1800 0  21 1 24 9 13 20 21 8  0 1 1 1 0 20 0 12.14 
0.304 4 4.10 4.10 4.1 4.1 0.173 0.108 1.4342 1.5446 0.7126 0.2535 0.0078 0.069960 -2.121129 0.2576 0 4.1800 0  -13 -11 -2 1 53 12 10 7  0 1 1 1 0 20 0 12.13 
0.305 4 4.10 4.10 4.1 4.1 0.139 0.146 1.4872 1.4872 0.0000 0.2549 0.0079 0.067369 -2.121141 0.2576 0 4.1800 0  16 30 19 -3 22 22 28 33  0 1 1 1 0 20 0 12.12 
0.306 4 4.10 4.10 4.1 4.1 0.189 0.158 1.4872 1.5446 0.3705 0.2563 0.0079 0.069960 -2.121149 0.2576 0 4.1800 0  20 8 17 15 36 19 -4 11  0 1 1 1 0 20 0 12.12 
0.307 4 4.10 4.10 4.1 4.1 0.181 0.163 1.4342 1.5446 0.7126 0.2579 0.0081 0.069960 -2.121149 0.2576 0 4.1800 0  4 22 9 31 23 14 39 28  0 1 1 1 0 20 0 12.12 
0.308 4 4.10 4.10 4.1 4.1 0.225 0.190 1.4872 1.5446 0.3705 0.2591 0.0081 0.069960 -2.121143 0.2576 0 4.1800 0  2 40 10 8 20 27 -16 6  0 1 1 1 0 20 0 12.11 
0.309 4 4.10 4.10 4.1 4.1 0.196 0.120 1.4872 1.6065 0.7696 0.2607 0.0083 0.069960 -2.121144 0.2576 0 4.1800 0  9 31 19 21 14 13 6 25  0 1 1 1 0 20 0 12.12 
0.310 4 4.10 4.10 4.1 4.1 0.232 0.184 1.4342 1.6065 1.1116 0.2621 0.0084 0.072551 -2.121140 0.2576 0 4.1800 0  33 16 15 38 17 18 1 6  0 1 1 1 0 20 0 12.12 
0.311 4 4.10 4.10 4.1 4.1 0.187 0.239 1.4872 1.5446 0.3705 0.2635 0.0085 0.069960 -2.121127 0.2576 0 4.1800 0  17 0 9 6 24 25 4 8  0 1 1 1 0 20 0 12.13 
0.312 4 4.10 4.10 4.1 4.1 0.178 0.139 1.4872 1.5446 0.3705 0.2649 0.0086 0.072551 -2.121113 0.2576 0 4.1800 0  23 34 24 15 32 9 14 10  0 1 1 1 0 20 0 12.13 
0.313 4 4.10 4.10 4.1 4.1 0.261 0.132 1.4872 1.6065 0.7696 0.2665 0.0087 0.072551 -2.121113 0.2576 0 4.1800 0  28 37 14 14 24 20 -16 14  0 1 1 1 0 20 0 12.13 
0.314 4 4.10 4.10 4.1 4.1 0.209 0.197 1.4872 1.5446 0.3705 0.2677 0.0088 0.072551 -2.121117 0.2576 0 4.1800 0  17 9 23 41 9 8 -11 12  0 1 1 1 0 20 0 12.12 
0.315 4 4.10 4.10 4.1 4.1 0.141 0.163 1.4872 1.6065 0.7696 0.2693 0.0089 0.072551 -2.121104 0.2576 0 4.1800 0  0 -2 -2 6 54 7 23 22  0 1 1 1 0 20 0 12.12 
0.316 4 4.10 4.10 4.1 4.1 0.177 0.127 1.4342 1.5446 0.7126 0.2707 0.0090 0.075143 -2.121089 0.2576 0 4.1800 0  16 39 18 20 43 29 14 16  0 1 1 1 0 20 0 12.13 
0.317 4 4.10 4.10 4.1 4.1 0.206 0.180 1.3848 1.4872 0.6607 0.2719 0.0091 0.075143 -2.121089 0.2576 0 4.1800 0  1 25 2 7 15 26 -19 8  0 1 1 1 0 20 0 12.12 
0.318 4 4.10 4.10 4.1 4.1 0.239 0.158 1.4342 1.5446 0.7126 0.2735 0.0092 0.075143 -2.121101 0.2576 0 4.1800 0  4 -7 4 29 17 -2 0 16  0 1 1 1 0 20 0 12.12 
0.319 4 4.10 4.10 4.1 4.1 0.226 0.115 1.4342 1.5446 0.7126 0.2749 0.0093 0.077734 -2.121107 0.2576 0 4.1800 0  -3 25 -11 1 5 8 15 -2  0 1 1 1 0 20 0 12.12 
0.320 4 4.10 4.10 4.1 4.1 0.139 0.195 1.4342 1.6065 1.1116 0.2763 0.0094 0.075143 -2.121105 0.2576 0 4.1800 0  19 37 21 42 27 13 43 14  0 1 1 1 0 20 0 12.13 
0.321 4 4.10 4.10 4.1 4.1 0.171 0.118 1.4342 1.5446 0.7126 0.2777 0.0095 0.077734 -2.121113 0.2576 0 4.1800 0  7 12 12 5 34 25 3 27  0 1 1 1 0 20 0 12.12 
0.322 4 4.10 4.10 4.1 4.1 0.193 0.115 1.4872 1.5446 0.3705 0.2793 0.0096 0.077734 -2.121132 0.2576 0 4.1800 0  31 28 8 -2 33 28 4 1  0 1 1 1 0 20 0 12.11 
0.323 4 4.10 4.10 4.1 4.1 0.203 0.146 1.4872 1.6065 0.7696 0.2805 0.0097 0.077734 -2.121142 0.2576 0 4.1800 0  13 33 -17 -10 -2 15 11 5  0 1 1 1 0 20 0 12.11 
0.324 4 4.10 4.10 4.1 4.1 0.196 0.146 1.4342 1.6065 1.1116 0.2821 0.0099 0.077734 -2.121135 0.2576 0 4.1800 0  31 43 33 3 36 4 17 7  0 1 1 1 0 20 0 12.11 
0.325 4 4.10 4.10 4.1 4.1 0.158 0.118 1.4872 1.5446 0.3705 0.2835 0.0100 0.080325 -2.121123 0.2576 0 4.1800 0  15 28 13 5 19 36 -1 29  0 1 1 1 0 20 0 12.13 
0.326 4 4.10 4.10 4.1 4.1 0.172 0.166 1.4342 1.6065 1.1116 0.2849 0.0101 0.077734 -2.121112 0.2576 0 4.1800 0  15 20 -9 -4 8 6 4 1  0 1 1 1 0 20 0 12.12 
0.327 4 4.10 4.10 4.1 4.1 0.223 0.119 1.4342 1.6065 1.1116 0.2863 0.0102 0.080325 -2.121100 0.2576 0 4.1800 0  5 16 0 9 9 18 10 6  0 1 1 1 0 20 0 12.12 
0.328 4 4.10 4.10 4.1 4.1 0.153 0.100 1.4342 1.6065 1.1116 0.2879 0.0103 0.080325 -2.121080 0.2576 0 4.1800 0  13 19 0 13 34 27 22 26  0 1 1 1 0 20 0 12.13 
0.329 4 4.10 4.10 4.1 4.1 0.131 0.187 1.4872 1.6065 0.7696 0.2891 0.0104 0.080325 -2.121058 0.2576 0 4.1800 0  22 40 17 -5 32 24 25 33  0 1 1 1 0 20 0 12.13 
0.330 4 4.10 4.10 4.1 4.1 0.128 0.099 1.4342 1.5446 0.7126 0.2907 0.0105 0.080325 -2.121049 0.2576 0 4.1800 0  5 38 11 19 27 13 31 16  0 1 1 1 0 20 0 12.13 
0.331 4 4.10 4.10 4.1 4.1 0.200 0.110 1.4872 1.5446 0.3705 0.2921 0.0107 0.082916 -2.121055 0.2576 0 4.1800 0  2 32 9 -2 23 -3 -10 24  0 1 1 1 0 20 0 12.12 
0.332 4 4.10 4.10 4.1 4.1 0.206 0.158 1.4872 1.5446 0.3705 0.2935 0.0108 0.080325 -2.121064 0.2576 0 4.1800 0  19 16 31 25 8 23 -6 10  0 1 1 1 0 20 0 12.12 
0.333 4 4.10 4.10 4.1 4.1 0.200 0.183 1.4872 1.6065 0.7696 0.2949 0.0109 0.082916 -2.121072 0.2576 0 4.1800 0  24 34 27 33 32 33 6 17  0 1 1 1 0 20 0 12.12 
0.334 4 4.10 4.10 4.1 4.1 0.133 0.137 1.4872 1.5446 0.3705 0.2965 0.0110 0.082916 -2.121078 0.2576 0 4.1800 0  11 32 20 -10 39 13 5 5  0 1 1 1 0 20 0 12.14 
0.335 4 4.10 4.10 4.1 4.1 0.112 0.158 1.4342 1.6065 1.1116 0.2979 0.0111 0.085507 -2.121089 0.2576 0 4.1800 0  5 -7 3 -5 33 0 45 12  0 1 1 1 0 20 0 12.13 
0.336 4 4.10 4.10 4.1 4.1 0.186 0.137 1.4342 1.6065 1.1116 0.2993 0.0113 0.082916 -2.121103 0.2576 0 4.1800 0  15 24 13 -4 13 14 5 5  0 1 1 1 0 20 0 12.14 
0.337 4 4.10 4.10 4.1 4.1 0.192 0.145 1.4872 1.6065 0.7696 0.3007 0.0114 0.085507 -2.121105 0.2576 0 4.1800 0  12 24 15 9 42 11 25 25  0 1 1 1 0 20 0 12.12 
0.338 4 4.10 4.10 4.1 4.1 0.193 0.101 1.4872 1.5446 0.3705 0.3023 0.0115 0.085507 -2.121096 0.2576 0 4.1800 0  17 36 6 0 34 18 25 21  0 1 1 1 0 20 0 12.11 
0.339 4 4.10 4.10 4.1 4.1 0.133 0.135 1.5446 1.6065 0.3990 0.3037 0.0116 0.082916 -2.121096 0.2576 0 4.1800 0  22 -8 25 4 22 6 -2 6  0 1 1 1 0 20 0 12.11 
0.340 4 4.10 4.10 4.1 4.1 0.163 0.126 1.4872 1.5446 0.3705 0.3051 0.0118 0.085507 -2.121102 0.2576 0 4.1800 0  11 25 7 28 20 10 -7 4  0 1 1 1 0 20 0 12.11 
0.341 4 4.10 4.10 4.1 4.1 0.192 0.098 1.4342 1.5446 0.7126 0.3067 0.0119 0.085507 -2.121104 0.2576 0 4.1800 0  21 44 13 4 6 22 7 13  0 1 1 1 0 20 0 12.13 
0.342 4 4.10 4.10 4.1 4.1 0.199 0.163 1.4872 1.6065 0.7696 0.3081 0.0120 0.088098 -2.121094 0.2576 0 4.1800 0  22 48 13 8 39 10 5 12  0 1 1 1 0 20 0 12.12 
0.343 4 4.10 4.10 4.1 4.1 0.184 0.129 1.4342 1.5446 0.7126 0.3093 0.0121 0.088098 -2.121092 0.2576 0 4.1800 0  11 32 3 15 17 21 24 16  0 1 1 1 0 20 0 12.13 
0.344 4 4.10 4.10 4.1 4.1 0.146 0.122 1.4872 1.5446 0.3705 0.3109 0.0123 0.088098 -2.121103 0.2576 0 4.1800 0  15 37 6 -12 34 10 5 13  0 1 1 1 0 20 0 12.12 
0.345 4 4.10 4.10 4.1 4.1 0.127 0.137 1.3386 1.5446 1.3292 0.3125 0.0124 0.088098 -2.121112 0.2576 0 4.1800 0  13 44 9 0 13 30 5 14  0 1 1 1 0 20 0 12.12 
0.346 4 4.10 4.10 4.1 4.1 0.164 0.135 1.4872 1.4872 0.0000 0.3137 0.0125 0.088098 -2.121114 0.2576 0 4.1800 0  20 -3 13 26 33 39 7 21  0 1 1 1 0 20 0 12.12 
0.347 4 4.10 4.10 4.1 4.1 0.186 0.115 1.4872 1.6065 0.7696 0.3153 0.0126 0.088098 -2.121117 0.2576 0 4.1800 0  8 12 20 25 40 13 10 10  0 1 1 1 0 20 0 12.12 
0.348 4 4.10 4.10 4.1 4.1 0.171 0.215 1.4872 1.6732 1.1997 0.3167 0.0128 0.090689 -2.121129 0.2576 0 4.1800 0  6 11 14 27 21 7 2 6  0 1 1 1 0 20 0 12.12 
0.349 4 4.10 4.10 4.1 4.1 0.145 0.105 1.4872 1.6732 1.1997 0.3183 0.0129 0.090689 -2.121138 0.2576 0 4.1800 0  25 -7 14 -19 26 13 21 26  0 1 1 1 0 20 0 12.13 
0.350 4 4.10 4.10 4.1 4.1 0.156 0.155 1.4342 1.6065 1.1116 0.3195 0.0130 0.090689 -2.121138 0.2576 0 4.1800 0  14 54 18 12 42 10 22 4  0 1 1 1 0 20 0 12.11 
0.351 4 4.10 4.10 4.1 4.1 0.176 0.153 1.4342 1.6065 1.1116 0.3211 0.0132 0.090689 -2.121137 0.2576 0 4.1800 0  10 46 5 7 40 23 10 20  0 1 1 1 0 20 0 12.12 
0.352 4 4.10 4.10 4.1 4.1 0.192 0.128 1.5446 1.6065 0.3990 0.3225 0.0133 0.093280 -2.121136 0.2576 0 4.1800 0  11 20 9 13 32 5 18 13  0 1 1 1 0 20 0 12.12 
0.353 4 4.10 4.10 4.1 4.1 0.139 0.136 1.4872 1.6065 0.7696 0.3239 0.0134 0.090689 -2.121132 0.2576 0 4.1800 0  22 37 15 29 15 27 -3 11  0 1 1 1 0 20 0 12.12 
0.354 4 4.10 4.10 4.1 4.1 0.157 0.116 1.4872 1.6065 0.7696 0.3253 0.0136 0.093280 -2.121122 0.2576 0 4.1800 0  28 34 18 6 18 19 9 13  0 1 1 1 0 20 0 12.11 
0.355 4 4.10 4.10 4.1 4.1 0.176 0.108 1.4872 1.5446 0.3705 0.3269 0.0137 0.093280 -2.121110 0.2576 0 4.1800 0  9 52 13 11 33 28 31 23  0 1 1 1 0 20 0 12.12 
0.356 4 4.10 4.10 4.1 4.1 0.200 0.124 1.4872 1.5446 0.3705 0.3281 0.0138 0.093280 -2.121110 0.2576 0 4.1800 0  -1 18 23 39 23 13 -8 13  0 1 1 1 0 20 0 12.12 
0.357 4 4.10 4.10 4.1 4.1 0.200 0.122 1.4342 1.5446 0.7126 0.3297 0.0140 0.093280 -2.121121 0.2576 0 4.1800 0  22 24 10 -10 0 24 23 21  0 1 1 1 0 20 0 12.13 
0.358 4 4.10 4.10 4.1 4.1 0.153 0.170 1.4872 1.6065 0.7696 0.3311 0.0141 0.095872 -2.121137 0.2576 0 4.1800 0  21 20 22 4 15 24 20 11  0 1 1 1 0 20 0 12.12 
0.359 4 4.10 4.10 4.1 4.1 0.165 0.152 1.4872 1.5446 0.3705 0.3327 0.0143 0.095872 -2.121158 0.2576 0 4.1800 0  25 4 21 40 11 18 -10 -15  0 1 1 1 0 20 0 12.13 
0.360 4 4.10 4.10 4.1 4.1 0.182 0.136 1.4872 1.5446 0.3705 0.3339 0.0144 0.095872 -2.121175 0.2576 0 4.1800 0  -1 28 1 -1 26 -7 5 14  0 1 1 1 0 20 0 12.13 
0.361 4 4.10 4.10 4.1 4.1 0.189 0.089 1.4872 1.5446 0.3705 0.3355 0.0145 0.095872 -2.121192 0.2576 0 4.1800 0  11 38 6 33 40 19 12 34  0 1 1 1 0 20 0 12.15 
0.362 4 4.10 4.10 4.1 4.1 0.119 0.183 1.4872 1.6065 0.7696 0.3369 0.0147 0.098463 -2.121202 0.2576 0 4.1800 0  18 31 21 25 10 16 5 0  0 1 1 1 0 20 0 12.13 
0.363 4 4.10 4.10 4.1 4.1 0.155 0.159 1.4872 1.6065 0.7696 0.3383 0.0148 0.095872 -2.121198 0.2576 0 4.1800 0  9 22 13 15 21 25 21 20  0 1 1 1 0 20 0 12.12 
0.364 4 4.10 4.10 4.1 4.1 0.183 0.146 1.4872 1.6065 0.7696 0.3397 0.0149 0.098463 -2.121189 0.2576 0 4.1800 0  8 19 2 7 32 14 16 13  0 1 1 1 0 20 0 12.12 
0.365 4 4.10 4.10 4.1 4.1 0.249 0.146 1.4342 1.6065 1.1116 0.3413 0.0151 0.098463 -2.121190 0.2576 0 4.1800 0  14 40 31 9 40 45 10 24  0 1 1 1 0 20 0 12.12 
0.366 4 4.10 4.10 4.1 4.1 0.169 0.125 1.4872 1.6065 0.7696 0.3429 0.0153 0.098463 -2.121194 0.2576 0 4.1800 0  -4 23 4 4 33 9 16 22  0 1 1 1 0 20 0 12.12 
0.367 4 4.10 4.10 4.1 4.1 0.174 0.137 1.4872 1.6065 0.7696 0.3441 0.0154 0.098463 -2.121181 0.2576 0 4.1800 0  13 27 2 30 17 1 24 5  0 1 1 1 0 20 0 12.12 
0.368 4 4.10 4.10 4.1 4.1 0.209 0.109 1.4872 1.6065 0.7696 0.3457 0.0155 0.098463 -2.121165 0.2576 0 4.1800 0  -4 -9 -4 26 22 1 31 27  0 1 1 1 0 20 0 12.12 
0.369 4 4.10 4.10 4.1 4.1 0.245 0.171 1.4872 1.6065 0.7696 0.3471 0.0157 0.101054 -2.121160 0.2576 0 4.1800 0  11 25 9 40 47 23 16 15  0 1 1 1 0 20 0 12.13 
0.370 4 4.10 4.10 4.1 4.1 0.208 0.135 1.2952 1.5446 1.6091 0.3485 0.0158 0.098463 -2.121164 0.2576 0 4.1800 0  12 49 22 -3 20 9 19 15  0 1 1 1 0 20 0 12.13 
