%% logfile from robot 29
%  1    time 0.000 sec
%  2    mission (0) state 2
%  3  4 Motor velocity ref left, right: 2.10 2.10
%  5  6 Motor voltage [V] left, right: 2.1 2.1
%  7  8 Motor current left, right [A]: -0.012 -0.006
%  9 10 Wheel velocity [m/s] left, right: 0.0000 0.0000
% 11 12 13 14 Pose x,y,h,tilt [m,m,rad,rad]: 0.0000 0.0000 0.000000 -2.182703
% 15 .. 34 Line sensor: left 1.296167 0, right 4.180000 0, values 16 29 22 7 19 15 7 9, white 0, used 1, LEDhigh=1, xb=1 xw=0 xbc=20 xwc=0
% 34    Battery voltage [V]: 12.17
0.001 2 2.10 2.10 2.1 2.1 0.059 0.129 0.0000 0.0000 0.0000 0.0000 0.000000 -2.182705 1.2962 0 4.1800 0  18 18 25 27 16 13 -16 15  0 1 1 1 0 20 0 12.12 
0.002 2 2.10 2.10 2.1 2.1 0.319 0.346 0.0000 0.0000 0.0000 0.0000 0.000000 -2.182703 1.2962 0 4.1800 0  14 6 13 21 11 16 23 14  0 1 1 1 0 20 0 12.09 
0.003 2 2.10 2.10 2.1 2.1 0.439 0.462 0.0000 0.0000 0.0000 0.0000 0.000000 -2.182703 1.2962 0 4.1800 0  21 44 19 34 14 26 13 15  0 1 1 1 0 20 0 12.09 
0.004 2 2.10 2.10 2.1 2.1 0.489 0.488 0.0000 0.0000 0.0000 0.0000 0.000000 -2.182710 1.2962 0 4.1800 0  5 44 14 25 27 17 16 14  0 1 1 1 0 20 0 12.08 
0.005 2 2.10 2.10 2.1 2.1 0.569 0.522 0.0000 0.0000 0.0004 0.0000 0.000000 -2.182717 1.2962 0 4.1800 0  11 16 2 46 20 21 6 8  0 1 1 1 0 20 0 12.07 
0.006 2 2.10 2.10 2.1 2.1 0.522 0.553 0.0000 0.0000 0.0004 0.0000 0.000000 -2.182720 1.2962 0 4.1800 0  -2 6 7 3 15 16 -1 6  0 1 1 1 0 20 0 12.08 
0.007 2 2.10 2.10 2.1 2.1 0.489 0.561 0.0000 0.0000 0.0004 0.0000 0.000000 -2.182719 1.2962 0 4.1800 0  24 13 36 25 34 28 1 24  0 1 1 1 0 20 0 12.07 
0.008 2 2.10 2.10 2.1 2.1 0.496 0.536 0.1213 0.1213 0.0008 0.0000 0.000000 -2.182724 1.2962 0 4.1800 0  15 18 13 24 24 21 28 3  0 1 1 1 0 20 0 12.07 
0.009 2 2.10 2.10 2.1 2.1 0.465 0.470 0.1213 0.1213 0.0008 0.0000 0.000000 -2.182734 1.2962 0 4.1800 0  10 25 10 28 11 14 19 7  0 1 1 1 0 20 0 12.07 
0.010 2 2.10 2.10 2.1 2.1 0.450 0.446 0.1213 0.1996 0.0010 0.0000 0.002591 -2.182743 1.2962 0 4.1800 0  25 15 6 23 10 11 13 20  0 1 1 1 0 20 0 12.09 
0.011 2 2.10 2.10 2.1 2.1 0.471 0.478 0.1663 0.1996 0.0012 0.0000 0.000000 -2.182748 1.2962 0 4.1800 0  19 8 42 27 22 15 15 31  0 1 1 1 0 20 0 12.09 
0.012 2 2.10 2.10 2.1 2.1 0.401 0.419 0.2333 0.2048 0.0016 0.0000 0.000000 -2.182748 1.2962 0 4.1800 0  4 25 9 20 -3 10 -3 13  0 1 1 1 0 20 0 12.09 
0.013 2 2.10 2.10 2.1 2.1 0.407 0.398 0.2333 0.2868 0.0018 0.0000 0.002591 -2.182747 1.2962 0 4.1800 0  17 14 2 17 7 19 12 4  0 1 1 1 0 20 0 12.09 
0.014 2 2.10 2.10 2.1 2.1 0.383 0.354 0.2747 0.2868 0.0020 0.0000 0.000000 -2.182750 1.2962 0 4.1800 0  6 -4 -8 7 2 19 -8 -6  0 1 1 1 0 20 0 12.09 
0.015 2 2.10 2.10 2.1 2.1 0.364 0.385 0.2928 0.2767 0.0024 0.0000 0.000000 -2.182748 1.2962 0 4.1800 0  23 13 35 39 18 33 15 10  0 1 1 1 0 20 0 12.10 
0.016 2 2.10 2.10 2.1 2.1 0.395 0.425 0.2928 0.3462 0.0026 0.0000 0.002591 -2.182740 1.2962 0 4.1800 0  21 16 9 21 10 20 1 24  0 1 1 1 0 20 0 12.10 
0.017 2 2.10 2.10 2.1 2.1 0.336 0.394 0.2695 0.3088 0.0030 0.0000 0.002591 -2.182739 1.2962 0 4.1800 0  12 19 1 35 12 19 -14 -6  0 1 1 1 0 20 0 12.10 
0.018 2 2.10 2.10 2.1 2.1 0.303 0.302 0.3346 0.3860 0.0034 0.0000 0.002591 -2.182742 1.2962 0 4.1800 0  9 19 4 19 13 15 -20 10  0 1 1 1 0 20 0 12.10 
0.019 2 2.10 2.10 2.1 2.1 0.357 0.323 0.3213 0.3522 0.0038 0.0000 0.002591 -2.182740 1.2962 0 4.1800 0  13 12 27 31 20 22 -15 21  0 1 1 1 0 20 0 12.10 
0.020 2 2.10 2.10 2.1 2.1 0.302 0.398 0.3651 0.3823 0.0042 0.0000 0.002591 -2.182745 1.2962 0 4.1800 0  13 -4 12 7 19 21 -12 14  0 1 1 1 0 20 0 12.09 
0.021 2 2.10 2.10 2.1 2.1 0.314 0.361 0.3860 0.3651 0.0044 0.0000 0.000000 -2.182761 1.2962 0 4.1800 0  16 32 11 30 6 22 -6 19  0 1 1 1 0 20 0 12.10 
0.022 2 2.10 2.10 2.1 2.1 0.332 0.295 0.3936 0.3936 0.0050 0.0000 0.002591 -2.182775 1.2962 0 4.1800 0  8 4 17 24 20 20 -12 2  0 1 1 1 0 20 0 12.11 
0.023 2 2.10 2.10 2.1 2.1 0.272 0.278 0.3976 0.4056 0.0054 0.0000 0.002591 -2.182785 1.2962 0 4.1800 0  14 14 21 29 13 22 17 10  0 1 1 1 0 20 0 12.11 
0.024 2 2.10 2.10 2.1 2.1 0.301 0.340 0.4097 0.4410 0.0058 0.0000 0.002591 -2.182799 1.2962 0 4.1800 0  28 -1 15 9 10 24 -8 11  0 1 1 1 0 20 0 12.10 
0.025 2 2.10 2.10 2.1 2.1 0.277 0.325 0.3936 0.4016 0.0062 0.0000 0.002591 -2.182819 1.2962 0 4.1800 0  18 19 14 20 37 23 -7 12  0 1 1 1 0 20 0 12.11 
0.026 2 2.10 2.10 2.1 2.1 0.281 0.236 0.4181 0.4462 0.0066 0.0000 0.002591 -2.182841 1.2962 0 4.1800 0  11 5 20 22 9 21 14 14  0 1 1 1 0 20 0 12.10 
0.027 2 2.10 2.10 2.1 2.1 0.325 0.242 0.4225 0.4562 0.0070 0.0000 0.002591 -2.182861 1.2962 0 4.1800 0  17 49 15 19 16 24 -2 7  0 1 1 1 0 20 0 12.11 
0.028 2 2.10 2.10 2.1 2.1 0.259 0.304 0.4410 0.4836 0.0074 0.0000 0.002591 -2.182877 1.2962 0 4.1800 0  15 8 23 32 32 31 -15 16  0 1 1 1 0 20 0 12.11 
0.029 2 2.10 2.10 2.1 2.1 0.234 0.249 0.4362 0.4896 0.0080 0.0000 0.005182 -2.182894 1.2962 0 4.1800 0  12 7 21 37 29 27 -12 5  0 1 1 1 0 20 0 12.12 
0.030 2 2.10 2.10 2.1 2.1 0.279 0.217 0.4562 0.4956 0.0084 0.0000 0.005182 -2.182913 1.2962 0 4.1800 0  10 -11 27 18 20 21 -15 7  0 1 1 1 0 20 0 12.12 
0.031 2 2.10 2.10 2.1 2.1 0.249 0.200 0.4779 0.5213 0.0090 0.0000 0.002591 -2.182938 1.2962 0 4.1800 0  23 23 15 23 29 23 -10 9  0 1 1 1 0 20 0 12.12 
0.032 2 2.10 2.10 2.1 2.1 0.270 0.276 0.4667 0.4667 0.0094 0.0000 0.002591 -2.182960 1.2962 0 4.1800 0  15 24 20 33 24 27 4 15  0 1 1 1 0 20 0 12.12 
0.033 2 2.10 2.10 2.1 2.1 0.311 0.238 0.4896 0.5354 0.0100 0.0000 0.005182 -2.182974 1.2962 0 4.1800 0  20 22 18 22 24 18 -13 7  0 1 1 1 0 20 0 12.12 
0.034 2 2.10 2.10 2.1 2.1 0.226 0.237 0.5020 0.5575 0.0104 0.0000 0.005182 -2.182989 1.2962 0 4.1800 0  12 13 31 24 27 14 -9 17  0 1 1 1 0 20 0 12.12 
0.035 2 2.10 2.10 2.1 2.1 0.294 0.181 0.4896 0.4956 0.0108 0.0000 0.005182 -2.183007 1.2962 0 4.1800 0  23 -18 23 33 33 22 -17 15  0 1 1 1 0 20 0 12.12 
0.036 2 2.10 2.10 2.1 2.1 0.204 0.211 0.5081 0.5213 0.0116 0.0000 0.005182 -2.183021 1.2962 0 4.1800 0  15 18 19 21 9 27 -13 7  0 1 1 1 0 20 0 12.13 
0.037 2 2.10 2.10 2.1 2.1 0.188 0.287 0.5020 0.5655 0.0120 0.0000 0.005182 -2.183033 1.2962 0 4.1800 0  18 10 24 25 10 25 -4 19  0 1 1 1 0 20 0 12.12 
0.038 2 2.10 2.10 2.1 2.1 0.261 0.244 0.5213 0.5820 0.0127 0.0000 0.007773 -2.183048 1.2962 0 4.1800 0  20 31 17 18 16 21 20 6  0 1 1 1 0 20 0 12.12 
0.039 2 2.10 2.10 2.1 2.1 0.218 0.170 0.5426 0.5820 0.0133 0.0000 0.005182 -2.183063 1.2962 0 4.1800 0  11 11 18 14 15 30 -8 19  0 1 1 1 0 20 0 12.11 
0.040 2 2.10 2.10 2.1 2.1 0.212 0.185 0.5213 0.5904 0.0137 0.0000 0.005182 -2.183072 1.2962 0 4.1800 0  17 23 20 25 24 22 42 6  0 1 1 1 0 20 0 12.12 
0.041 2 2.10 2.10 2.1 2.1 0.224 0.193 0.5426 0.5992 0.0143 0.0000 0.007773 -2.183079 1.2962 0 4.1800 0  7 19 13 23 16 27 -12 15  0 1 1 1 0 20 0 12.12 
0.042 2 2.10 2.10 2.1 2.1 0.167 0.169 0.5498 0.5354 0.0149 0.0001 0.005182 -2.183092 1.2962 0 4.1800 0  25 23 12 29 12 27 16 15  0 1 1 1 0 20 0 12.13 
0.043 2 2.10 2.10 2.1 2.1 0.208 0.120 0.5354 0.5904 0.0155 0.0001 0.007773 -2.183109 1.2962 0 4.1800 0  11 -25 23 24 6 20 -18 4  0 1 1 1 0 20 0 12.13 
0.044 2 2.10 2.10 2.1 2.1 0.232 0.184 0.5575 0.6177 0.0159 0.0001 0.007773 -2.183127 1.2962 0 4.1800 0  29 22 24 46 39 41 -9 12  0 1 1 1 0 20 0 12.12 
0.045 2 2.10 2.10 2.1 2.1 0.205 0.232 0.5655 0.6177 0.0167 0.0001 0.007773 -2.183141 1.2962 0 4.1800 0  31 17 21 16 38 48 -5 26  0 1 1 1 0 20 0 12.11 
0.046 2 2.10 2.10 2.1 2.1 0.206 0.188 0.5575 0.5904 0.0171 0.0001 0.007773 -2.183154 1.2962 0 4.1800 0  31 4 30 35 15 39 15 12  0 1 1 1 0 20 0 12.12 
0.047 2 2.10 2.10 2.1 2.1 0.183 0.121 0.5575 0.6177 0.0179 0.0001 0.007773 -2.183175 1.2962 0 4.1800 0  10 -3 16 32 30 31 -7 15  0 1 1 1 0 20 0 12.13 
0.048 2 2.10 2.10 2.1 2.1 0.152 0.149 0.5735 0.6474 0.0183 0.0001 0.007773 -2.183204 1.2962 0 4.1800 0  18 29 27 42 25 30 18 9  0 1 1 1 0 20 0 12.13 
0.049 2 2.10 2.10 2.1 2.1 0.181 0.219 0.5820 0.6273 0.0191 0.0001 0.007773 -2.183238 1.2962 0 4.1800 0  18 7 15 15 13 25 5 9  0 1 1 1 0 20 0 12.13 
0.050 2 2.10 2.10 2.1 2.1 0.211 0.199 0.5498 0.6374 0.0195 0.0001 0.007773 -2.183270 1.2962 0 4.1800 0  3 18 18 41 29 30 -15 13  0 1 1 1 0 20 0 12.12 
0.051 2 2.10 2.10 2.1 2.1 0.191 0.139 0.5735 0.6177 0.0201 0.0001 0.010364 -2.183299 1.2962 0 4.1800 0  21 7 13 24 23 20 -5 9  0 1 1 1 0 20 0 12.11 
0.052 2 2.10 2.10 2.1 2.1 0.186 0.136 0.6085 0.5992 0.0209 0.0001 0.010364 -2.183334 1.2962 0 4.1800 0  22 16 9 21 23 39 13 12  0 1 1 1 0 20 0 12.11 
0.053 2 2.10 2.10 2.1 2.1 0.228 0.177 0.5735 0.6583 0.0213 0.0001 0.010364 -2.183369 1.2962 0 4.1800 0  8 23 6 33 29 35 -14 15  0 1 1 1 0 20 0 12.11 
0.054 2 2.10 2.10 2.1 2.1 0.160 0.166 0.6177 0.6583 0.0221 0.0001 0.010364 -2.183399 1.2962 0 4.1800 0  22 11 21 46 29 42 -19 15  0 1 1 1 0 20 0 12.12 
0.055 2 2.10 2.10 2.1 2.1 0.184 0.140 0.6177 0.6374 0.0225 0.0001 0.010364 -2.183426 1.2962 0 4.1800 0  21 8 13 21 19 18 -18 5  0 1 1 1 0 20 0 12.12 
0.056 2 2.10 2.10 2.1 2.1 0.219 0.111 0.5904 0.6177 0.0233 0.0001 0.010364 -2.183446 1.2962 0 4.1800 0  18 19 31 40 18 30 13 4  0 1 1 1 0 20 0 12.12 
0.057 2 2.10 2.10 2.1 2.1 0.168 0.186 0.5820 0.6583 0.0239 0.0001 0.012956 -2.183460 1.2962 0 4.1800 0  16 21 24 34 18 13 13 4  0 1 1 1 0 20 0 12.13 
0.058 2 2.10 2.10 2.1 2.1 0.173 0.184 0.6374 0.6924 0.0245 0.0001 0.010364 -2.183462 1.2962 0 4.1800 0  18 8 19 31 39 18 -11 14  0 1 1 1 0 20 0 12.12 
0.059 2 2.10 2.10 2.1 2.1 0.197 0.131 0.6374 0.6804 0.0251 0.0001 0.012956 -2.183452 1.2962 0 4.1800 0  17 1 15 26 6 27 -25 12  0 1 1 1 0 20 0 12.13 
0.060 2 2.10 2.10 2.1 2.1 0.145 0.120 0.6273 0.6924 0.0259 0.0002 0.012956 -2.183434 1.2962 0 4.1800 0  21 11 30 38 31 31 8 7  0 1 1 1 0 20 0 12.13 
0.061 2 2.10 2.10 2.1 2.1 0.195 0.157 0.6085 0.6374 0.0263 0.0002 0.012956 -2.183409 1.2962 0 4.1800 0  -3 13 10 14 24 18 -23 13  0 1 1 1 0 20 0 12.13 
0.062 2 2.10 2.10 2.1 2.1 0.207 0.134 0.6177 0.6691 0.0271 0.0002 0.012956 -2.183374 1.2962 0 4.1800 0  7 4 24 18 14 21 -6 -12  0 1 1 1 0 20 0 12.13 
0.063 2 2.10 2.10 2.1 2.1 0.153 0.085 0.6273 0.5904 0.0275 0.0002 0.012956 -2.183326 1.2962 0 4.1800 0  19 -1 21 7 20 0 11 6  0 1 1 1 0 20 0 12.12 
0.064 2 2.10 2.10 2.1 2.1 0.169 0.112 0.6273 0.6804 0.0283 0.0002 0.012956 -2.183273 1.2962 0 4.1800 0  19 -14 12 14 0 12 16 14  0 1 1 1 0 20 0 12.13 
0.065 2 2.10 2.10 2.1 2.1 0.167 0.187 0.6374 0.7169 0.0291 0.0002 0.012956 -2.183220 1.2962 0 4.1800 0  7 17 7 20 11 2 -6 14  0 1 1 1 0 20 0 12.11 
0.066 2 2.10 2.10 2.1 2.1 0.143 0.146 0.6177 0.6804 0.0297 0.0002 0.015547 -2.183166 1.2962 0 4.1800 0  10 17 21 29 28 31 -20 16  0 1 1 1 0 20 0 12.13 
0.067 2 2.10 2.10 2.1 2.1 0.192 0.069 0.6474 0.6474 0.0303 0.0002 0.012956 -2.183113 1.2962 0 4.1800 0  18 -8 21 23 37 14 -23 10  0 1 1 1 0 20 0 12.13 
0.068 2 2.10 2.10 2.1 2.1 0.175 0.164 0.6474 0.6804 0.0309 0.0002 0.015547 -2.183064 1.2962 0 4.1800 0  19 15 8 19 25 30 -12 18  0 1 1 1 0 20 0 12.13 
0.069 2 2.10 2.10 2.1 2.1 0.140 0.222 0.6374 0.7169 0.0317 0.0002 0.015547 -2.183021 1.2962 0 4.1800 0  20 -40 1 21 17 11 10 5  0 1 1 1 0 20 0 12.13 
0.070 2 2.10 2.10 2.1 2.1 0.179 0.154 0.6177 0.6924 0.0321 0.0002 0.015547 -2.182986 1.2962 0 4.1800 0  5 10 9 25 33 35 -23 7  0 1 1 1 0 20 0 12.13 
0.071 2 2.10 2.10 2.1 2.1 0.144 0.093 0.6583 0.7169 0.0329 0.0003 0.015547 -2.182959 1.2962 0 4.1800 0  27 21 33 30 21 35 -7 10  0 1 1 1 0 20 0 12.13 
0.072 2 2.10 2.10 2.1 2.1 0.143 0.131 0.6273 0.6924 0.0337 0.0003 0.015547 -2.182948 1.2962 0 4.1800 0  25 26 20 13 12 18 30 16  0 1 1 1 0 20 0 12.12 
0.073 2 2.10 2.10 2.1 2.1 0.195 0.128 0.6474 0.7302 0.0343 0.0003 0.018138 -2.182955 1.2962 0 4.1800 0  10 15 17 26 31 36 -15 19  0 1 1 1 0 20 0 12.12 
0.074 2 2.10 2.10 2.1 2.1 0.136 0.113 0.6583 0.6804 0.0349 0.0003 0.015547 -2.182977 1.2962 0 4.1800 0  16 -18 18 -8 25 21 14 22  0 1 1 1 0 20 0 12.13 
0.075 2 2.10 2.10 2.1 2.1 0.106 0.087 0.6273 0.6804 0.0355 0.0003 0.018138 -2.183009 1.2962 0 4.1800 0  17 15 16 28 34 31 -7 8  0 1 1 1 0 20 0 12.12 
0.076 2 2.10 2.10 2.1 2.1 0.200 0.144 0.6474 0.7044 0.0363 0.0003 0.018138 -2.183044 1.2962 0 4.1800 0  18 24 1 25 32 14 -16 -5  0 1 1 1 0 20 0 12.13 
0.077 2 2.10 2.10 2.1 2.1 0.132 0.195 0.6474 0.6583 0.0369 0.0003 0.015547 -2.183085 1.2962 0 4.1800 0  17 13 32 28 31 32 -5 13  0 1 1 1 0 20 0 12.13 
0.078 2 2.10 2.10 2.1 2.1 0.136 0.169 0.6583 0.7169 0.0375 0.0003 0.018138 -2.183137 1.2962 0 4.1800 0  20 -19 0 8 17 12 8 1  0 1 1 1 0 20 0 12.13 
0.079 2 2.10 2.10 2.1 2.1 0.140 0.076 0.6583 0.7575 0.0384 0.0003 0.018138 -2.183197 1.2962 0 4.1800 0  11 11 20 30 29 30 -10 13  0 1 1 1 0 20 0 12.13 
0.080 2 2.10 2.10 2.1 2.1 0.091 0.074 0.6691 0.7302 0.0392 0.0004 0.018138 -2.183258 1.2962 0 4.1800 0  19 15 13 35 33 29 -14 13  0 1 1 1 0 20 0 12.12 
0.081 2 2.10 2.10 2.1 2.1 0.182 0.145 0.6273 0.7302 0.0398 0.0004 0.020729 -2.183309 1.2962 0 4.1800 0  19 15 24 21 28 21 -5 29  0 1 1 1 0 20 0 12.12 
0.082 2 2.10 2.10 2.1 2.1 0.149 0.142 0.6804 0.6924 0.0404 0.0004 0.018138 -2.183341 1.2962 0 4.1800 0  20 19 22 19 29 21 6 21  0 1 1 1 0 20 0 12.13 
0.083 2 2.10 2.10 2.1 2.1 0.118 0.087 0.6804 0.7044 0.0410 0.0004 0.020729 -2.183361 1.2962 0 4.1800 0  9 12 18 20 24 34 -28 5  0 1 1 1 0 20 0 12.13 
0.084 2 2.10 2.10 2.1 2.1 0.186 0.104 0.6583 0.6804 0.0418 0.0004 0.020729 -2.183372 1.2962 0 4.1800 0  9 5 4 3 23 9 -4 3  0 1 1 1 0 20 0 12.13 
0.085 2 2.10 2.10 2.1 2.1 0.121 0.162 0.6804 0.7169 0.0426 0.0004 0.020729 -2.183369 1.2962 0 4.1800 0  19 12 23 24 22 29 1 19  0 1 1 1 0 20 0 12.13 
0.086 2 2.10 2.10 2.1 2.1 0.137 0.124 0.6273 0.7169 0.0430 0.0004 0.020729 -2.183352 1.2962 0 4.1800 0  27 12 19 33 32 23 2 12  0 1 1 1 0 20 0 12.13 
0.087 2 2.10 2.10 2.1 2.1 0.172 0.082 0.6474 0.7434 0.0438 0.0005 0.020729 -2.183328 1.2962 0 4.1800 0  16 8 22 25 37 26 -15 3  0 1 1 1 0 20 0 12.14 
0.088 2 2.10 2.10 2.1 2.1 0.128 0.097 0.7044 0.7575 0.0446 0.0005 0.020729 -2.183294 1.2962 0 4.1800 0  8 -27 24 25 23 21 -24 16  0 1 1 1 0 20 0 12.14 
0.089 2 2.10 2.10 2.1 2.1 0.146 0.139 0.7044 0.7434 0.0452 0.0005 0.023320 -2.183250 1.2962 0 4.1800 0  27 20 26 18 20 36 16 25  0 1 1 1 0 20 0 12.13 
0.090 2 2.10 2.10 2.1 2.1 0.128 0.108 0.6924 0.7575 0.0460 0.0005 0.023320 -2.183201 1.2962 0 4.1800 0  22 20 10 34 42 13 -16 13  0 1 1 1 0 20 0 12.13 
0.091 2 2.10 2.10 2.1 2.1 0.102 0.064 0.6804 0.6691 0.0466 0.0005 0.020729 -2.183142 1.2962 0 4.1800 0  31 21 18 24 31 21 40 17  0 1 1 1 0 20 0 12.13 
0.092 2 2.10 2.10 2.1 2.1 0.199 0.131 0.6691 0.7434 0.0472 0.0005 0.023320 -2.183090 1.2962 0 4.1800 0  10 9 -4 9 13 10 -11 3  0 1 1 1 0 20 0 12.13 
0.093 2 2.10 2.10 2.1 2.1 0.143 0.160 0.6583 0.6804 0.0480 0.0005 0.023320 -2.183043 1.2962 0 4.1800 0  31 22 15 25 33 15 1 0  0 1 1 1 0 20 0 12.12 
0.094 2 2.10 2.10 2.1 2.1 0.154 0.089 0.6691 0.7044 0.0488 0.0006 0.023320 -2.182991 1.2962 0 4.1800 0  16 17 21 11 20 28 38 17  0 1 1 1 0 20 0 12.14 
0.095 2 2.10 2.10 2.1 2.1 0.150 0.080 0.6804 0.7302 0.0494 0.0006 0.025911 -2.182942 1.2962 0 4.1800 0  24 16 14 37 29 43 -15 18  0 1 1 1 0 20 0 12.13 
0.096 2 2.10 2.10 2.1 2.1 0.132 0.164 0.6804 0.7575 0.0502 0.0006 0.025911 -2.182904 1.2962 0 4.1800 0  16 2 2 4 11 20 0 21  0 1 1 1 0 20 0 12.12 
0.097 2 2.10 2.10 2.1 2.1 0.203 0.139 0.6924 0.7872 0.0508 0.0006 0.023320 -2.182883 1.2962 0 4.1800 0  37 26 25 39 38 31 15 21  0 1 1 1 0 20 0 12.13 
0.098 2 2.10 2.10 2.1 2.1 0.132 0.026 0.6583 0.7575 0.0514 0.0006 0.025911 -2.182882 1.2962 0 4.1800 0  23 22 11 23 17 25 -5 16  0 1 1 1 0 20 0 12.13 
0.099 2 2.10 2.10 2.1 2.1 0.075 0.053 0.6583 0.7302 0.0522 0.0007 0.025911 -2.182890 1.2962 0 4.1800 0  8 12 26 29 23 27 -15 12  0 1 1 1 0 20 0 12.13 
0.100 2 2.10 2.10 2.1 2.1 0.165 0.138 0.7044 0.7575 0.0530 0.0007 0.025911 -2.182905 1.2962 0 4.1800 0  17 11 13 22 33 5 19 7  0 1 1 1 0 20 0 12.13 
0.101 2 2.10 2.10 2.1 2.1 0.145 0.135 0.7044 0.7575 0.0536 0.0007 0.028502 -2.182935 1.2962 0 4.1800 0  11 7 24 28 29 40 -5 5  0 1 1 1 0 20 0 12.12 
0.102 2 2.10 2.10 2.1 2.1 0.132 0.078 0.6804 0.7169 0.0542 0.0007 0.025911 -2.182974 1.2962 0 4.1800 0  30 11 15 27 33 24 -15 7  0 1 1 1 0 20 0 12.13 
0.103 2 2.10 2.10 2.1 2.1 0.154 0.061 0.6924 0.7434 0.0550 0.0007 0.025911 -2.183019 1.2962 0 4.1800 0  12 47 21 37 33 47 -8 13  0 1 1 1 0 20 0 12.12 
0.104 2 2.10 2.10 2.1 2.1 0.097 0.142 0.6691 0.6924 0.0556 0.0007 0.028502 -2.183066 1.2962 0 4.1800 0  6 34 12 19 22 13 7 7  0 1 1 1 0 20 0 12.13 
0.105 2 2.10 2.10 2.1 2.1 0.158 0.140 0.6804 0.7575 0.0564 0.0008 0.028502 -2.183113 1.2962 0 4.1800 0  15 -2 17 25 15 21 14 0  0 1 1 1 0 20 0 12.12 
0.106 2 2.10 2.10 2.1 2.1 0.147 0.059 0.6804 0.7169 0.0572 0.0008 0.028502 -2.183158 1.2962 0 4.1800 0  19 5 15 21 14 22 4 7  0 1 1 1 0 20 0 12.13 
0.107 2 2.10 2.10 2.1 2.1 0.078 0.055 0.6583 0.7302 0.0578 0.0008 0.031093 -2.183201 1.2962 0 4.1800 0  15 16 13 14 22 12 6 7  0 1 1 1 0 20 0 12.13 
0.108 2 2.10 2.10 2.1 2.1 0.162 0.099 0.6804 0.7169 0.0584 0.0008 0.028502 -2.183244 1.2962 0 4.1800 0  40 -2 14 26 25 41 -13 3  0 1 1 1 0 20 0 12.14 
0.109 2 2.10 2.10 2.1 2.1 0.105 0.105 0.6924 0.7575 0.0592 0.0008 0.028502 -2.183268 1.2962 0 4.1800 0  27 -34 9 19 21 -3 -10 16  0 1 1 1 0 20 0 12.14 
0.110 2 2.10 2.10 2.1 2.1 0.134 0.064 0.6804 0.7723 0.0600 0.0009 0.028502 -2.183285 1.2962 0 4.1800 0  27 2 9 19 19 24 -9 28  0 1 1 1 0 20 0 12.13 
0.111 2 2.10 2.10 2.1 2.1 0.170 0.112 0.7169 0.7302 0.0606 0.0009 0.031093 -2.183297 1.2962 0 4.1800 0  22 15 16 36 27 24 4 20  0 1 1 1 0 20 0 12.13 
0.112 2 2.10 2.10 2.1 2.1 0.111 0.154 0.6691 0.7723 0.0614 0.0009 0.031093 -2.183290 1.2962 0 4.1800 0  11 46 6 21 26 39 12 21  0 1 1 1 0 20 0 12.13 
0.113 2 2.10 2.10 2.1 2.1 0.177 0.152 0.7169 0.7434 0.0622 0.0009 0.031093 -2.183272 1.2962 0 4.1800 0  28 14 23 22 25 36 7 17  0 1 1 1 0 20 0 12.13 
0.114 2 2.10 2.10 2.1 2.1 0.105 0.089 0.6924 0.7723 0.0628 0.0010 0.033685 -2.183248 1.2962 0 4.1800 0  5 -23 18 11 25 9 -2 20  0 1 1 1 0 20 0 12.14 
0.115 2 2.10 2.10 2.1 2.1 0.101 0.070 0.6804 0.7434 0.0636 0.0010 0.033685 -2.183215 1.2962 0 4.1800 0  16 0 6 22 23 20 -11 2  0 1 1 1 0 20 0 12.14 
0.116 2 2.10 2.10 2.1 2.1 0.173 0.110 0.6924 0.7434 0.0642 0.0010 0.031093 -2.183176 1.2962 0 4.1800 0  29 -31 4 8 23 -5 5 7  0 1 1 1 0 20 0 12.13 
0.117 2 2.10 2.10 2.1 2.1 0.122 0.119 0.7169 0.6924 0.0651 0.0010 0.031093 -2.183124 1.2962 0 4.1800 0  10 16 28 31 41 24 -9 11  0 1 1 1 0 20 0 12.14 
0.118 2 2.10 2.10 2.1 2.1 0.100 0.059 0.7044 0.7575 0.0657 0.0011 0.033685 -2.183066 1.2962 0 4.1800 0  17 21 27 35 32 25 -4 2  0 1 1 1 0 20 0 12.14 
0.119 2 2.10 2.10 2.1 2.1 0.173 0.072 0.6804 0.6924 0.0665 0.0011 0.033685 -2.183017 1.2962 0 4.1800 0  20 22 27 9 24 13 -11 7  0 1 1 1 0 20 0 12.13 
0.120 2 2.10 2.10 2.1 2.1 0.156 0.133 0.6924 0.7169 0.0673 0.0011 0.033685 -2.182974 1.2962 0 4.1800 0  22 17 17 13 20 28 10 8  0 1 1 1 0 20 0 12.13 
0.121 2 2.10 2.10 2.1 2.1 0.124 0.128 0.7044 0.7434 0.0679 0.0011 0.036276 -2.182933 1.2962 0 4.1800 0  6 21 19 32 34 22 4 14  0 1 1 1 0 20 0 12.13 
0.122 2 2.10 2.10 2.1 2.1 0.162 0.067 0.7044 0.7723 0.0687 0.0012 0.036276 -2.182901 1.2962 0 4.1800 0  16 20 19 19 23 27 9 5  0 1 1 1 0 20 0 12.13 
0.123 2 2.10 2.10 2.1 2.1 0.113 0.079 0.7044 0.7044 0.0693 0.0012 0.033685 -2.182879 1.2962 0 4.1800 0  17 9 13 27 30 14 3 9  0 1 1 1 0 20 0 12.12 
0.124 2 2.10 2.10 2.1 2.1 0.118 0.127 0.6924 0.7723 0.0701 0.0012 0.033685 -2.182867 1.2962 0 4.1800 0  20 0 5 20 18 40 -11 9  0 1 1 1 0 20 0 12.13 
0.125 2 2.10 2.10 2.1 2.1 0.158 0.131 0.7044 0.7302 0.0707 0.0012 0.036276 -2.182863 1.2962 0 4.1800 0  30 13 20 34 28 18 -2 16  0 1 1 1 0 20 0 12.14 
0.126 2 2.10 2.10 2.1 2.1 0.114 0.107 0.6691 0.7723 0.0715 0.0013 0.036276 -2.182864 1.2962 0 4.1800 0  16 9 24 14 16 27 3 2  0 1 1 1 0 20 0 12.14 
0.127 2 2.10 2.10 2.1 2.1 0.140 0.051 0.6804 0.7575 0.0723 0.0013 0.036276 -2.182869 1.2962 0 4.1800 0  17 23 7 43 30 20 -13 15  0 1 1 1 0 20 0 12.12 
0.128 2 2.10 2.10 2.1 2.1 0.147 0.080 0.6924 0.7575 0.0729 0.0013 0.038867 -2.182887 1.2962 0 4.1800 0  14 11 27 23 23 30 -8 13  0 1 1 1 0 20 0 12.14 
0.129 2 2.10 2.10 2.1 2.1 0.123 0.096 0.7169 0.7723 0.0737 0.0013 0.038867 -2.182913 1.2962 0 4.1800 0  23 11 20 24 21 21 -13 12  0 1 1 1 0 20 0 12.14 
0.130 2 2.10 2.10 2.1 2.1 0.177 0.124 0.6924 0.7302 0.0745 0.0014 0.038867 -2.182950 1.2962 0 4.1800 0  23 30 36 49 31 46 -9 25  0 1 1 1 0 20 0 12.13 
0.131 2 2.10 2.10 2.1 2.1 0.111 0.094 0.7044 0.7723 0.0753 0.0014 0.038867 -2.183000 1.2962 0 4.1800 0  10 0 2 33 15 3 6 5  0 1 1 1 0 20 0 12.13 
0.132 2 2.10 2.10 2.1 2.1 0.075 0.124 0.6804 0.7302 0.0757 0.0014 0.038867 -2.183049 1.2962 0 4.1800 0  11 -31 2 8 20 -4 -14 8  0 1 1 1 0 20 0 12.14 
0.133 2 2.10 2.10 2.1 2.1 0.153 0.120 0.6924 0.7302 0.0765 0.0014 0.038867 -2.183097 1.2962 0 4.1800 0  8 -26 -2 27 20 25 10 9  0 1 1 1 0 20 0 12.14 
0.134 2 2.10 2.10 2.1 2.1 0.118 0.074 0.6924 0.7302 0.0773 0.0015 0.038867 -2.183138 1.2962 0 4.1800 0  35 -22 23 30 43 19 3 14  0 1 1 1 0 20 0 12.13 
0.135 2 2.10 2.10 2.1 2.1 0.124 0.112 0.7044 0.7434 0.0779 0.0015 0.041458 -2.183164 1.2962 0 4.1800 0  8 12 14 34 27 24 5 17  0 1 1 1 0 20 0 12.13 
0.136 2 2.10 2.10 2.1 2.1 0.116 0.143 0.6924 0.7169 0.0787 0.0015 0.041458 -2.183189 1.2962 0 4.1800 0  33 -10 20 44 39 31 16 26  0 1 1 1 0 20 0 12.13 
0.137 2 2.10 2.10 2.1 2.1 0.064 0.111 0.7044 0.7575 0.0795 0.0016 0.041458 -2.183211 1.2962 0 4.1800 0  -2 -7 -2 -1 25 -1 1 9  0 1 1 1 0 20 0 12.12 
0.138 2 2.10 2.10 2.1 2.1 0.169 0.053 0.6924 0.7169 0.0803 0.0016 0.041458 -2.183219 1.2962 0 4.1800 0  34 -16 35 24 37 25 -7 25  0 1 1 1 0 20 0 12.12 
0.139 2 2.10 2.10 2.1 2.1 0.140 0.125 0.7169 0.7575 0.0809 0.0016 0.044049 -2.183226 1.2962 0 4.1800 0  8 56 21 44 31 30 9 14  0 1 1 1 0 20 0 12.12 
0.140 2 2.10 2.10 2.1 2.1 0.100 0.091 0.6691 0.7302 0.0815 0.0017 0.041458 -2.183224 1.2962 0 4.1800 0  11 17 14 22 33 31 -5 1  0 1 1 1 0 20 0 12.13 
0.141 2 2.10 2.10 2.1 2.1 0.154 0.022 0.7169 0.7434 0.0823 0.0017 0.041458 -2.183210 1.2962 0 4.1800 0  1 -49 6 2 22 0 -28 4  0 1 1 1 0 20 0 12.13 
0.142 2 2.10 2.10 2.1 2.1 0.107 0.040 0.6804 0.7723 0.0829 0.0017 0.044049 -2.183190 1.2962 0 4.1800 0  19 54 26 49 32 34 28 20  0 1 1 1 0 20 0 12.12 
0.143 2 2.10 2.10 2.1 2.1 0.162 0.135 0.6924 0.7302 0.0837 0.0017 0.044049 -2.183157 1.2962 0 4.1800 0  8 33 12 15 23 18 -5 16  0 1 1 1 0 20 0 12.15 
0.144 2 2.10 2.10 2.1 2.1 0.143 0.118 0.6924 0.7872 0.0845 0.0018 0.044049 -2.183128 1.2962 0 4.1800 0  19 24 14 7 28 25 13 11  0 1 1 1 0 20 0 12.14 
0.145 2 2.10 2.10 2.1 2.1 0.105 0.046 0.7302 0.7434 0.0853 0.0018 0.044049 -2.183100 1.2962 0 4.1800 0  9 17 13 17 20 22 -19 8  0 1 1 1 0 20 0 12.14 
0.146 2 2.10 2.10 2.1 2.1 0.165 0.116 0.7169 0.7434 0.0859 0.0018 0.046640 -2.183066 1.2962 0 4.1800 0  8 19 25 47 26 41 -17 33  0 1 1 1 0 20 0 12.13 
0.147 2 2.10 2.10 2.1 2.1 0.128 0.173 0.6804 0.7723 0.0867 0.0019 0.046640 -2.183038 1.2962 0 4.1800 0  23 10 15 31 13 20 3 6  0 1 1 1 0 20 0 12.13 
0.148 2 2.10 2.10 2.1 2.1 0.138 0.150 0.6924 0.7872 0.0875 0.0019 0.046640 -2.183016 1.2962 0 4.1800 0  11 19 13 21 26 35 -7 17  0 1 1 1 0 20 0 12.13 
0.149 2 2.10 2.10 2.1 2.1 0.172 0.054 0.6804 0.7575 0.0883 0.0020 0.046640 -2.182999 1.2962 0 4.1800 0  15 -1 3 7 26 18 -12 9  0 1 1 1 0 20 0 12.13 
0.150 2 2.10 2.10 2.1 2.1 0.094 0.082 0.7044 0.6804 0.0887 0.0020 0.046640 -2.182987 1.2962 0 4.1800 0  18 9 24 12 -7 19 22 -3  0 1 1 1 0 20 0 12.13 
0.151 2 2.10 2.10 2.1 2.1 0.145 0.095 0.7044 0.7434 0.0895 0.0020 0.046640 -2.182977 1.2962 0 4.1800 0  12 25 15 37 23 36 -21 17  0 1 1 1 0 20 0 12.13 
0.152 2 2.10 2.10 2.1 2.1 0.134 0.067 0.7044 0.7302 0.0903 0.0021 0.046640 -2.182971 1.2962 0 4.1800 0  13 16 13 31 30 36 -5 18  0 1 1 1 0 20 0 12.13 
0.153 2 2.10 2.10 2.1 2.1 0.126 0.017 0.7044 0.7302 0.0911 0.0021 0.046640 -2.182981 1.2962 0 4.1800 0  17 2 11 32 28 28 -12 9  0 1 1 1 0 20 0 12.14 
0.154 2 2.10 2.10 2.1 2.1 0.173 0.103 0.6691 0.7575 0.0917 0.0021 0.049231 -2.182996 1.2962 0 4.1800 0  6 8 4 8 33 17 -10 12  0 1 1 1 0 20 0 12.14 
0.155 2 2.10 2.10 2.1 2.1 0.102 0.152 0.6691 0.7044 0.0925 0.0022 0.049231 -2.183005 1.2962 0 4.1800 0  16 19 21 34 27 18 -17 17  0 1 1 1 0 20 0 12.13 
0.156 2 2.10 2.10 2.1 2.1 0.163 0.127 0.7169 0.7575 0.0933 0.0022 0.049231 -2.183023 1.2962 0 4.1800 0  17 16 14 28 18 26 0 9  0 1 1 1 0 20 0 12.13 
0.157 2 2.10 2.10 2.1 2.1 0.149 0.059 0.7169 0.7302 0.0939 0.0022 0.051822 -2.183047 1.2962 0 4.1800 0  18 25 33 25 6 21 33 8  0 1 1 1 0 20 0 12.13 
0.158 2 2.10 2.10 2.1 2.1 0.094 0.093 0.7044 0.7575 0.0945 0.0023 0.049231 -2.183070 1.2962 0 4.1800 0  1 18 13 22 18 43 -21 17  0 1 1 1 0 20 0 12.14 
0.159 2 2.10 2.10 2.1 2.1 0.151 0.088 0.7044 0.7723 0.0953 0.0023 0.049231 -2.183101 1.2962 0 4.1800 0  16 9 19 34 29 27 3 14  0 1 1 1 0 20 0 12.14 
0.160 2 2.10 2.10 2.1 2.1 0.102 0.051 0.6804 0.7575 0.0959 0.0023 0.051822 -2.183121 1.2962 0 4.1800 0  30 3 26 23 26 13 -22 23  0 1 1 1 0 20 0 12.12 
0.161 2 2.10 2.10 2.1 2.1 0.155 0.068 0.6924 0.7723 0.0968 0.0024 0.051822 -2.183135 1.2962 0 4.1800 0  14 16 12 28 44 30 0 15  0 1 1 1 0 20 0 12.13 
0.162 2 2.10 2.10 2.1 2.1 0.124 0.112 0.6924 0.7434 0.0976 0.0024 0.051822 -2.183160 1.2962 0 4.1800 0  18 -27 16 20 25 10 -22 15  0 1 1 1 0 20 0 12.15 
0.163 2 2.10 2.10 2.1 2.1 0.057 0.101 0.6804 0.7723 0.0984 0.0025 0.051822 -2.183175 1.2962 0 4.1800 0  18 6 14 9 11 2 1 13  0 1 1 1 0 20 0 12.14 
0.164 2 2.10 2.10 2.1 2.1 0.135 0.074 0.6924 0.7575 0.0990 0.0025 0.054414 -2.183182 1.2962 0 4.1800 0  23 -26 16 7 24 6 -10 3  0 1 1 1 0 20 0 12.13 
0.165 2 2.10 2.10 2.1 2.1 0.098 0.127 0.7044 0.7872 0.0998 0.0025 0.054414 -2.183185 1.2962 0 4.1800 0  21 16 12 15 27 19 0 5  0 1 1 1 0 20 0 12.12 
0.166 2 2.10 2.10 2.1 2.1 0.105 0.134 0.6924 0.7575 0.1006 0.0026 0.054414 -2.183186 1.2962 0 4.1800 0  17 15 16 46 28 44 -7 10  0 1 1 1 0 20 0 12.13 
0.167 2 2.10 2.10 2.1 2.1 0.158 0.066 0.7169 0.7723 0.1014 0.0026 0.054414 -2.183185 1.2962 0 4.1800 0  16 17 10 33 37 23 -9 26  0 1 1 1 0 20 0 12.13 
0.168 2 2.10 2.10 2.1 2.1 0.106 0.095 0.6691 0.7044 0.1018 0.0026 0.054414 -2.183174 1.2962 0 4.1800 0  25 22 7 49 26 33 -6 6  0 1 1 1 0 20 0 12.13 
0.169 2 2.10 2.10 2.1 2.1 0.163 0.160 0.7169 0.7723 0.1026 0.0027 0.054414 -2.183160 1.2962 0 4.1800 0  36 -33 7 24 30 22 -17 12  0 1 1 1 0 20 0 12.13 
0.170 2 2.10 2.10 2.1 2.1 0.115 0.118 0.6583 0.7044 0.1034 0.0027 0.054414 -2.183150 1.2962 0 4.1800 0  20 15 17 48 32 44 15 10  0 1 1 1 0 20 0 12.13 
0.171 2 2.10 2.10 2.1 2.1 0.111 0.030 0.6804 0.7169 0.1040 0.0028 0.057005 -2.183137 1.2962 0 4.1800 0  8 16 26 28 19 26 -15 9  0 1 1 1 0 20 0 12.13 
0.172 2 2.10 2.10 2.1 2.1 0.150 0.117 0.6924 0.7434 0.1048 0.0028 0.057005 -2.183118 1.2962 0 4.1800 0  23 -34 14 18 23 4 -25 -1  0 1 1 1 0 20 0 12.13 
0.173 2 2.10 2.10 2.1 2.1 0.084 0.114 0.7302 0.7723 0.1056 0.0028 0.057005 -2.183097 1.2962 0 4.1800 0  -9 18 5 12 15 19 -3 17  0 1 1 1 0 20 0 12.12 
0.174 2 2.10 2.10 2.1 2.1 0.134 0.080 0.7169 0.7302 0.1064 0.0029 0.057005 -2.183078 1.2962 0 4.1800 0  10 -39 12 25 37 3 -11 9  0 1 1 1 0 20 0 12.13 
0.175 2 2.10 2.10 2.1 2.1 0.133 0.046 0.6804 0.6924 0.1070 0.0029 0.059596 -2.183067 1.2962 0 4.1800 0  35 19 32 43 36 49 -5 13  0 1 1 1 0 20 0 12.13 
0.176 2 2.10 2.10 2.1 2.1 0.124 0.109 0.6924 0.7434 0.1078 0.0030 0.059596 -2.183056 1.2962 0 4.1800 0  14 17 20 28 28 33 -19 21  0 1 1 1 0 20 0 12.13 
0.177 2 2.10 2.10 2.1 2.1 0.173 0.093 0.6924 0.7723 0.1084 0.0030 0.057005 -2.183040 1.2962 0 4.1800 0  35 -40 4 22 50 5 -11 12  0 1 1 1 0 20 0 12.13 
0.178 2 2.10 2.10 2.1 2.1 0.091 0.046 0.6924 0.7575 0.1092 0.0031 0.057005 -2.183036 1.2962 0 4.1800 0  20 5 8 20 20 21 -14 11  0 1 1 1 0 20 0 12.13 
0.179 2 2.10 2.10 2.1 2.1 0.146 0.115 0.7044 0.7575 0.1098 0.0031 0.059596 -2.183039 1.2962 0 4.1800 0  37 33 28 48 50 37 18 22  0 1 1 1 0 20 0 12.13 
0.180 2 2.10 2.10 2.1 2.1 0.132 0.157 0.7044 0.7723 0.1106 0.0031 0.059596 -2.183044 1.2962 0 4.1800 0  25 7 22 25 18 31 3 19  0 1 1 1 0 20 0 12.12 
0.181 2 2.10 2.10 2.1 2.1 0.101 0.135 0.7169 0.7302 0.1114 0.0032 0.059596 -2.183053 1.2962 0 4.1800 0  18 7 21 26 20 25 -23 5  0 1 1 1 0 20 0 12.13 
0.182 2 2.10 2.10 2.1 2.1 0.165 0.077 0.6691 0.7872 0.1120 0.0032 0.062187 -2.183059 1.2962 0 4.1800 0  2 -25 7 -5 2 -7 22 -8  0 1 1 1 0 20 0 12.13 
0.183 2 2.10 2.10 2.1 2.1 0.086 0.102 0.6804 0.7575 0.1128 0.0033 0.062187 -2.183069 1.2962 0 4.1800 0  28 23 29 50 39 33 0 15  0 1 1 1 0 20 0 12.13 
0.184 2 2.10 2.10 2.1 2.1 0.107 0.096 0.7169 0.7575 0.1136 0.0033 0.062187 -2.183089 1.2962 0 4.1800 0  22 -27 12 12 38 0 -17 1  0 1 1 1 0 20 0 12.12 
0.185 2 2.10 2.10 2.1 2.1 0.175 0.065 0.6804 0.7575 0.1144 0.0034 0.062187 -2.183109 1.2962 0 4.1800 0  12 12 4 33 26 45 -12 13  0 1 1 1 0 20 0 12.12 
0.186 2 2.10 2.10 2.1 2.1 0.104 0.035 0.7044 0.7723 0.1150 0.0034 0.064778 -2.183126 1.2962 0 4.1800 0  13 1 14 20 15 25 -18 13  0 1 1 1 0 20 0 12.13 
0.187 2 2.10 2.10 2.1 2.1 0.134 0.108 0.7044 0.7169 0.1156 0.0035 0.062187 -2.183149 1.2962 0 4.1800 0  19 -8 21 24 34 9 1 15  0 1 1 1 0 20 0 12.13 
0.188 2 2.10 2.10 2.1 2.1 0.110 0.146 0.6924 0.7434 0.1164 0.0035 0.062187 -2.183166 1.2962 0 4.1800 0  19 17 13 31 24 19 9 27  0 1 1 1 0 20 0 12.13 
0.189 2 2.10 2.10 2.1 2.1 0.081 0.130 0.6924 0.7169 0.1172 0.0036 0.062187 -2.183172 1.2962 0 4.1800 0  13 20 16 23 29 17 -20 3  0 1 1 1 0 20 0 12.12 
0.190 2 2.10 2.10 2.1 2.1 0.150 0.076 0.6924 0.7575 0.1178 0.0036 0.064778 -2.183183 1.2962 0 4.1800 0  19 -30 -13 -21 11 27 -3 23  0 1 1 1 0 20 0 12.12 
0.191 2 2.10 2.10 2.1 2.1 0.097 0.095 0.6804 0.7302 0.1186 0.0036 0.064778 -2.183193 1.2962 0 4.1800 0  21 32 18 39 1 37 28 25  0 1 1 1 0 20 0 12.13 
0.192 2 2.10 2.10 2.1 2.1 0.078 0.060 0.7044 0.7575 0.1194 0.0037 0.064778 -2.183200 1.2962 0 4.1800 0  30 -6 8 11 28 4 -7 22  0 1 1 1 0 20 0 12.13 
0.193 2 2.10 2.10 2.1 2.1 0.111 0.050 0.7044 0.6924 0.1200 0.0037 0.067369 -2.183203 1.2962 0 4.1800 0  19 12 18 27 28 50 -8 20  0 1 1 1 0 20 0 12.13 
0.194 2 2.10 2.10 2.1 2.1 0.094 0.077 0.6924 0.7575 0.1208 0.0038 0.067369 -2.183193 1.2962 0 4.1800 0  10 19 22 31 15 32 -16 14  0 1 1 1 0 20 0 12.13 
0.195 2 2.10 2.10 2.1 2.1 0.174 0.140 0.7302 0.6924 0.1214 0.0038 0.064778 -2.183186 1.2962 0 4.1800 0  18 17 4 49 32 37 1 10  0 1 1 1 0 20 0 12.13 
0.196 2 2.10 2.10 2.1 2.1 0.104 0.092 0.7044 0.7302 0.1222 0.0039 0.064778 -2.183183 1.2962 0 4.1800 0  10 11 14 29 28 38 -18 24  0 1 1 1 0 20 0 12.13 
0.197 2 2.10 2.10 2.1 2.1 0.093 0.029 0.7302 0.7434 0.1228 0.0039 0.067369 -2.183177 1.2962 0 4.1800 0  19 16 23 24 35 36 -5 8  0 1 1 1 0 20 0 12.13 
0.198 2 2.10 2.10 2.1 2.1 0.156 0.196 0.6583 0.7723 0.1236 0.0040 0.067369 -2.183174 1.2962 0 4.1800 0  13 15 18 30 35 31 -11 13  0 1 1 1 0 20 0 12.13 
0.199 2 2.10 2.10 2.1 2.1 0.107 0.146 0.6804 0.7872 0.1244 0.0040 0.067369 -2.183165 1.2962 0 4.1800 0  11 -31 16 8 19 19 -8 15  0 1 1 1 0 20 0 12.13 
0.200 4 4.10 4.10 4.1 4.1 0.121 0.022 0.7434 0.7575 0.1252 0.0041 0.067369 -2.183154 1.2962 0 4.1800 0  6 -26 11 17 38 5 -9 6  0 1 1 1 0 20 0 12.13 
0.201 4 4.10 4.10 4.1 4.1 0.300 0.285 0.7302 0.7169 0.1258 0.0041 0.069960 -2.183151 1.2962 0 4.1800 0  4 -13 20 23 23 37 -6 27  0 1 1 1 0 20 0 12.06 
0.202 4 4.10 4.10 4.1 4.1 0.382 0.371 0.7302 0.7723 0.1266 0.0042 0.069960 -2.183148 1.2962 0 4.1800 0  17 9 5 25 7 8 21 13  0 1 1 1 0 20 0 12.02 
0.203 4 4.10 4.10 4.1 4.1 0.590 0.511 0.7302 0.7723 0.1274 0.0042 0.069960 -2.183142 1.2962 0 4.1800 0  17 17 13 27 11 20 22 18  0 1 1 1 0 20 0 11.98 
0.204 4 4.10 4.10 4.1 4.1 0.569 0.530 0.7723 0.8032 0.1282 0.0043 0.069960 -2.183143 1.2962 0 4.1800 0  15 -5 8 8 12 30 -2 10  0 1 1 1 0 20 0 11.98 
0.205 4 4.10 4.10 4.1 4.1 0.553 0.598 0.7872 0.8543 0.1290 0.0043 0.069960 -2.183141 1.2962 0 4.1800 0  8 13 9 31 22 32 -5 13  0 1 1 1 0 20 0 11.92 
0.206 4 4.10 4.10 4.1 4.1 0.619 0.542 0.8193 0.8366 0.1298 0.0044 0.069960 -2.183141 1.2962 0 4.1800 0  17 -4 21 24 5 28 8 12  0 1 1 1 0 20 0 11.92 
0.207 4 4.10 4.10 4.1 4.1 0.588 0.515 0.8193 0.8924 0.1306 0.0045 0.069960 -2.183143 1.2962 0 4.1800 0  12 20 5 21 16 46 26 21  0 1 1 1 0 20 0 11.98 
0.208 4 4.10 4.10 4.1 4.1 0.485 0.490 0.8543 0.9125 0.1316 0.0045 0.072551 -2.183145 1.2962 0 4.1800 0  27 -12 0 16 -4 3 20 5  0 1 1 1 0 20 0 11.99 
0.209 4 4.10 4.10 4.1 4.1 0.518 0.566 0.8543 0.9338 0.1324 0.0046 0.072551 -2.183146 1.2962 0 4.1800 0  22 17 12 31 23 38 17 13  0 1 1 1 0 20 0 11.97 
0.210 4 4.10 4.10 4.1 4.1 0.519 0.506 0.8727 0.9796 0.1332 0.0046 0.072551 -2.183146 1.2962 0 4.1800 0  11 12 10 16 1 -14 8 21  0 1 1 1 0 20 0 11.95 
0.211 4 4.10 4.10 4.1 4.1 0.529 0.445 0.9125 1.0041 0.1344 0.0047 0.072551 -2.183150 1.2962 0 4.1800 0  -2 -5 0 19 4 16 -3 13  0 1 1 1 0 20 0 11.95 
0.212 4 4.10 4.10 4.1 4.1 0.447 0.531 0.9338 1.0298 0.1352 0.0048 0.072551 -2.183157 1.2962 0 4.1800 0  16 33 11 19 10 26 -7 11  0 1 1 1 0 20 0 11.99 
0.213 4 4.10 4.10 4.1 4.1 0.509 0.511 0.9559 1.0298 0.1362 0.0049 0.075143 -2.183163 1.2962 0 4.1800 0  8 21 6 26 7 17 5 11  0 1 1 1 0 20 0 11.97 
0.214 4 4.10 4.10 4.1 4.1 0.471 0.391 1.0041 1.0567 0.1374 0.0050 0.075143 -2.183173 1.2962 0 4.1800 0  8 29 11 30 11 20 -9 23  0 1 1 1 0 20 0 11.95 
0.215 4 4.10 4.10 4.1 4.1 0.364 0.434 1.0041 1.0852 0.1382 0.0050 0.075143 -2.183182 1.2962 0 4.1800 0  11 21 13 39 15 16 8 11  0 1 1 1 0 20 0 12.00 
0.216 4 4.10 4.10 4.1 4.1 0.445 0.477 1.0298 1.0852 0.1394 0.0051 0.075143 -2.183178 1.2962 0 4.1800 0  16 16 21 40 18 23 -2 13  0 1 1 1 0 20 0 11.99 
0.217 4 4.10 4.10 4.1 4.1 0.398 0.409 1.0041 1.0852 0.1404 0.0052 0.077734 -2.183175 1.2962 0 4.1800 0  17 -14 20 7 15 21 16 9  0 1 1 1 0 20 0 12.00 
0.218 4 4.10 4.10 4.1 4.1 0.378 0.382 1.0567 1.1153 0.1414 0.0053 0.075143 -2.183181 1.2962 0 4.1800 0  11 28 23 26 9 35 10 13  0 1 1 1 0 20 0 11.99 
0.219 4 4.10 4.10 4.1 4.1 0.428 0.390 1.0852 1.1474 0.1426 0.0054 0.075143 -2.183181 1.2962 0 4.1800 0  13 -5 12 0 12 -2 27 13  0 1 1 1 0 20 0 12.01 
0.220 4 4.10 4.10 4.1 4.1 0.395 0.378 1.0567 1.1812 0.1436 0.0054 0.077734 -2.183177 1.2962 0 4.1800 0  13 23 22 31 23 38 3 22  0 1 1 1 0 20 0 12.02 
0.221 4 4.10 4.10 4.1 4.1 0.389 0.339 1.1153 1.1474 0.1448 0.0055 0.077734 -2.183181 1.2962 0 4.1800 0  7 27 8 2 7 13 21 13  0 1 1 1 0 20 0 12.03 
0.222 4 4.10 4.10 4.1 4.1 0.379 0.356 1.1474 1.1812 0.1460 0.0056 0.077734 -2.183187 1.2962 0 4.1800 0  17 -10 25 18 16 11 26 4  0 1 1 1 0 20 0 12.03 
0.223 4 4.10 4.10 4.1 4.1 0.362 0.329 1.1153 1.2169 0.1470 0.0057 0.080325 -2.183191 1.2962 0 4.1800 0  8 -14 9 10 8 -2 18 5  0 1 1 1 0 20 0 12.02 
0.224 4 4.10 4.10 4.1 4.1 0.436 0.359 1.1153 1.2551 0.1482 0.0058 0.080325 -2.183197 1.2962 0 4.1800 0  29 30 27 27 21 18 2 25  0 1 1 1 0 20 0 12.03 
0.225 4 4.10 4.10 4.1 4.1 0.334 0.350 1.1474 1.2551 0.1494 0.0059 0.080325 -2.183208 1.2962 0 4.1800 0  8 19 32 20 4 20 17 4  0 1 1 1 0 20 0 12.03 
0.226 4 4.10 4.10 4.1 4.1 0.312 0.289 1.1812 1.2952 0.1506 0.0060 0.080325 -2.183220 1.2962 0 4.1800 0  6 35 -3 8 5 28 25 6  0 1 1 1 0 20 0 12.03 
0.227 4 4.10 4.10 4.1 4.1 0.332 0.261 1.1474 1.2952 0.1516 0.0061 0.082916 -2.183240 1.2962 0 4.1800 0  2 -27 16 13 -9 0 18 2  0 1 1 1 0 20 0 12.05 
0.228 4 4.10 4.10 4.1 4.1 0.308 0.274 1.1812 1.3386 0.1528 0.0062 0.082916 -2.183260 1.2962 0 4.1800 0  20 6 36 27 43 27 13 24  0 1 1 1 0 20 0 12.05 
0.229 4 4.10 4.10 4.1 4.1 0.320 0.326 1.2169 1.2952 0.1540 0.0063 0.082916 -2.183280 1.2962 0 4.1800 0  13 13 36 16 18 32 4 31  0 1 1 1 0 20 0 12.06 
0.230 4 4.10 4.10 4.1 4.1 0.371 0.294 1.1812 1.3386 0.1552 0.0064 0.082916 -2.183314 1.2962 0 4.1800 0  6 -5 17 30 -12 12 17 10  0 1 1 1 0 20 0 12.05 
0.231 4 4.10 4.10 4.1 4.1 0.307 0.244 1.2169 1.3386 0.1565 0.0065 0.082916 -2.183343 1.2962 0 4.1800 0  10 -1 17 19 -12 18 -24 11  0 1 1 1 0 20 0 12.05 
0.232 4 4.10 4.10 4.1 4.1 0.293 0.305 1.2169 1.3386 0.1577 0.0066 0.082916 -2.183370 1.2962 0 4.1800 0  20 8 13 18 32 11 3 15  0 1 1 1 0 20 0 12.05 
0.233 4 4.10 4.10 4.1 4.1 0.346 0.287 1.2169 1.3386 0.1591 0.0067 0.085507 -2.183404 1.2962 0 4.1800 0  27 -5 38 24 21 2 12 15  0 1 1 1 0 20 0 12.06 
0.234 4 4.10 4.10 4.1 4.1 0.269 0.247 1.1812 1.3386 0.1603 0.0068 0.085507 -2.183435 1.2962 0 4.1800 0  11 -15 23 10 10 28 -20 1  0 1 1 1 0 20 0 12.03 
0.235 4 4.10 4.10 4.1 4.1 0.269 0.319 1.2551 1.4342 0.1615 0.0069 0.085507 -2.183468 1.2962 0 4.1800 0  12 15 7 12 -1 5 26 -3  0 1 1 1 0 20 0 12.04 
0.236 4 4.10 4.10 4.1 4.1 0.307 0.273 1.2952 1.2952 0.1627 0.0070 0.085507 -2.183494 1.2962 0 4.1800 0  14 22 18 32 21 16 18 15  0 1 1 1 0 20 0 12.04 
0.237 4 4.10 4.10 4.1 4.1 0.295 0.210 1.2551 1.2169 0.1639 0.0071 0.085507 -2.183513 1.2962 0 4.1800 0  3 10 19 24 15 19 -7 15  0 1 1 1 0 20 0 12.04 
0.238 4 4.10 4.10 4.1 4.1 0.246 0.252 1.2952 1.3848 0.1653 0.0072 0.088098 -2.183530 1.2962 0 4.1800 0  24 25 22 22 5 13 6 23  0 1 1 1 0 20 0 12.05 
0.239 4 4.10 4.10 4.1 4.1 0.262 0.274 1.2952 1.3848 0.1665 0.0073 0.088098 -2.183527 1.2962 0 4.1800 0  9 3 27 18 9 22 4 16  0 1 1 1 0 20 0 12.05 
0.240 4 4.10 4.10 4.1 4.1 0.273 0.253 1.2952 1.2952 0.1677 0.0074 0.088098 -2.183518 1.2962 0 4.1800 0  17 13 28 38 0 21 18 8  0 1 1 1 0 20 0 12.04 
0.241 4 4.10 4.10 4.1 4.1 0.328 0.214 1.2952 1.4342 0.1691 0.0076 0.090689 -2.183517 1.2962 0 4.1800 0  10 16 27 26 8 22 8 12  0 1 1 1 0 20 0 12.05 
0.242 4 4.10 4.10 4.1 4.1 0.269 0.279 1.2551 1.4342 0.1703 0.0077 0.090689 -2.183520 1.2962 0 4.1800 0  11 16 13 26 13 23 18 16  0 1 1 1 0 20 0 12.06 
0.243 4 4.10 4.10 4.1 4.1 0.241 0.226 1.2952 1.3386 0.1717 0.0078 0.093280 -2.183519 1.2962 0 4.1800 0  12 10 17 15 28 18 10 -2  0 1 1 1 0 20 0 12.06 
0.244 4 4.10 4.10 4.1 4.1 0.287 0.231 1.2952 1.4342 0.1729 0.0079 0.093280 -2.183506 1.2962 0 4.1800 0  14 9 30 36 18 16 -1 20  0 1 1 1 0 20 0 12.06 
0.245 4 4.10 4.10 4.1 4.1 0.285 0.253 1.2169 1.3848 0.1743 0.0080 0.090689 -2.183492 1.2962 0 4.1800 0  2 -8 24 21 15 35 -11 27  0 1 1 1 0 20 0 12.07 
0.246 4 4.10 4.10 4.1 4.1 0.240 0.226 1.2952 1.3848 0.1757 0.0082 0.093280 -2.183478 1.2962 0 4.1800 0  14 10 25 36 -7 14 -5 10  0 1 1 1 0 20 0 12.07 
0.247 4 4.10 4.10 4.1 4.1 0.334 0.177 1.2952 1.4872 0.1769 0.0083 0.093280 -2.183468 1.2962 0 4.1800 0  -2 16 32 24 27 21 5 16  0 1 1 1 0 20 0 12.09 
0.248 4 4.10 4.10 4.1 4.1 0.257 0.217 1.3386 1.4342 0.1783 0.0084 0.095872 -2.183463 1.2962 0 4.1800 0  19 7 31 2 -6 15 34 10  0 1 1 1 0 20 0 12.08 
0.249 4 4.10 4.10 4.1 4.1 0.208 0.223 1.2952 1.4872 0.1795 0.0085 0.095872 -2.183460 1.2962 0 4.1800 0  22 16 28 30 12 16 20 12  0 1 1 1 0 20 0 12.07 
0.250 4 4.10 4.10 4.1 4.1 0.298 0.192 1.2952 1.3386 0.1807 0.0086 0.095872 -2.183459 1.2962 0 4.1800 0  17 12 27 4 -4 12 27 10  0 1 1 1 0 20 0 12.07 
0.251 4 4.10 4.10 4.1 4.1 0.249 0.195 1.2952 1.4872 0.1821 0.0088 0.098463 -2.183456 1.2962 0 4.1800 0  12 11 25 37 40 21 13 12  0 1 1 1 0 20 0 12.07 
0.252 4 4.10 4.10 4.1 4.1 0.246 0.207 1.2952 1.4342 0.1834 0.0089 0.095872 -2.183456 1.2962 0 4.1800 0  21 13 31 4 -18 6 13 16  0 1 1 1 0 20 0 12.07 
0.253 4 4.10 4.10 4.1 4.1 0.257 0.213 1.3386 1.4342 0.1848 0.0090 0.098463 -2.183447 1.2962 0 4.1800 0  16 12 10 20 29 23 1 23  0 1 1 1 0 20 0 12.08 
0.254 4 4.10 4.10 4.1 4.1 0.229 0.192 1.3848 1.5446 0.1860 0.0092 0.098463 -2.183427 1.2962 0 4.1800 0  21 -5 38 5 9 3 12 3  0 1 1 1 0 20 0 12.08 
0.255 4 4.10 4.10 4.1 4.1 0.275 0.213 1.3386 1.5446 0.1874 0.0093 0.101054 -2.183414 1.2962 0 4.1800 0  9 10 11 48 19 35 4 26  0 1 1 1 0 20 0 12.07 
0.256 4 4.10 4.10 4.1 4.1 0.263 0.230 1.3386 1.4872 0.1888 0.0094 0.098463 -2.183407 1.2962 0 4.1800 0  15 -5 35 25 16 12 5 12  0 1 1 1 0 20 0 12.07 
0.257 4 4.10 4.10 4.1 4.1 0.224 0.179 1.3386 1.4872 0.1902 0.0096 0.101054 -2.183398 1.2962 0 4.1800 0  24 -4 26 8 34 0 18 16  0 1 1 1 0 20 0 12.07 
0.258 4 4.10 4.10 4.1 4.1 0.303 0.229 1.3386 1.5446 0.1914 0.0097 0.101054 -2.183383 1.2962 0 4.1800 0  15 8 28 28 8 13 9 18  0 1 1 1 0 20 0 12.07 
0.259 4 4.10 4.10 4.1 4.1 0.200 0.223 1.3386 1.5446 0.1928 0.0099 0.103645 -2.183369 1.2962 0 4.1800 0  12 0 37 23 10 19 11 21  0 1 1 1 0 20 0 12.07 
0.260 4 4.10 4.10 4.1 4.1 0.222 0.198 1.3848 1.4342 0.1942 0.0100 0.101054 -2.183368 1.2962 0 4.1800 0  2 19 14 22 10 10 27 12  0 1 1 1 0 20 0 12.07 
0.261 4 4.10 4.10 4.1 4.1 0.272 0.147 1.3848 1.4342 0.1956 0.0101 0.103645 -2.183375 1.2962 0 4.1800 0  11 2 21 24 20 1 37 7  0 1 1 1 0 20 0 12.08 
0.262 4 4.10 4.10 4.1 4.1 0.219 0.180 1.3848 1.4872 0.1968 0.0103 0.103645 -2.183373 1.2962 0 4.1800 0  7 18 17 24 -3 32 16 36  0 1 1 1 0 20 0 12.08 
0.263 4 4.10 4.10 4.1 4.1 0.191 0.177 1.3848 1.5446 0.1982 0.0104 0.106236 -2.183367 1.2962 0 4.1800 0  7 11 28 23 19 24 3 18  0 1 1 1 0 20 0 12.08 
0.264 4 4.10 4.10 4.1 4.1 0.252 0.128 1.3848 1.4872 0.1998 0.0106 0.106236 -2.183372 1.2962 0 4.1800 0  16 -15 23 13 -15 15 13 1  0 1 1 1 0 20 0 12.07 
0.265 4 4.10 4.10 4.1 4.1 0.244 0.123 1.4342 1.4872 0.2010 0.0107 0.106236 -2.183379 1.2962 0 4.1800 0  24 28 35 42 8 22 19 29  0 1 1 1 0 20 0 12.07 
0.266 4 4.10 4.10 4.1 4.1 0.219 0.187 1.3848 1.5446 0.2024 0.0109 0.108827 -2.183386 1.2962 0 4.1800 0  23 22 35 23 -4 29 15 20  0 1 1 1 0 20 0 12.07 
0.267 4 4.10 4.10 4.1 4.1 0.279 0.229 1.3848 1.5446 0.2038 0.0110 0.106236 -2.183380 1.2962 0 4.1800 0  16 -1 20 19 24 13 10 15  0 1 1 1 0 20 0 12.08 
0.268 4 4.10 4.10 4.1 4.1 0.223 0.154 1.4342 1.5446 0.2052 0.0112 0.108827 -2.183356 1.2962 0 4.1800 0  -3 2 24 36 20 16 -4 15  0 1 1 1 0 20 0 12.08 
0.269 4 4.10 4.10 4.1 4.1 0.223 0.237 1.4342 1.5446 0.2066 0.0113 0.111418 -2.183344 1.2962 0 4.1800 0  0 36 15 33 26 10 15 12  0 1 1 1 0 20 0 12.08 
0.270 4 4.10 4.10 4.1 4.1 0.269 0.207 1.3848 1.4872 0.2080 0.0115 0.108827 -2.183343 1.2962 0 4.1800 0  11 19 24 13 -26 13 14 -7  0 1 1 1 0 20 0 12.07 
0.271 4 4.10 4.10 4.1 4.1 0.215 0.151 1.3848 1.4872 0.2094 0.0116 0.111418 -2.183334 1.2962 0 4.1800 0  4 9 15 23 -4 18 10 5  0 1 1 1 0 20 0 12.07 
0.272 4 4.10 4.10 4.1 4.1 0.238 0.165 1.3848 1.3848 0.2106 0.0118 0.111418 -2.183317 1.2962 0 4.1800 0  5 2 27 26 -9 7 5 11  0 1 1 1 0 20 0 12.07 
0.273 4 4.10 4.10 4.1 4.1 0.220 0.189 1.3848 1.6065 0.2122 0.0119 0.111418 -2.183304 1.2962 0 4.1800 0  12 14 32 25 31 27 40 8  0 1 1 1 0 20 0 12.08 
0.274 4 4.10 4.10 4.1 4.1 0.190 0.212 1.3848 1.6065 0.2136 0.0121 0.114009 -2.183301 1.2962 0 4.1800 0  23 14 26 32 11 34 -9 32  0 1 1 1 0 20 0 12.08 
0.275 4 4.10 4.10 4.1 4.1 0.260 0.123 1.3848 1.4872 0.2148 0.0122 0.114009 -2.183298 1.2962 0 4.1800 0  19 19 33 19 9 7 22 7  0 1 1 1 0 20 0 12.08 
0.276 4 4.10 4.10 4.1 4.1 0.194 0.190 1.3848 1.5446 0.2164 0.0124 0.114009 -2.183286 1.2962 0 4.1800 0  16 -9 14 16 16 2 6 -4  0 1 1 1 0 20 0 12.08 
0.277 4 4.10 4.10 4.1 4.1 0.184 0.150 1.3848 1.2169 0.2178 0.0126 0.116600 -2.183280 1.2962 0 4.1800 0  0 40 24 32 14 22 7 29  0 1 1 1 0 20 0 12.09 
0.278 4 4.10 4.10 4.1 4.1 0.214 0.151 1.3848 1.5446 0.2190 0.0127 0.116600 -2.183281 1.2962 0 4.1800 0  3 2 26 36 -8 38 -9 17  0 1 1 1 0 20 0 12.09 
0.279 4 4.10 4.10 4.1 4.1 0.206 0.140 1.3848 1.5446 0.2206 0.0129 0.116600 -2.183292 1.2962 0 4.1800 0  5 -4 19 28 21 30 -7 17  0 1 1 1 0 20 0 12.09 
0.280 4 4.10 4.10 4.1 4.1 0.188 0.215 1.3848 1.5446 0.2220 0.0131 0.119192 -2.183297 1.2962 0 4.1800 0  29 1 33 41 14 20 -5 19  0 1 1 1 0 20 0 12.07 
0.281 4 4.10 4.10 4.1 4.1 0.226 0.190 1.1812 1.5446 0.2234 0.0132 0.116600 -2.183273 1.2962 0 4.1800 0  30 7 25 11 18 9 42 8  0 1 1 1 0 20 0 12.09 
0.282 4 4.10 4.10 4.1 4.1 0.196 0.119 1.4342 1.5446 0.2248 0.0134 0.119192 -2.183259 1.2962 0 4.1800 0  14 -8 40 25 14 16 9 18  0 1 1 1 0 20 0 12.09 
0.283 4 4.10 4.10 4.1 4.1 0.168 0.173 1.4872 1.3386 0.2260 0.0135 0.119192 -2.183264 1.2962 0 4.1800 0  17 16 32 22 28 15 4 18  0 1 1 1 0 20 0 12.09 
0.284 4 4.10 4.10 4.1 4.1 0.249 0.179 1.4342 1.6065 0.2276 0.0137 0.119192 -2.183259 1.2962 0 4.1800 0  20 -18 32 24 25 2 4 10  0 1 1 1 0 20 0 12.08 
0.285 4 4.10 4.10 4.1 4.1 0.225 0.150 1.4342 1.6065 0.2290 0.0139 0.121783 -2.183237 1.2962 0 4.1800 0  19 2 34 33 9 22 3 18  0 1 1 1 0 20 0 12.07 
0.286 4 4.10 4.10 4.1 4.1 0.188 0.139 1.4342 1.6065 0.2306 0.0141 0.121783 -2.183212 1.2962 0 4.1800 0  20 1 36 42 28 30 17 15  0 1 1 1 0 20 0 12.08 
0.287 4 4.10 4.10 4.1 4.1 0.234 0.187 1.3848 1.6065 0.2318 0.0142 0.121783 -2.183205 1.2962 0 4.1800 0  17 20 25 40 15 18 -1 22  0 1 1 1 0 20 0 12.09 
0.288 4 4.10 4.10 4.1 4.1 0.162 0.154 1.4342 1.5446 0.2331 0.0144 0.124374 -2.183205 1.2962 0 4.1800 0  9 19 33 20 -6 29 -5 20  0 1 1 1 0 20 0 12.08 
0.289 4 4.10 4.10 4.1 4.1 0.204 0.150 1.4342 1.6065 0.2347 0.0146 0.124374 -2.183193 1.2962 0 4.1800 0  16 8 28 21 -7 19 22 6  0 1 1 1 0 20 0 12.07 
0.290 4 4.10 4.10 4.1 4.1 0.213 0.154 1.4342 1.6065 0.2359 0.0148 0.124374 -2.183180 1.2962 0 4.1800 0  13 25 35 19 -7 24 3 0  0 1 1 1 0 20 0 12.09 
0.291 4 4.10 4.10 4.1 4.1 0.236 0.116 1.4342 1.6065 0.2375 0.0150 0.124374 -2.183182 1.2962 0 4.1800 0  8 38 45 23 22 12 -4 18  0 1 1 1 0 20 0 12.08 
0.292 4 4.10 4.10 4.1 4.1 0.162 0.113 1.4342 1.6065 0.2389 0.0151 0.126965 -2.183187 1.2962 0 4.1800 0  9 -6 22 16 32 8 -13 20  0 1 1 1 0 20 0 12.09 
0.293 4 4.10 4.10 4.1 4.1 0.222 0.143 1.3848 1.5446 0.2401 0.0153 0.126965 -2.183183 1.2962 0 4.1800 0  32 4 34 26 0 19 13 8  0 1 1 1 0 20 0 12.08 
0.294 4 4.10 4.10 4.1 4.1 0.213 0.133 1.4342 1.5446 0.2417 0.0155 0.126965 -2.183168 1.2962 0 4.1800 0  15 21 28 25 3 8 16 15  0 1 1 1 0 20 0 12.09 
0.295 4 4.10 4.10 4.1 4.1 0.172 0.116 1.4872 1.5446 0.2431 0.0157 0.129556 -2.183160 1.2962 0 4.1800 0  28 18 38 30 25 13 12 5  0 1 1 1 0 20 0 12.09 
0.296 4 4.10 4.10 4.1 4.1 0.247 0.121 1.4342 1.3848 0.2445 0.0159 0.126965 -2.183166 1.2962 0 4.1800 0  27 12 26 35 34 -6 20 15  0 1 1 1 0 20 0 12.08 
0.297 4 4.10 4.10 4.1 4.1 0.177 0.181 1.4872 1.6065 0.2459 0.0160 0.129556 -2.183175 1.2962 0 4.1800 0  8 -4 28 22 22 0 6 15  0 1 1 1 0 20 0 12.09 
0.298 4 4.10 4.10 4.1 4.1 0.185 0.192 1.4342 1.6065 0.2475 0.0162 0.129556 -2.183176 1.2962 0 4.1800 0  19 -1 29 34 22 3 5 41  0 1 1 1 0 20 0 12.09 
0.299 4 4.10 4.10 4.1 4.1 0.202 0.096 1.4342 1.6065 0.2489 0.0164 0.132147 -2.183174 1.2962 0 4.1800 0  6 20 38 25 -5 34 -9 11  0 1 1 1 0 20 0 12.08 
0.300 4 4.10 4.10 4.1 4.1 0.176 0.177 1.4342 1.6065 0.2505 0.0166 0.132147 -2.183185 1.2962 0 4.1800 0  11 24 28 36 -2 33 6 14  0 1 1 1 0 20 0 12.09 
0.301 4 4.10 4.10 4.1 4.1 0.183 0.170 1.3848 1.5446 0.2517 0.0168 0.132147 -2.183197 1.2962 0 4.1800 0  5 -3 -17 -1 26 20 4 16  0 1 1 1 0 20 0 12.10 
0.302 4 4.10 4.10 4.1 4.1 0.191 0.157 1.4342 1.6065 0.2531 0.0170 0.134738 -2.183195 1.2962 0 4.1800 0  21 15 32 25 21 4 28 16  0 1 1 1 0 20 0 12.09 
0.303 4 4.10 4.10 4.1 4.1 0.185 0.116 1.4342 1.2551 0.2545 0.0172 0.132147 -2.183196 1.2962 0 4.1800 0  17 3 37 22 29 0 6 8  0 1 1 1 0 20 0 12.08 
0.304 4 4.10 4.10 4.1 4.1 0.224 0.162 1.4342 1.6065 0.2558 0.0174 0.134738 -2.183206 1.2962 0 4.1800 0  15 19 20 -13 13 21 9 20  0 1 1 1 0 20 0 12.09 
0.305 4 4.10 4.10 4.1 4.1 0.211 0.166 1.4342 1.6065 0.2574 0.0176 0.134738 -2.183222 1.2962 0 4.1800 0  0 11 19 38 2 31 20 16  0 1 1 1 0 20 0 12.09 
0.306 4 4.10 4.10 4.1 4.1 0.173 0.142 1.4342 1.6065 0.2588 0.0178 0.137329 -2.183230 1.2962 0 4.1800 0  9 20 35 29 15 15 3 17  0 1 1 1 0 20 0 12.09 
0.307 4 4.10 4.10 4.1 4.1 0.219 0.140 1.4342 1.6065 0.2604 0.0180 0.137329 -2.183224 1.2962 0 4.1800 0  9 2 16 28 7 29 -11 23  0 1 1 1 0 20 0 12.09 
0.308 4 4.10 4.10 4.1 4.1 0.190 0.107 1.4342 1.5446 0.2616 0.0182 0.137329 -2.183217 1.2962 0 4.1800 0  20 0 38 35 -2 25 5 22  0 1 1 1 0 20 0 12.07 
0.309 4 4.10 4.10 4.1 4.1 0.195 0.133 1.2169 1.5446 0.2632 0.0184 0.137329 -2.183220 1.2962 0 4.1800 0  10 -17 22 14 16 -16 -2 4  0 1 1 1 0 20 0 12.08 
0.310 4 4.10 4.10 4.1 4.1 0.212 0.112 1.4342 1.6065 0.2646 0.0186 0.139921 -2.183223 1.2962 0 4.1800 0  10 -1 41 12 27 -5 20 11  0 1 1 1 0 20 0 12.09 
0.311 4 4.10 4.10 4.1 4.1 0.169 0.162 1.4872 1.3386 0.2662 0.0188 0.139921 -2.183207 1.2962 0 4.1800 0  14 23 18 36 -6 62 0 15  0 1 1 1 0 20 0 12.09 
0.312 4 4.10 4.10 4.1 4.1 0.216 0.130 1.4342 1.6732 0.2674 0.0190 0.139921 -2.183183 1.2962 0 4.1800 0  15 -6 31 22 19 0 21 -2  0 1 1 1 0 20 0 12.09 
0.313 4 4.10 4.10 4.1 4.1 0.190 0.105 1.3848 1.6065 0.2690 0.0192 0.139921 -2.183178 1.2962 0 4.1800 0  -4 21 22 24 -12 6 15 0  0 1 1 1 0 20 0 12.09 
0.314 4 4.10 4.10 4.1 4.1 0.171 0.170 1.4342 1.6065 0.2704 0.0194 0.142512 -2.183180 1.2962 0 4.1800 0  30 10 42 22 38 -4 19 25  0 1 1 1 0 20 0 12.09 
0.315 4 4.10 4.10 4.1 4.1 0.235 0.197 1.3848 1.6732 0.2718 0.0196 0.145103 -2.183169 1.2962 0 4.1800 0  14 23 21 17 23 24 8 11  0 1 1 1 0 20 0 12.09 
0.316 4 4.10 4.10 4.1 4.1 0.170 0.116 1.4872 1.5446 0.2732 0.0198 0.142512 -2.183157 1.2962 0 4.1800 0  14 20 35 29 4 15 21 4  0 1 1 1 0 20 0 12.09 
0.317 4 4.10 4.10 4.1 4.1 0.167 0.097 1.4342 1.5446 0.2745 0.0200 0.145103 -2.183158 1.2962 0 4.1800 0  12 28 18 17 4 4 18 6  0 1 1 1 0 20 0 12.09 
0.318 4 4.10 4.10 4.1 4.1 0.215 0.137 1.4342 1.6065 0.2761 0.0202 0.145103 -2.183169 1.2962 0 4.1800 0  4 11 32 38 35 17 8 23  0 1 1 1 0 20 0 12.08 
0.319 4 4.10 4.10 4.1 4.1 0.180 0.178 1.4342 1.6065 0.2775 0.0204 0.147694 -2.183171 1.2962 0 4.1800 0  6 4 25 29 -1 31 -9 5  0 1 1 1 0 20 0 12.09 
0.320 4 4.10 4.10 4.1 4.1 0.166 0.120 1.4342 1.6065 0.2789 0.0206 0.145103 -2.183157 1.2962 0 4.1800 0  11 7 28 24 10 16 4 14  0 1 1 1 0 20 0 12.09 
0.321 4 4.10 4.10 4.1 4.1 0.196 0.123 1.4342 1.6065 0.2803 0.0208 0.147694 -2.183151 1.2962 0 4.1800 0  13 -12 21 4 22 0 16 -1  0 1 1 1 0 20 0 12.10 
0.322 4 4.10 4.10 4.1 4.1 0.184 0.123 1.4342 1.6065 0.2819 0.0211 0.147694 -2.183156 1.2962 0 4.1800 0  13 10 31 24 21 35 -1 9  0 1 1 1 0 20 0 12.09 
0.323 4 4.10 4.10 4.1 4.1 0.201 0.129 1.4342 1.6065 0.2833 0.0213 0.150285 -2.183153 1.2962 0 4.1800 0  11 6 49 26 9 19 0 21  0 1 1 1 0 20 0 12.08 
0.324 4 4.10 4.10 4.1 4.1 0.170 0.095 1.4872 1.6065 0.2849 0.0215 0.150285 -2.183140 1.2962 0 4.1800 0  15 -6 25 23 8 22 -7 18  0 1 1 1 0 20 0 12.08 
0.325 4 4.10 4.10 4.1 4.1 0.200 0.215 1.4872 1.5446 0.2861 0.0217 0.150285 -2.183130 1.2962 0 4.1800 0  22 12 33 35 15 26 -10 24  0 1 1 1 0 20 0 12.08 
0.326 4 4.10 4.10 4.1 4.1 0.245 0.154 1.4342 1.5446 0.2877 0.0219 0.150285 -2.183141 1.2962 0 4.1800 0  12 17 38 27 24 7 19 47  0 1 1 1 0 20 0 12.08 
0.327 4 4.10 4.10 4.1 4.1 0.163 0.106 1.4872 1.6065 0.2890 0.0222 0.152876 -2.183160 1.2962 0 4.1800 0  16 11 42 19 35 33 -1 28  0 1 1 1 0 20 0 12.09 
0.328 4 4.10 4.10 4.1 4.1 0.169 0.162 1.4342 1.6065 0.2906 0.0224 0.152876 -2.183160 1.2962 0 4.1800 0  11 9 41 20 17 28 -5 13  0 1 1 1 0 20 0 12.09 
0.329 4 4.10 4.10 4.1 4.1 0.223 0.170 1.4342 1.6065 0.2918 0.0226 0.152876 -2.183163 1.2962 0 4.1800 0  19 49 14 35 33 20 32 3  0 1 1 1 0 20 0 12.09 
0.330 4 4.10 4.10 4.1 4.1 0.167 0.161 1.4872 1.6732 0.2934 0.0228 0.152876 -2.183186 1.2962 0 4.1800 0  16 8 26 32 11 25 -6 23  0 1 1 1 0 20 0 12.09 
0.331 4 4.10 4.10 4.1 4.1 0.165 0.097 1.4872 1.6732 0.2948 0.0230 0.155467 -2.183216 1.2962 0 4.1800 0  17 18 21 38 23 10 5 16  0 1 1 1 0 20 0 12.09 
0.332 4 4.10 4.10 4.1 4.1 0.207 0.168 1.4872 1.6732 0.2964 0.0233 0.155467 -2.183234 1.2962 0 4.1800 0  23 -3 28 7 7 20 -9 2  0 1 1 1 0 20 0 12.08 
0.333 4 4.10 4.10 4.1 4.1 0.185 0.124 1.4872 1.6065 0.2976 0.0235 0.155467 -2.183236 1.2962 0 4.1800 0  9 -17 23 25 23 7 -6 13  0 1 1 1 0 20 0 12.09 
0.334 4 4.10 4.10 4.1 4.1 0.155 0.107 1.4872 1.6065 0.2992 0.0237 0.155467 -2.183245 1.2962 0 4.1800 0  7 -1 30 20 -8 12 17 8  0 1 1 1 0 20 0 12.09 
0.335 4 4.10 4.10 4.1 4.1 0.205 0.097 1.4872 1.6065 0.3005 0.0239 0.158059 -2.183265 1.2962 0 4.1800 0  34 18 25 23 20 8 8 19  0 1 1 1 0 20 0 12.09 
0.336 4 4.10 4.10 4.1 4.1 0.190 0.188 1.4872 1.6732 0.3021 0.0242 0.158059 -2.183278 1.2962 0 4.1800 0  21 0 42 37 2 8 3 14  0 1 1 1 0 20 0 12.09 
0.337 4 4.10 4.10 4.1 4.1 0.187 0.165 1.4342 1.6732 0.3035 0.0244 0.160650 -2.183277 1.2962 0 4.1800 0  11 -16 28 26 -6 30 -8 6  0 1 1 1 0 20 0 12.09 
0.338 4 4.10 4.10 4.1 4.1 0.193 0.150 1.4872 1.6065 0.3049 0.0246 0.158059 -2.183279 1.2962 0 4.1800 0  20 -3 27 28 5 36 17 1  0 1 1 1 0 20 0 12.10 
0.339 4 4.10 4.10 4.1 4.1 0.151 0.103 1.4872 1.6065 0.3063 0.0249 0.160650 -2.183294 1.2962 0 4.1800 0  19 11 29 26 14 27 2 23  0 1 1 1 0 20 0 12.09 
0.340 4 4.10 4.10 4.1 4.1 0.226 0.188 1.3386 1.6732 0.3079 0.0251 0.160650 -2.183301 1.2962 0 4.1800 0  10 19 32 23 10 18 1 15  0 1 1 1 0 20 0 12.09 
0.341 4 4.10 4.10 4.1 4.1 0.167 0.112 1.4872 1.6732 0.3093 0.0253 0.163241 -2.183292 1.2962 0 4.1800 0  19 28 16 22 11 33 -10 7  0 1 1 1 0 20 0 12.10 
0.342 4 4.10 4.10 4.1 4.1 0.173 0.085 1.4872 1.6065 0.3109 0.0256 0.163241 -2.183286 1.2962 0 4.1800 0  16 1 32 31 27 2 -4 7  0 1 1 1 0 20 0 12.08 
0.343 4 4.10 4.10 4.1 4.1 0.222 0.100 1.4342 1.6065 0.3120 0.0258 0.163241 -2.183291 1.2962 0 4.1800 0  26 14 46 15 21 8 7 9  0 1 1 1 0 20 0 12.09 
0.344 4 4.10 4.10 4.1 4.1 0.178 0.166 1.3848 1.6065 0.3134 0.0260 0.165832 -2.183296 1.2962 0 4.1800 0  26 9 29 31 0 31 0 20  0 1 1 1 0 20 0 12.08 
0.345 4 4.10 4.10 4.1 4.1 0.167 0.184 1.4872 1.6065 0.3150 0.0263 0.165832 -2.183286 1.2962 0 4.1800 0  8 7 22 31 26 19 14 20  0 1 1 1 0 20 0 12.09 
0.346 4 4.10 4.10 4.1 4.1 0.212 0.108 1.4872 1.6065 0.3164 0.0265 0.168423 -2.183271 1.2962 0 4.1800 0  -17 -1 20 26 2 18 7 17  0 1 1 1 0 20 0 12.08 
0.347 4 4.10 4.10 4.1 4.1 0.193 0.116 1.4342 1.6065 0.3178 0.0268 0.165832 -2.183273 1.2962 0 4.1800 0  25 12 37 59 13 21 54 14  0 1 1 1 0 20 0 12.10 
0.348 4 4.10 4.10 4.1 4.1 0.154 0.165 1.4342 1.6732 0.3192 0.0270 0.168423 -2.183275 1.2962 0 4.1800 0  23 22 43 41 5 20 5 35  0 1 1 1 0 20 0 12.07 
0.349 4 4.10 4.10 4.1 4.1 0.232 0.171 1.4872 1.6732 0.3208 0.0273 0.168423 -2.183264 1.2962 0 4.1800 0  12 2 32 12 32 -1 16 0  0 1 1 1 0 20 0 12.07 
0.350 4 4.10 4.10 4.1 4.1 0.189 0.099 1.4872 1.6732 0.3221 0.0275 0.171014 -2.183254 1.2962 0 4.1800 0  -3 -26 22 23 -3 9 -8 3  0 1 1 1 0 20 0 12.07 
0.351 4 4.10 4.10 4.1 4.1 0.202 0.109 1.4342 1.6065 0.3237 0.0278 0.171014 -2.183256 1.2962 0 4.1800 0  18 29 37 27 10 42 10 23  0 1 1 1 0 20 0 12.09 
0.352 4 4.10 4.10 4.1 4.1 0.202 0.157 1.4872 1.5446 0.3249 0.0280 0.171014 -2.183268 1.2962 0 4.1800 0  12 9 20 19 16 23 6 15  0 1 1 1 0 20 0 12.08 
0.353 4 4.10 4.10 4.1 4.1 0.188 0.173 1.4872 1.6732 0.3265 0.0283 0.171014 -2.183270 1.2962 0 4.1800 0  5 -2 30 22 -11 22 37 4  0 1 1 1 0 20 0 12.07 
0.354 4 4.10 4.10 4.1 4.1 0.161 0.124 1.4872 1.5446 0.3279 0.0285 0.173605 -2.183262 1.2962 0 4.1800 0  6 3 14 -12 2 5 40 6  0 1 1 1 0 20 0 12.10 
0.355 4 4.10 4.10 4.1 4.1 0.237 0.093 1.4342 1.5446 0.3295 0.0288 0.173605 -2.183261 1.2962 0 4.1800 0  24 25 36 34 17 20 31 5  0 1 1 1 0 20 0 12.09 
0.356 4 4.10 4.10 4.1 4.1 0.173 0.142 1.4872 1.5446 0.3308 0.0290 0.176196 -2.183275 1.2962 0 4.1800 0  6 25 -7 14 27 16 -11 8  0 1 1 1 0 20 0 12.09 
0.357 4 4.10 4.10 4.1 4.1 0.140 0.186 1.4872 1.6065 0.3322 0.0293 0.173605 -2.183280 1.2962 0 4.1800 0  18 9 27 33 -11 31 17 13  0 1 1 1 0 20 0 12.09 
0.358 4 4.10 4.10 4.1 4.1 0.253 0.124 1.4872 1.6732 0.3336 0.0295 0.176196 -2.183266 1.2962 0 4.1800 0  8 -5 23 -9 -14 12 34 5  0 1 1 1 0 20 0 12.09 
0.359 4 4.10 4.10 4.1 4.1 0.187 0.148 1.4342 1.6065 0.3352 0.0298 0.176196 -2.183263 1.2962 0 4.1800 0  17 -1 28 33 14 37 11 26  0 1 1 1 0 20 0 12.08 
0.360 4 4.10 4.10 4.1 4.1 0.222 0.108 1.4342 1.6732 0.3366 0.0300 0.178788 -2.183278 1.2962 0 4.1800 0  19 8 26 37 15 21 -8 17  0 1 1 1 0 20 0 12.08 
0.361 4 4.10 4.10 4.1 4.1 0.171 0.097 1.4342 1.6065 0.3382 0.0303 0.178788 -2.183293 1.2962 0 4.1800 0  8 0 34 25 5 28 -4 15  0 1 1 1 0 20 0 12.08 
0.362 4 4.10 4.10 4.1 4.1 0.147 0.089 1.3848 1.6065 0.3393 0.0305 0.178788 -2.183299 1.2962 0 4.1800 0  -10 29 6 22 20 1 1 19  0 1 1 1 0 20 0 12.10 
0.363 4 4.10 4.10 4.1 4.1 0.219 0.093 1.4342 1.5446 0.3409 0.0308 0.178788 -2.183301 1.2962 0 4.1800 0  8 8 25 14 3 11 24 16  0 1 1 1 0 20 0 12.10 
0.364 4 4.10 4.10 4.1 4.1 0.207 0.126 1.4872 1.5446 0.3423 0.0311 0.181379 -2.183316 1.2962 0 4.1800 0  11 25 29 25 17 12 15 23  0 1 1 1 0 20 0 12.10 
0.365 4 4.10 4.10 4.1 4.1 0.177 0.107 1.4342 1.6065 0.3439 0.0314 0.181379 -2.183330 1.2962 0 4.1800 0  13 5 37 15 17 23 -5 24  0 1 1 1 0 20 0 12.10 
0.366 4 4.10 4.10 4.1 4.1 0.201 0.193 1.4872 1.4342 0.3451 0.0316 0.181379 -2.183332 1.2962 0 4.1800 0  26 40 18 35 27 15 -1 21  0 1 1 1 0 20 0 12.11 
0.367 4 4.10 4.10 4.1 4.1 0.184 0.139 1.4342 1.6065 0.3467 0.0319 0.181379 -2.183334 1.2962 0 4.1800 0  9 17 23 36 14 18 8 13  0 1 1 1 0 20 0 12.08 
0.368 4 4.10 4.10 4.1 4.1 0.177 0.116 1.4342 1.6065 0.3480 0.0321 0.183970 -2.183341 1.2962 0 4.1800 0  8 -9 31 36 14 12 13 30  0 1 1 1 0 20 0 12.10 
0.369 4 4.10 4.10 4.1 4.1 0.235 0.101 1.4342 1.6732 0.3496 0.0324 0.183970 -2.183349 1.2962 0 4.1800 0  12 -2 32 32 13 20 -3 14  0 1 1 1 0 20 0 12.10 
0.370 4 4.10 4.10 4.1 4.1 0.181 0.197 1.4342 1.6732 0.3510 0.0327 0.186561 -2.183344 1.2962 0 4.1800 0  6 22 34 20 17 8 4 39  0 1 1 1 0 20 0 12.09 
0.371 4 4.10 4.10 4.1 4.1 0.125 0.180 1.4872 1.6065 0.3524 0.0329 0.183970 -2.183331 1.2962 0 4.1800 0  1 12 31 35 10 28 -5 11  0 1 1 1 0 20 0 12.09 
0.372 4 4.10 4.10 4.1 4.1 0.257 0.120 1.4872 1.6065 0.3538 0.0332 0.186561 -2.183324 1.2962 0 4.1800 0  30 1 26 32 9 7 -5 9  0 1 1 1 0 20 0 12.09 
0.373 4 4.10 4.10 4.1 4.1 0.173 0.118 1.4872 1.6732 0.3553 0.0335 0.186561 -2.183322 1.2962 0 4.1800 0  24 3 31 25 7 13 -6 20  0 1 1 1 0 20 0 12.07 
0.374 4 4.10 4.10 4.1 4.1 0.149 0.117 1.4872 1.6732 0.3567 0.0338 0.189152 -2.183313 1.2962 0 4.1800 0  12 29 28 24 1 19 15 21  0 1 1 1 0 20 0 12.10 
0.375 4 4.10 4.10 4.1 4.1 0.199 0.083 1.4872 1.6732 0.3583 0.0341 0.189152 -2.183299 1.2962 0 4.1800 0  22 0 38 35 15 19 -13 21  0 1 1 1 0 20 0 12.11 
0.376 4 4.10 4.10 4.1 4.1 0.182 0.108 1.4342 1.6065 0.3595 0.0343 0.189152 -2.183289 1.2962 0 4.1800 0  3 35 31 27 9 19 25 11  0 1 1 1 0 20 0 12.10 
0.377 4 4.10 4.10 4.1 4.1 0.171 0.139 1.4342 1.6065 0.3611 0.0346 0.189152 -2.183290 1.2962 0 4.1800 0  7 -12 27 40 23 12 28 6  0 1 1 1 0 20 0 12.10 
0.378 4 4.10 4.10 4.1 4.1 0.210 0.151 1.4342 1.6732 0.3624 0.0349 0.191743 -2.183294 1.2962 0 4.1800 0  20 18 -5 17 16 14 10 14  0 1 1 1 0 20 0 12.09 
0.379 4 4.10 4.10 4.1 4.1 0.173 0.127 1.4872 1.6732 0.3640 0.0352 0.191743 -2.183288 1.2962 0 4.1800 0  18 24 25 27 -9 37 12 5  0 1 1 1 0 20 0 12.09 
0.380 4 4.10 4.10 4.1 4.1 0.149 0.133 1.4872 1.6065 0.3654 0.0354 0.194334 -2.183280 1.2962 0 4.1800 0  20 21 33 18 -13 26 22 14  0 1 1 1 0 20 0 12.10 
0.381 4 4.10 4.10 4.1 4.1 0.238 0.159 1.4872 1.5446 0.3668 0.0357 0.191743 -2.183280 1.2962 0 4.1800 0  4 3 25 22 6 9 -16 13  0 1 1 1 0 20 0 12.09 
0.382 4 4.10 4.10 4.1 4.1 0.186 0.150 1.4872 1.5446 0.3682 0.0360 0.194334 -2.183288 1.2962 0 4.1800 0  6 28 31 30 24 13 3 23  0 1 1 1 0 20 0 12.10 
0.383 4 4.10 4.10 4.1 4.1 0.185 0.116 1.4872 1.6065 0.3697 0.0363 0.194334 -2.183287 1.2962 0 4.1800 0  12 -2 39 27 3 24 6 14  0 1 1 1 0 20 0 12.09 
0.384 4 4.10 4.10 4.1 4.1 0.236 0.132 1.4342 1.6065 0.3711 0.0366 0.196926 -2.183279 1.2962 0 4.1800 0  18 4 23 30 10 28 18 16  0 1 1 1 0 20 0 12.09 
0.385 4 4.10 4.10 4.1 4.1 0.168 0.162 1.4872 1.5446 0.3725 0.0368 0.194334 -2.183281 1.2962 0 4.1800 0  26 12 38 30 14 23 10 8  0 1 1 1 0 20 0 12.09 
0.386 4 4.10 4.10 4.1 4.1 0.173 0.108 1.4872 1.6732 0.3739 0.0371 0.196926 -2.183292 1.2962 0 4.1800 0  5 8 31 33 -7 14 15 20  0 1 1 1 0 20 0 12.09 
0.387 4 4.10 4.10 4.1 4.1 0.222 0.152 1.4872 1.6732 0.3754 0.0374 0.196926 -2.183296 1.2962 0 4.1800 0  17 -5 30 13 31 -5 11 -1  0 1 1 1 0 20 0 12.09 
0.388 4 4.10 4.10 4.1 4.1 0.183 0.081 1.4872 1.6732 0.3768 0.0377 0.199517 -2.183292 1.2962 0 4.1800 0  23 26 32 32 39 19 11 26  0 1 1 1 0 20 0 12.10 
