%% logfile from robot 19
%  1    time 0.000 sec
%  2    mission (0) state 2
%  3  4 Motor velocity ref left, right: 2.10 2.10
%  5  6 Motor voltage [V] left, right: 2.1 2.1
%  7  8 Motor current left, right [A]: -0.008 -0.003
%  9 10 Wheel velocity [m/s] left, right: 0.0000 0.0000
% 11    Turnrate [r/s]: 0.0000
% 12 13 14 15 Pose x,y,h,tilt [m,m,rad,rad]: 0.0000 0.0000 0.000000 -2.025244
% 16 .. 35 Line sensor: left -0.379647 0, right 4.180000 0, values -3 4 -4 -8 -7 -5 -2 11, white 0, used 0, LEDhigh=1, xb=1 xw=0 xbc=20 xwc=0
% 35    Battery voltage [V]: 12.22
0.001 2 2.10 2.10 2.1 2.1 0.063 0.068 0.0000 0.0000 0.0000 0.0000 0.0000 0.000000 -2.025243 -0.3796 0 4.1800 0  -24 1 8 -2 7 -1 -6 29  0 0 1 1 0 20 0 12.18 
0.002 2 2.10 2.10 2.1 2.1 0.277 0.295 0.0000 0.0000 0.0000 0.0000 0.0000 0.000000 -2.025251 -0.3796 0 4.1800 0  11 9 -7 9 4 -2 -5 2  0 0 1 1 0 20 0 12.15 
0.003 2 2.10 2.10 2.1 2.1 0.435 0.418 0.0000 0.0000 0.0000 0.0000 0.0000 0.000000 -2.025254 -0.3796 0 4.1800 0  4 -7 8 35 6 12 5 -7  0 0 1 1 0 20 0 12.12 
0.004 2 2.10 2.10 2.1 2.1 0.467 0.490 0.0000 0.0000 0.0000 0.0002 0.0000 0.002591 -2.025249 -0.3796 0 4.1800 0  -33 0 -10 29 15 -9 6 2  0 0 1 1 0 20 0 12.12 
0.005 2 2.10 2.10 2.1 2.1 0.477 0.513 0.0000 0.0000 0.0000 0.0004 0.0000 0.000000 -2.025244 -0.3796 0 4.1800 0  9 -7 -17 31 3 -1 -7 -2  0 0 1 1 0 20 0 12.12 
0.006 2 2.10 2.10 2.1 2.1 0.500 0.492 0.0000 0.0000 0.0000 0.0004 0.0000 0.000000 -2.025243 -0.3796 0 4.1800 0  -25 -13 0 25 8 -12 4 5  0 0 1 1 0 20 0 12.12 
0.007 2 2.10 2.10 2.1 2.1 0.470 0.485 0.0000 0.1237 0.7981 0.0006 0.0000 0.002591 -2.025251 -0.3796 0 4.1800 0  13 -2 -9 16 0 -8 1 -3  0 0 1 1 0 20 0 12.10 
0.008 2 2.10 2.10 2.1 2.1 0.451 0.486 0.1442 0.1237 -0.1321 0.0008 0.0000 0.000000 -2.025264 -0.3796 0 4.1800 0  -48 5 6 21 13 -6 -3 6  0 0 1 1 0 20 0 12.13 
0.009 2 2.10 2.10 2.1 2.1 0.432 0.468 0.1442 0.1237 -0.1321 0.0008 0.0000 0.000000 -2.025268 -0.3796 0 4.1800 0  -33 -4 0 10 13 -6 4 19  0 0 1 1 0 20 0 12.14 
0.010 2 2.10 2.10 2.1 2.1 0.426 0.484 0.2113 0.1623 -0.3161 0.0012 0.0000 0.000000 -2.025266 -0.3796 0 4.1800 0  10 -1 -1 23 6 2 -1 5  0 0 1 1 0 20 0 12.12 
0.011 2 2.10 2.10 2.1 2.1 0.445 0.411 0.2434 0.2390 -0.0285 0.0016 0.0000 0.000000 -2.025267 -0.3796 0 4.1800 0  -36 4 -11 16 7 -2 -2 -1  0 0 1 1 0 20 0 12.13 
0.012 2 2.10 2.10 2.1 2.1 0.454 0.400 0.2434 0.2390 -0.0285 0.0016 0.0000 0.000000 -2.025268 -0.3796 0 4.1800 0  -25 7 -7 33 7 -12 5 17  0 0 1 1 0 20 0 12.13 
0.013 2 2.10 2.10 2.1 2.1 0.400 0.404 0.2446 0.2446 0.0000 0.0020 0.0000 0.000000 -2.025263 -0.3796 0 4.1800 0  4 -4 -10 13 1 -14 4 -7  0 0 1 1 0 20 0 12.12 
0.014 2 2.10 2.10 2.1 2.1 0.367 0.387 0.2928 0.2928 0.0000 0.0024 0.0000 0.000000 -2.025250 -0.3796 0 4.1800 0  -7 1 -8 11 -3 -7 3 -9  0 0 1 1 0 20 0 12.12 
0.015 2 2.10 2.10 2.1 2.1 0.354 0.386 0.2928 0.2928 0.0000 0.0024 0.0000 0.000000 -2.025239 -0.3796 0 4.1800 0  -7 0 -6 16 3 -4 -6 0  0 0 1 1 0 20 0 12.13 
0.016 2 2.10 2.10 2.1 2.1 0.378 0.350 0.2952 0.2590 -0.2332 0.0028 0.0000 0.000000 -2.025232 -0.3796 0 4.1800 0  -36 15 -4 28 3 -1 12 3  0 0 1 1 0 20 0 12.14 
0.017 2 2.10 2.10 2.1 2.1 0.329 0.339 0.3346 0.3462 0.0751 0.0032 0.0000 0.000000 -2.025229 -0.3796 0 4.1800 0  -1 -7 4 8 2 1 0 0  0 0 1 1 0 20 0 12.14 
0.018 2 2.10 2.10 2.1 2.1 0.323 0.318 0.3213 0.3374 0.1036 0.0036 0.0000 0.000000 -2.025229 -0.3796 0 4.1800 0  3 1 -12 15 -5 -19 -2 -23  0 0 1 1 0 20 0 12.13 
0.019 2 2.10 2.10 2.1 2.1 0.333 0.325 0.3751 0.3860 0.0700 0.0040 0.0000 0.000000 -2.025225 -0.3796 0 4.1800 0  7 -5 -2 15 -1 -11 -2 4  0 0 1 1 0 20 0 12.15 
0.020 2 2.10 2.10 2.1 2.1 0.328 0.343 0.3715 0.3113 -0.3887 0.0042 0.0000 -0.002591 -2.025215 -0.3796 0 4.1800 0  -2 4 -8 9 18 0 6 -24  0 0 1 1 0 20 0 12.14 
0.021 2 2.10 2.10 2.1 2.1 0.338 0.305 0.4016 0.3550 -0.3006 0.0048 -0.0000 0.000000 -2.025210 -0.3796 0 4.1800 0  -25 4 -5 18 7 4 -9 7  0 0 1 1 0 20 0 12.13 
0.022 2 2.10 2.10 2.1 2.1 0.278 0.285 0.3896 0.3860 -0.0233 0.0052 -0.0000 0.000000 -2.025208 -0.3796 0 4.1800 0  -26 -7 -4 28 7 3 -2 1  0 0 1 1 0 20 0 12.15 
0.023 2 2.10 2.10 2.1 2.1 0.292 0.290 0.4056 0.4137 0.0518 0.0056 -0.0000 0.000000 -2.025209 -0.3796 0 4.1800 0  -26 8 4 30 8 10 -5 -5  0 0 1 1 0 20 0 12.14 
0.024 2 2.10 2.10 2.1 2.1 0.299 0.286 0.3976 0.3490 -0.3135 0.0060 -0.0000 0.000000 -2.025220 -0.3796 0 4.1800 0  -27 -1 0 19 17 -4 -1 12  0 0 1 1 0 20 0 12.15 
0.025 2 2.10 2.10 2.1 2.1 0.266 0.301 0.4225 0.4016 -0.1347 0.0064 -0.0000 0.000000 -2.025239 -0.3796 0 4.1800 0  -17 6 10 32 9 9 10 4  0 0 1 1 0 20 0 12.15 
0.026 2 2.10 2.10 2.1 2.1 0.247 0.276 0.4362 0.4056 -0.1969 0.0068 -0.0000 0.000000 -2.025258 -0.3796 0 4.1800 0  -19 10 -6 17 -3 -3 9 -9  0 0 1 1 0 20 0 12.14 
0.027 2 2.10 2.10 2.1 2.1 0.270 0.260 0.4510 0.4462 -0.0311 0.0072 -0.0000 0.000000 -2.025271 -0.3796 0 4.1800 0  -28 3 -9 20 -6 -14 -15 -4  0 0 1 1 0 20 0 12.14 
0.028 2 2.10 2.10 2.1 2.1 0.249 0.294 0.4362 0.4462 0.0648 0.0076 -0.0000 0.000000 -2.025275 -0.3796 0 4.1800 0  -27 -8 -15 22 -3 -17 1 -4  0 0 1 1 0 20 0 12.14 
0.029 2 2.10 2.10 2.1 2.1 0.285 0.274 0.4896 0.4779 -0.0751 0.0082 -0.0000 -0.002591 -2.025273 -0.3796 0 4.1800 0  -20 10 9 30 19 16 -2 25  0 0 1 1 0 20 0 12.14 
0.030 2 2.10 2.10 2.1 2.1 0.279 0.257 0.4956 0.5020 0.0415 0.0088 -0.0000 0.000000 -2.025264 -0.3796 0 4.1800 0  -33 3 1 34 4 11 1 6  0 0 1 1 0 20 0 12.15 
0.031 2 2.10 2.10 2.1 2.1 0.230 0.237 0.4723 0.4723 0.0000 0.0092 -0.0000 0.000000 -2.025246 -0.3796 0 4.1800 0  -5 16 -3 14 -7 -14 -5 -17  0 0 1 1 0 20 0 12.14 
0.032 2 2.10 2.10 2.1 2.1 0.205 0.223 0.4896 0.5020 0.0803 0.0096 -0.0000 0.000000 -2.025230 -0.3796 0 4.1800 0  3 -10 -15 4 -11 -17 -4 -7  0 0 1 1 0 20 0 12.16 
0.033 2 2.10 2.10 2.1 2.1 0.232 0.218 0.5213 0.4562 -0.4198 0.0102 -0.0000 -0.002591 -2.025214 -0.3796 0 4.1800 0  5 9 -8 20 6 -7 -7 9  0 0 1 1 0 20 0 12.16 
0.034 2 2.10 2.10 2.1 2.1 0.216 0.206 0.4836 0.5020 0.1192 0.0106 -0.0000 -0.002591 -2.025198 -0.3796 0 4.1800 0  4 11 -10 16 6 -11 15 7  0 0 1 1 0 20 0 12.15 
0.035 2 2.10 2.10 2.1 2.1 0.244 0.209 0.5081 0.5354 0.1762 0.0112 -0.0000 0.000000 -2.025181 -0.3796 0 4.1800 0  3 -10 3 19 1 -6 15 3  0 0 1 1 0 20 0 12.15 
0.036 2 2.10 2.10 2.1 2.1 0.238 0.211 0.5081 0.5081 0.0000 0.0116 -0.0000 0.000000 -2.025163 -0.3796 0 4.1800 0  -32 -9 -7 21 -10 -12 -14 -18  0 0 1 1 0 20 0 12.16 
0.037 2 2.10 2.10 2.1 2.1 0.195 0.218 0.5655 0.5426 -0.1477 0.0122 -0.0000 -0.002591 -2.025152 -0.3796 0 4.1800 0  -23 16 7 48 21 20 -3 5  0 0 1 1 0 20 0 12.16 
0.038 2 2.10 2.10 2.1 2.1 0.196 0.184 0.5655 0.5498 -0.1011 0.0129 -0.0000 0.000000 -2.025159 -0.3796 0 4.1800 0  7 -6 -5 17 1 -1 -6 -2  0 0 1 1 0 20 0 12.16 
0.039 2 2.10 2.10 2.1 2.1 0.212 0.172 0.5655 0.5498 -0.1011 0.0135 -0.0000 -0.002591 -2.025184 -0.3796 0 4.1800 0  -23 -9 2 27 6 -3 -7 -5  0 0 1 1 0 20 0 12.16 
0.040 2 2.10 2.10 2.1 2.1 0.184 0.211 0.5426 0.5281 -0.0933 0.0139 -0.0000 -0.002591 -2.025211 -0.3796 0 4.1800 0  -35 -7 -9 8 -10 -3 -14 19  0 0 1 1 0 20 0 12.16 
0.041 2 2.10 2.10 2.1 2.1 0.220 0.203 0.5575 0.5655 0.0518 0.0145 -0.0000 0.000000 -2.025238 -0.3796 0 4.1800 0  -25 10 -16 -6 -1 -20 11 1  0 0 1 1 0 20 0 12.16 
0.042 2 2.10 2.10 2.1 2.1 0.219 0.199 0.5735 0.5735 0.0000 0.0151 -0.0000 -0.002591 -2.025259 -0.3796 0 4.1800 0  -5 0 -6 15 -5 -10 8 -10  0 0 1 1 0 20 0 12.15 
0.043 2 2.10 2.10 2.1 2.1 0.180 0.191 0.5655 0.5575 -0.0518 0.0157 -0.0000 0.000000 -2.025268 -0.3796 0 4.1800 0  -9 5 -11 13 8 -7 3 4  0 0 1 1 0 20 0 12.15 
0.044 2 2.10 2.10 2.1 2.1 0.173 0.181 0.5820 0.5904 0.0544 0.0163 -0.0000 -0.002591 -2.025269 -0.3796 0 4.1800 0  -29 8 1 21 2 -3 -13 12  0 0 1 1 0 20 0 12.17 
0.045 2 2.10 2.10 2.1 2.1 0.208 0.154 0.5904 0.5992 0.0570 0.0169 -0.0000 0.000000 -2.025269 -0.3796 0 4.1800 0  0 1 -9 17 0 -14 -12 -7  0 0 1 1 0 20 0 12.17 
0.046 2 2.10 2.10 2.1 2.1 0.182 0.162 0.5735 0.5655 -0.0518 0.0173 -0.0000 0.000000 -2.025265 -0.3796 0 4.1800 0  -17 -1 2 31 0 4 0 5  0 0 1 1 0 20 0 12.16 
0.047 2 2.10 2.10 2.1 2.1 0.178 0.173 0.5992 0.5904 -0.0570 0.0181 -0.0000 0.000000 -2.025251 -0.3796 0 4.1800 0  -20 17 2 34 15 6 2 12  0 0 1 1 0 20 0 12.17 
0.048 2 2.10 2.10 2.1 2.1 0.191 0.169 0.6085 0.6273 0.1218 0.0185 -0.0000 0.000000 -2.025232 -0.3796 0 4.1800 0  -21 -1 -2 35 6 -2 12 -2  0 0 1 1 0 20 0 12.17 
0.049 2 2.10 2.10 2.1 2.1 0.146 0.169 0.5992 0.6177 0.1192 0.0193 -0.0000 0.000000 -2.025214 -0.3796 0 4.1800 0  5 -2 0 37 12 22 2 5  0 0 1 1 0 20 0 12.16 
0.050 2 2.10 2.10 2.1 2.1 0.158 0.146 0.5904 0.6085 0.1166 0.0197 -0.0000 0.000000 -2.025199 -0.3796 0 4.1800 0  -16 -4 3 24 2 -3 -3 3  0 0 1 1 0 20 0 12.16 
0.051 2 2.10 2.10 2.1 2.1 0.167 0.161 0.6273 0.5904 -0.2384 0.0205 -0.0000 0.000000 -2.025187 -0.3796 0 4.1800 0  -24 7 -8 -2 6 8 -8 12  0 0 1 1 0 20 0 12.16 
0.052 2 2.10 2.10 2.1 2.1 0.176 0.176 0.5992 0.6374 0.2462 0.0209 -0.0000 0.000000 -2.025179 -0.3796 0 4.1800 0  -22 10 -6 42 9 11 2 2  0 0 1 1 0 20 0 12.16 
0.053 2 2.10 2.10 2.1 2.1 0.188 0.159 0.6177 0.6583 0.2617 0.0217 -0.0000 0.000000 -2.025176 -0.3796 0 4.1800 0  -20 2 7 8 2 -19 0 -17  0 0 1 1 0 20 0 12.17 
0.054 2 2.10 2.10 2.1 2.1 0.184 0.141 0.6273 0.5992 -0.1814 0.0223 -0.0000 -0.002591 -2.025185 -0.3796 0 4.1800 0  -15 7 -13 14 -2 -22 0 -7  0 0 1 1 0 20 0 12.17 
0.055 2 2.10 2.10 2.1 2.1 0.139 0.134 0.6085 0.6374 0.1866 0.0229 -0.0000 0.000000 -2.025202 -0.3796 0 4.1800 0  4 6 10 19 -1 0 -1 0  0 0 1 1 0 20 0 12.17 
0.056 2 2.10 2.10 2.1 2.1 0.145 0.153 0.6273 0.5992 -0.1814 0.0235 -0.0000 -0.002591 -2.025216 -0.3796 0 4.1800 0  -16 0 -2 25 8 -6 16 25  0 0 1 1 0 20 0 12.17 
0.057 2 2.10 2.10 2.1 2.1 0.188 0.124 0.6374 0.6374 0.0000 0.0241 -0.0000 0.000000 -2.025229 -0.3796 0 4.1800 0  -8 8 0 1 7 -6 1 -3  0 0 1 1 0 20 0 12.16 
0.058 2 2.10 2.10 2.1 2.1 0.162 0.124 0.6474 0.6804 0.2125 0.0249 -0.0000 0.000000 -2.025239 -0.3796 0 4.1800 0  -22 -17 -6 34 -10 3 -7 3  0 0 1 1 0 20 0 12.17 
0.059 2 2.10 2.10 2.1 2.1 0.154 0.140 0.6273 0.6085 -0.1218 0.0253 -0.0000 0.000000 -2.025249 -0.3796 0 4.1800 0  -4 0 6 36 14 -5 -4 8  0 0 1 1 0 20 0 12.17 
0.060 2 2.10 2.10 2.1 2.1 0.166 0.143 0.6474 0.6177 -0.1917 0.0261 -0.0000 0.000000 -2.025265 -0.3796 0 4.1800 0  9 7 7 28 -10 -16 -1 -13  0 0 1 1 0 20 0 12.17 
0.061 2 2.10 2.10 2.1 2.1 0.124 0.151 0.6273 0.6691 0.2695 0.0267 -0.0000 -0.002591 -2.025275 -0.3796 0 4.1800 0  -25 -8 6 21 6 3 -11 21  0 0 1 1 0 20 0 12.17 
0.062 2 2.10 2.10 2.1 2.1 0.165 0.151 0.6474 0.6804 0.2125 0.0273 -0.0000 0.000000 -2.025279 -0.3796 0 4.1800 0  -13 0 0 13 6 -9 2 10  0 0 1 1 0 20 0 12.17 
0.063 2 2.10 2.10 2.1 2.1 0.181 0.139 0.6804 0.7044 0.1555 0.0281 -0.0000 0.000000 -2.025266 -0.3796 0 4.1800 0  -24 4 -6 30 -2 3 2 0  0 0 1 1 0 20 0 12.17 
0.064 2 2.10 2.10 2.1 2.1 0.128 0.122 0.6374 0.6804 0.2773 0.0287 -0.0000 0.002591 -2.025241 -0.3796 0 4.1800 0  -25 10 0 43 6 -2 2 -3  0 0 1 1 0 20 0 12.17 
0.065 2 2.10 2.10 2.1 2.1 0.135 0.122 0.6804 0.6085 -0.4638 0.0293 -0.0000 0.000000 -2.025218 -0.3796 0 4.1800 0  -14 12 33 12 12 1 5 17  0 0 1 1 0 20 0 12.18 
0.066 2 2.10 2.10 2.1 2.1 0.145 0.141 0.6273 0.6691 0.2695 0.0301 -0.0000 0.000000 -2.025200 -0.3796 0 4.1800 0  -17 2 15 45 13 -9 2 6  0 0 1 1 0 20 0 12.17 
0.067 2 2.10 2.10 2.1 2.1 0.165 0.135 0.6474 0.6924 0.2902 0.0305 -0.0000 0.000000 -2.025186 -0.3796 0 4.1800 0  7 8 0 33 14 6 -2 7  0 0 1 1 0 20 0 12.16 
0.068 2 2.10 2.10 2.1 2.1 0.143 0.130 0.6691 0.6924 0.1503 0.0313 -0.0000 0.000000 -2.025175 -0.3796 0 4.1800 0  -24 0 -2 40 3 -12 4 -4  0 0 1 1 0 20 0 12.17 
0.069 2 2.10 2.10 2.1 2.1 0.132 0.091 0.6924 0.6924 0.0000 0.0321 -0.0000 0.000000 -2.025165 -0.3796 0 4.1800 0  -27 -6 -7 17 6 9 1 23  0 0 1 1 0 20 0 12.17 
0.070 2 2.10 2.10 2.1 2.1 0.139 0.087 0.6924 0.7044 0.0777 0.0327 -0.0000 0.002591 -2.025159 -0.3796 0 4.1800 0  -8 10 -4 24 7 -11 -2 -2  0 0 1 1 0 20 0 12.17 
0.071 2 2.10 2.10 2.1 2.1 0.115 0.128 0.6583 0.6374 -0.1347 0.0333 -0.0000 0.000000 -2.025158 -0.3796 0 4.1800 0  -25 0 0 33 18 8 -7 -17  0 0 1 1 0 20 0 12.17 
0.072 2 2.10 2.10 2.1 2.1 0.170 0.133 0.6804 0.6924 0.0777 0.0341 -0.0000 0.000000 -2.025164 -0.3796 0 4.1800 0  -30 -6 -7 31 4 -10 -3 15  0 0 1 1 0 20 0 12.17 
0.073 2 2.10 2.10 2.1 2.1 0.174 0.135 0.6924 0.6691 -0.1503 0.0347 -0.0000 0.002591 -2.025178 -0.3796 0 4.1800 0  -35 -6 -4 27 -1 -7 -18 23  0 0 1 1 0 20 0 12.18 
0.074 2 2.10 2.10 2.1 2.1 0.121 0.089 0.6924 0.7044 0.0777 0.0353 -0.0000 0.000000 -2.025194 -0.3796 0 4.1800 0  5 14 6 15 2 -13 26 -7  0 0 1 1 0 20 0 12.17 
0.075 2 2.10 2.10 2.1 2.1 0.120 0.078 0.6924 0.7169 0.1581 0.0361 -0.0000 0.000000 -2.025208 -0.3796 0 4.1800 0  -31 18 4 -5 13 11 6 7  0 0 1 1 0 20 0 12.17 
0.076 2 2.10 2.10 2.1 2.1 0.158 0.106 0.6804 0.7169 0.2358 0.0369 -0.0000 0.000000 -2.025224 -0.3796 0 4.1800 0  13 -9 2 28 8 17 -6 7  0 0 1 1 0 20 0 12.17 
0.077 2 2.10 2.10 2.1 2.1 0.113 0.118 0.6924 0.6924 0.0000 0.0374 -0.0000 0.000000 -2.025233 -0.3796 0 4.1800 0  -7 -1 -5 32 1 -2 -20 6  0 0 1 1 0 20 0 12.17 
0.078 2 2.10 2.10 2.1 2.1 0.124 0.095 0.6691 0.6691 0.0000 0.0382 -0.0000 0.000000 -2.025229 -0.3796 0 4.1800 0  -26 10 7 35 2 -2 -4 11  0 0 1 1 0 20 0 12.17 
0.079 2 2.10 2.10 2.1 2.1 0.119 0.096 0.6691 0.7044 0.2280 0.0390 -0.0000 0.000000 -2.025212 -0.3796 0 4.1800 0  -25 1 5 31 11 0 -10 12  0 0 1 1 0 20 0 12.17 
0.080 2 2.10 2.10 2.1 2.1 0.096 0.127 0.6924 0.6804 -0.0777 0.0396 -0.0000 0.002591 -2.025190 -0.3796 0 4.1800 0  4 -8 8 31 19 -14 -17 -13  0 0 1 1 0 20 0 12.17 
0.081 2 2.10 2.10 2.1 2.1 0.117 0.131 0.7169 0.7169 0.0000 0.0402 -0.0000 0.000000 -2.025169 -0.3796 0 4.1800 0  -28 -14 -10 29 -6 -10 -9 5  0 0 1 1 0 20 0 12.16 
0.082 2 2.10 2.10 2.1 2.1 0.182 0.115 0.6924 0.7434 0.3291 0.0410 -0.0000 0.000000 -2.025152 -0.3796 0 4.1800 0  -11 2 13 48 14 9 -7 9  0 0 1 1 0 20 0 12.16 
0.083 2 2.10 2.10 2.1 2.1 0.102 0.115 0.6804 0.7169 0.2358 0.0416 -0.0000 0.002591 -2.025135 -0.3796 0 4.1800 0  -19 11 -2 30 6 -7 4 -4  0 0 1 1 0 20 0 12.17 
0.084 2 2.10 2.10 2.1 2.1 0.116 0.096 0.6691 0.7434 0.4794 0.0424 -0.0000 0.002591 -2.025124 -0.3796 0 4.1800 0  -24 6 -7 14 -7 -19 3 -22  0 0 1 1 0 20 0 12.16 
0.085 2 2.10 2.10 2.1 2.1 0.150 0.101 0.6924 0.6583 -0.2202 0.0430 -0.0000 0.000000 -2.025123 -0.3796 0 4.1800 0  -8 -3 -4 32 -3 2 -16 1  0 0 1 1 0 20 0 12.17 
0.086 2 2.10 2.10 2.1 2.1 0.115 0.116 0.7044 0.7302 0.1658 0.0438 -0.0000 0.000000 -2.025128 -0.3796 0 4.1800 0  -17 -1 -11 19 11 4 3 3  0 0 1 1 0 20 0 12.17 
0.087 2 2.10 2.10 2.1 2.1 0.112 0.113 0.7044 0.6691 -0.2280 0.0444 -0.0000 0.002591 -2.025140 -0.3796 0 4.1800 0  -26 9 7 6 12 8 8 7  0 0 1 1 0 20 0 12.17 
0.088 2 2.10 2.10 2.1 2.1 0.143 0.073 0.7044 0.6804 -0.1555 0.0452 -0.0000 0.002591 -2.025158 -0.3796 0 4.1800 0  -31 -1 8 25 2 -17 4 18  0 0 1 1 0 20 0 12.18 
0.089 2 2.10 2.10 2.1 2.1 0.080 0.079 0.7169 0.7302 0.0855 0.0458 -0.0000 0.000000 -2.025175 -0.3796 0 4.1800 0  -29 -1 0 20 -7 -13 -1 7  0 0 1 1 0 20 0 12.18 
0.090 2 2.10 2.10 2.1 2.1 0.101 0.097 0.6924 0.7434 0.3291 0.0466 -0.0000 0.000000 -2.025194 -0.3796 0 4.1800 0  -20 -6 1 -5 15 -22 5 -16  0 0 1 1 0 20 0 12.17 
0.091 2 2.10 2.10 2.1 2.1 0.153 0.110 0.7302 0.7575 0.1762 0.0472 -0.0000 0.002591 -2.025213 -0.3796 0 4.1800 0  -13 2 -10 35 -12 -6 -9 -18  0 0 1 1 0 20 0 12.17 
0.092 2 2.10 2.10 2.1 2.1 0.107 0.097 0.6804 0.7434 0.4068 0.0480 0.0000 0.002591 -2.025225 -0.3796 0 4.1800 0  -2 -5 -5 44 12 4 7 4  0 0 1 1 0 20 0 12.18 
0.093 2 2.10 2.10 2.1 2.1 0.109 0.059 0.7302 0.7169 -0.0855 0.0488 0.0000 0.002591 -2.025234 -0.3796 0 4.1800 0  16 3 4 35 12 -6 -5 17  0 0 1 1 0 20 0 12.17 
0.094 2 2.10 2.10 2.1 2.1 0.136 0.079 0.6273 0.7169 0.5778 0.0492 0.0000 0.002591 -2.025234 -0.3796 0 4.1800 0  -5 4 -13 -2 18 -7 5 -2  0 0 1 1 0 20 0 12.17 
0.095 2 2.10 2.10 2.1 2.1 0.120 0.108 0.6924 0.7044 0.0777 0.0500 0.0000 0.002591 -2.025224 -0.3796 0 4.1800 0  -18 -2 3 21 -2 -12 -1 -1  0 0 1 1 0 20 0 12.16 
0.096 2 2.10 2.10 2.1 2.1 0.113 0.108 0.7044 0.7044 0.0000 0.0508 0.0000 0.002591 -2.025212 -0.3796 0 4.1800 0  -22 -3 25 11 10 2 5 26  0 0 1 1 0 20 0 12.17 
0.097 2 2.10 2.10 2.1 2.1 0.131 0.078 0.7434 0.7302 -0.0855 0.0516 0.0000 0.002591 -2.025201 -0.3796 0 4.1800 0  -38 14 -5 -4 2 -9 -7 12  0 0 1 1 0 20 0 12.17 
0.098 2 2.10 2.10 2.1 2.1 0.093 0.090 0.7302 0.6583 -0.4638 0.0522 0.0000 0.000000 -2.025194 -0.3796 0 4.1800 0  7 1 0 39 17 -9 -6 12  0 0 1 1 0 20 0 12.18 
0.099 2 2.10 2.10 2.1 2.1 0.102 0.140 0.7044 0.7302 0.1658 0.0528 0.0000 0.002591 -2.025189 -0.3796 0 4.1800 0  5 6 5 41 11 -2 -4 7  0 0 1 1 0 20 0 12.18 
0.100 2 2.10 2.10 2.1 2.1 0.171 0.107 0.7169 0.7723 0.3576 0.0536 0.0000 0.002591 -2.025185 -0.3796 0 4.1800 0  8 3 1 38 8 -3 -1 8  0 0 1 1 0 20 0 12.17 
0.101 2 2.10 2.10 2.1 2.1 0.116 0.078 0.7044 0.7434 0.2513 0.0544 0.0000 0.002591 -2.025180 -0.3796 0 4.1800 0  -19 -5 6 13 -7 -19 -6 -28  0 0 1 1 0 20 0 12.16 
0.102 2 2.10 2.10 2.1 2.1 0.116 0.077 0.7169 0.7434 0.1710 0.0552 0.0000 0.002591 -2.025180 -0.3796 0 4.1800 0  -6 -7 3 39 16 8 6 -10  0 0 1 1 0 20 0 12.17 
0.103 2 2.10 2.10 2.1 2.1 0.117 0.089 0.7302 0.7434 0.0855 0.0558 0.0000 0.005182 -2.025180 -0.3796 0 4.1800 0  -43 -9 -7 34 2 -2 -16 15  0 0 1 1 0 20 0 12.17 
0.104 2 2.10 2.10 2.1 2.1 0.115 0.111 0.7169 0.7302 0.0855 0.0564 0.0000 0.002591 -2.025178 -0.3796 0 4.1800 0  -23 -11 -6 12 5 -17 -4 -18  0 0 1 1 0 20 0 12.16 
0.105 2 2.10 2.10 2.1 2.1 0.132 0.108 0.7302 0.6924 -0.2436 0.0572 0.0000 0.002591 -2.025181 -0.3796 0 4.1800 0  -23 -2 2 34 9 13 5 10  0 0 1 1 0 20 0 12.17 
0.106 2 2.10 2.10 2.1 2.1 0.120 0.082 0.7169 0.7302 0.0855 0.0580 0.0000 0.002591 -2.025190 -0.3796 0 4.1800 0  -31 -4 -9 31 14 5 -1 13  0 0 1 1 0 20 0 12.18 
0.107 2 2.10 2.10 2.1 2.1 0.093 0.070 0.7044 0.7044 0.0000 0.0586 0.0000 0.005182 -2.025199 -0.3796 0 4.1800 0  7 -1 -7 41 11 2 -5 2  0 0 1 1 0 20 0 12.17 
0.108 2 2.10 2.10 2.1 2.1 0.097 0.075 0.7302 0.7434 0.0855 0.0594 0.0000 0.005182 -2.025209 -0.3796 0 4.1800 0  -29 -5 1 45 -1 -3 4 4  0 0 1 1 0 20 0 12.18 
0.109 2 2.10 2.10 2.1 2.1 0.148 0.070 0.7044 0.7434 0.2513 0.0600 0.0000 0.002591 -2.025215 -0.3796 0 4.1800 0  -31 1 -9 11 0 -5 -3 -3  0 0 1 1 0 20 0 12.18 
0.110 2 2.10 2.10 2.1 2.1 0.122 0.070 0.7044 0.7434 0.2513 0.0608 0.0000 0.002591 -2.025215 -0.3796 0 4.1800 0  -38 -17 3 33 24 15 2 3  0 0 1 1 0 20 0 12.17 
0.111 2 2.10 2.10 2.1 2.1 0.118 0.091 0.6691 0.7723 0.6659 0.0614 0.0000 0.005182 -2.025215 -0.3796 0 4.1800 0  1 10 19 42 19 -2 5 10  0 0 1 1 0 20 0 12.18 
0.112 2 2.10 2.10 2.1 2.1 0.101 0.101 0.7169 0.7434 0.1710 0.0623 0.0000 0.005182 -2.025208 -0.3796 0 4.1800 0  -19 18 0 54 6 1 3 5  0 0 1 1 0 20 0 12.18 
0.113 2 2.10 2.10 2.1 2.1 0.153 0.075 0.7302 0.7872 0.3679 0.0631 0.0000 0.005182 -2.025201 -0.3796 0 4.1800 0  -38 16 -1 5 19 7 2 -23  0 0 1 1 0 20 0 12.18 
0.114 2 2.10 2.10 2.1 2.1 0.110 0.064 0.7302 0.6924 -0.2436 0.0637 0.0001 0.002591 -2.025195 -0.3796 0 4.1800 0  -6 -10 -10 -9 8 1 3 -1  0 0 1 1 0 20 0 12.18 
0.115 2 2.10 2.10 2.1 2.1 0.107 0.043 0.7169 0.7044 -0.0803 0.0645 0.0001 0.002591 -2.025182 -0.3796 0 4.1800 0  8 8 7 17 23 5 11 16  0 0 1 1 0 20 0 12.17 
0.116 2 2.10 2.10 2.1 2.1 0.100 0.079 0.7302 0.7302 0.0000 0.0651 0.0001 0.005182 -2.025168 -0.3796 0 4.1800 0  -43 1 -6 31 11 -4 -4 6  0 0 1 1 0 20 0 12.17 
0.117 2 2.10 2.10 2.1 2.1 0.093 0.094 0.6804 0.7575 0.4975 0.0659 0.0001 0.005182 -2.025158 -0.3796 0 4.1800 0  -33 4 3 44 16 1 -8 -25  0 0 1 1 0 20 0 12.17 
0.118 2 2.10 2.10 2.1 2.1 0.127 0.098 0.7434 0.7169 -0.1710 0.0667 0.0001 0.005182 -2.025150 -0.3796 0 4.1800 0  -29 -9 -12 21 -6 -18 -8 1  0 0 1 1 0 20 0 12.17 
0.119 2 2.10 2.10 2.1 2.1 0.137 0.055 0.6924 0.6177 -0.4819 0.0673 0.0001 0.002591 -2.025146 -0.3796 0 4.1800 0  10 14 4 41 18 12 13 8  0 0 1 1 0 20 0 12.17 
0.120 2 2.10 2.10 2.1 2.1 0.105 0.059 0.7434 0.7302 -0.0855 0.0681 0.0001 0.002591 -2.025142 -0.3796 0 4.1800 0  -32 -1 1 9 0 -17 2 14  0 0 1 1 0 20 0 12.17 
0.121 2 2.10 2.10 2.1 2.1 0.108 0.083 0.7434 0.7575 0.0907 0.0687 0.0001 0.005182 -2.025143 -0.3796 0 4.1800 0  -3 -5 -8 38 17 15 -10 7  0 0 1 1 0 20 0 12.16 
0.122 2 2.10 2.10 2.1 2.1 0.115 0.077 0.7044 0.7575 0.3420 0.0695 0.0001 0.005182 -2.025152 -0.3796 0 4.1800 0  -43 -13 -8 20 -5 -13 -6 -9  0 0 1 1 0 20 0 12.17 
0.123 2 2.10 2.10 2.1 2.1 0.130 0.074 0.7169 0.7575 0.2617 0.0703 0.0001 0.005182 -2.025165 -0.3796 0 4.1800 0  -22 3 5 58 17 13 3 22  0 0 1 1 0 20 0 12.17 
0.124 2 2.10 2.10 2.1 2.1 0.083 0.082 0.7575 0.7723 0.0959 0.0711 0.0001 0.005182 -2.025170 -0.3796 0 4.1800 0  -19 2 -3 -12 3 -18 1 -27  0 0 1 1 0 20 0 12.17 
0.125 2 2.10 2.10 2.1 2.1 0.071 0.120 0.7434 0.7434 0.0000 0.0719 0.0001 0.005182 -2.025169 -0.3796 0 4.1800 0  -37 3 -3 12 5 -2 -9 17  0 0 1 1 0 20 0 12.17 
0.126 2 2.10 2.10 2.1 2.1 0.108 0.094 0.7044 0.7575 0.3420 0.0723 0.0001 0.005182 -2.025174 -0.3796 0 4.1800 0  -42 2 -27 -5 1 -21 -16 -9  0 0 1 1 0 20 0 12.17 
0.127 2 2.10 2.10 2.1 2.1 0.131 0.079 0.7169 0.7169 0.0000 0.0731 0.0001 0.005182 -2.025175 -0.3796 0 4.1800 0  -35 3 1 45 11 6 13 5  0 0 1 1 0 20 0 12.17 
0.128 2 2.10 2.10 2.1 2.1 0.128 0.051 0.7044 0.7302 0.1658 0.0739 0.0001 0.005182 -2.025171 -0.3796 0 4.1800 0  -28 1 2 38 8 -2 -2 17  0 0 1 1 0 20 0 12.18 
0.129 2 2.10 2.10 2.1 2.1 0.113 0.074 0.7169 0.7169 0.0000 0.0747 0.0001 0.005182 -2.025170 -0.3796 0 4.1800 0  -18 -4 5 28 2 2 -3 6  0 0 1 1 0 20 0 12.18 
0.130 2 2.10 2.10 2.1 2.1 0.123 0.112 0.7302 0.7302 0.0000 0.0753 0.0001 0.007773 -2.025164 -0.3796 0 4.1800 0  2 3 2 4 12 -4 8 6  0 0 1 1 0 20 0 12.17 
0.131 2 2.10 2.10 2.1 2.1 0.109 0.096 0.7302 0.6691 -0.3939 0.0759 0.0001 0.005182 -2.025158 -0.3796 0 4.1800 0  -33 1 5 39 20 0 2 17  0 0 1 1 0 20 0 12.17 
0.132 2 2.10 2.10 2.1 2.1 0.108 0.059 0.7434 0.7575 0.0907 0.0767 0.0001 0.005182 -2.025161 -0.3796 0 4.1800 0  -14 0 5 45 15 18 11 18  0 0 1 1 0 20 0 12.17 
0.133 2 2.10 2.10 2.1 2.1 0.116 0.072 0.7169 0.7723 0.3576 0.0775 0.0001 0.005182 -2.025163 -0.3796 0 4.1800 0  0 -4 -9 35 4 5 -7 8  0 0 1 1 0 20 0 12.17 
0.134 2 2.10 2.10 2.1 2.1 0.070 0.100 0.7302 0.7575 0.1762 0.0783 0.0001 0.005182 -2.025165 -0.3796 0 4.1800 0  -29 2 -8 -12 -4 -18 3 -17  0 0 1 1 0 20 0 12.17 
0.135 2 2.10 2.10 2.1 2.1 0.103 0.115 0.7434 0.7723 0.1866 0.0789 0.0001 0.007773 -2.025164 -0.3796 0 4.1800 0  5 8 1 41 8 7 -2 11  0 0 1 1 0 20 0 12.17 
0.136 2 2.10 2.10 2.1 2.1 0.141 0.088 0.7044 0.7575 0.3420 0.0797 0.0001 0.007773 -2.025164 -0.3796 0 4.1800 0  14 0 3 38 8 12 10 13  0 0 1 1 0 20 0 12.16 
0.137 2 2.10 2.10 2.1 2.1 0.133 0.067 0.7169 0.7723 0.3576 0.0805 0.0001 0.007773 -2.025169 -0.3796 0 4.1800 0  9 -4 5 19 12 7 -3 12  0 0 1 1 0 20 0 12.17 
0.138 2 2.10 2.10 2.1 2.1 0.094 0.080 0.7044 0.6924 -0.0777 0.0811 0.0001 0.005182 -2.025174 -0.3796 0 4.1800 0  -26 -9 0 28 14 10 8 -2  0 0 1 1 0 20 0 12.18 
0.139 2 2.10 2.10 2.1 2.1 0.096 0.068 0.7302 0.7575 0.1762 0.0817 0.0001 0.007773 -2.025176 -0.3796 0 4.1800 0  -19 -10 -5 42 6 1 3 12  0 0 1 1 0 20 0 12.18 
0.140 2 2.10 2.10 2.1 2.1 0.141 0.054 0.7302 0.6924 -0.2436 0.0825 0.0002 0.007773 -2.025177 -0.3796 0 4.1800 0  -29 -1 3 22 12 16 -6 3  0 0 1 1 0 20 0 12.18 
0.141 2 2.10 2.10 2.1 2.1 0.102 0.067 0.7302 0.7169 -0.0855 0.0833 0.0002 0.007773 -2.025177 -0.3796 0 4.1800 0  -33 -5 -1 51 -1 1 0 -16  0 0 1 1 0 20 0 12.18 
0.142 2 2.10 2.10 2.1 2.1 0.097 0.089 0.7302 0.7434 0.0855 0.0841 0.0002 0.007773 -2.025181 -0.3796 0 4.1800 0  -32 -1 -1 37 12 -9 -6 -5  0 0 1 1 0 20 0 12.18 
0.143 2 2.10 2.10 2.1 2.1 0.101 0.099 0.7434 0.7575 0.0907 0.0849 0.0002 0.007773 -2.025190 -0.3796 0 4.1800 0  -25 -5 -6 28 2 -9 1 0  0 0 1 1 0 20 0 12.18 
0.144 2 2.10 2.10 2.1 2.1 0.096 0.052 0.6924 0.7044 0.0777 0.0853 0.0002 0.007773 -2.025190 -0.3796 0 4.1800 0  -2 -4 2 40 6 6 4 9  0 0 1 1 0 20 0 12.17 
0.145 2 2.10 2.10 2.1 2.1 0.131 0.040 0.7575 0.7723 0.0959 0.0861 0.0002 0.007773 -2.025180 -0.3796 0 4.1800 0  7 3 -4 46 14 28 1 9  0 0 1 1 0 20 0 12.18 
0.146 2 2.10 2.10 2.1 2.1 0.121 0.050 0.7044 0.7434 0.2513 0.0870 0.0002 0.007773 -2.025170 -0.3796 0 4.1800 0  -41 -3 -6 40 10 0 -4 11  0 0 1 1 0 20 0 12.18 
0.147 2 2.10 2.10 2.1 2.1 0.106 0.097 0.7575 0.7723 0.0959 0.0878 0.0002 0.007773 -2.025166 -0.3796 0 4.1800 0  6 8 8 7 9 1 -5 9  0 0 1 1 0 20 0 12.18 
0.148 2 2.10 2.10 2.1 2.1 0.087 0.068 0.6924 0.7723 0.5156 0.0886 0.0002 0.007773 -2.025167 -0.3796 0 4.1800 0  -34 -2 -2 -4 13 -4 -5 19  0 0 1 1 0 20 0 12.17 
0.149 2 2.10 2.10 2.1 2.1 0.132 0.053 0.7169 0.7723 0.3576 0.0892 0.0002 0.010364 -2.025166 -0.3796 0 4.1800 0  -3 9 10 40 1 8 -6 18  0 0 1 1 0 20 0 12.17 
0.150 2 2.10 2.10 2.1 2.1 0.120 0.053 0.7302 0.7723 0.2721 0.0900 0.0002 0.010364 -2.025162 -0.3796 0 4.1800 0  -25 7 -4 13 14 -5 0 3  0 0 1 1 0 20 0 12.17 
0.151 2 2.10 2.10 2.1 2.1 0.083 0.097 0.7575 0.6924 -0.4198 0.0906 0.0002 0.007773 -2.025164 -0.3796 0 4.1800 0  -36 8 3 39 8 -6 -2 10  0 0 1 1 0 20 0 12.17 
0.152 2 2.10 2.10 2.1 2.1 0.086 0.112 0.7434 0.7575 0.0907 0.0914 0.0002 0.007773 -2.025168 -0.3796 0 4.1800 0  -26 8 18 9 19 -2 2 -18  0 0 1 1 0 20 0 12.17 
0.153 2 2.10 2.10 2.1 2.1 0.099 0.101 0.7302 0.7169 -0.0855 0.0922 0.0002 0.007773 -2.025168 -0.3796 0 4.1800 0  -43 -7 13 30 4 -1 3 -2  0 0 1 1 0 20 0 12.18 
0.154 2 2.10 2.10 2.1 2.1 0.135 0.067 0.7434 0.7302 -0.0855 0.0930 0.0002 0.007773 -2.025169 -0.3796 0 4.1800 0  9 -1 3 49 7 8 4 20  0 0 1 1 0 20 0 12.17 
0.155 2 2.10 2.10 2.1 2.1 0.108 0.068 0.7169 0.7302 0.0855 0.0936 0.0002 0.010364 -2.025171 -0.3796 0 4.1800 0  -20 -7 -14 7 -7 -15 4 -15  0 0 1 1 0 20 0 12.17 
0.156 2 2.10 2.10 2.1 2.1 0.101 0.097 0.7302 0.7169 -0.0855 0.0944 0.0003 0.010364 -2.025174 -0.3796 0 4.1800 0  -30 19 12 -2 7 -1 6 1  0 0 1 1 0 20 0 12.17 
0.157 2 2.10 2.10 2.1 2.1 0.097 0.100 0.7169 0.7723 0.3576 0.0950 0.0003 0.007773 -2.025178 -0.3796 0 4.1800 0  -41 9 -1 31 12 -4 -1 4  0 0 1 1 0 20 0 12.16 
0.158 2 2.10 2.10 2.1 2.1 0.107 0.068 0.7434 0.7575 0.0907 0.0958 0.0003 0.007773 -2.025185 -0.3796 0 4.1800 0  -8 -12 8 42 6 15 -3 14  0 0 1 1 0 20 0 12.17 
0.159 2 2.10 2.10 2.1 2.1 0.124 0.063 0.6924 0.7723 0.5156 0.0964 0.0003 0.010364 -2.025186 -0.3796 0 4.1800 0  -7 -5 -4 17 3 -14 2 10  0 0 1 1 0 20 0 12.17 
0.160 2 2.10 2.10 2.1 2.1 0.092 0.070 0.7302 0.7575 0.1762 0.0972 0.0003 0.010364 -2.025187 -0.3796 0 4.1800 0  12 10 17 49 17 9 1 17  0 0 1 1 0 20 0 12.17 
0.161 2 2.10 2.10 2.1 2.1 0.088 0.063 0.7302 0.7872 0.3679 0.0980 0.0003 0.010364 -2.025195 -0.3796 0 4.1800 0  -27 2 0 16 8 4 -2 -26  0 0 1 1 0 20 0 12.18 
0.162 2 2.10 2.10 2.1 2.1 0.122 0.056 0.7575 0.7575 0.0000 0.0988 0.0003 0.010364 -2.025199 -0.3796 0 4.1800 0  -31 -1 9 -4 14 2 -2 0  0 0 1 1 0 20 0 12.18 
0.163 2 2.10 2.10 2.1 2.1 0.140 0.062 0.7434 0.7872 0.2824 0.0996 0.0003 0.010364 -2.025202 -0.3796 0 4.1800 0  -4 13 -8 10 8 6 -5 4  0 0 1 1 0 20 0 12.17 
0.164 2 2.10 2.10 2.1 2.1 0.112 0.101 0.7169 0.6924 -0.1581 0.1002 0.0003 0.007773 -2.025204 -0.3796 0 4.1800 0  6 4 11 10 14 -4 4 5  0 0 1 1 0 20 0 12.17 
0.165 2 2.10 2.10 2.1 2.1 0.134 0.106 0.7044 0.7575 0.3420 0.1008 0.0003 0.010364 -2.025206 -0.3796 0 4.1800 0  -40 -13 -5 4 -13 -34 4 -7  0 0 1 1 0 20 0 12.17 
0.166 2 2.10 2.10 2.1 2.1 0.093 0.078 0.7169 0.6924 -0.1581 0.1016 0.0003 0.010364 -2.025206 -0.3796 0 4.1800 0  -39 3 -2 36 7 -1 -13 15  0 0 1 1 0 20 0 12.18 
0.167 2 2.10 2.10 2.1 2.1 0.110 0.074 0.7302 0.7169 -0.0855 0.1024 0.0003 0.010364 -2.025204 -0.3796 0 4.1800 0  -33 -14 -9 4 -1 -5 -2 6  0 0 1 1 0 20 0 12.18 
0.168 2 2.10 2.10 2.1 2.1 0.129 0.062 0.7169 0.7434 0.1710 0.1032 0.0003 0.010364 -2.025206 -0.3796 0 4.1800 0  -23 9 -3 24 16 -5 8 17  0 0 1 1 0 20 0 12.17 
0.169 2 2.10 2.10 2.1 2.1 0.085 0.078 0.7302 0.7723 0.2721 0.1038 0.0003 0.012956 -2.025209 -0.3796 0 4.1800 0  -29 -6 -20 9 -10 -17 -7 10  0 0 1 1 0 20 0 12.18 
0.170 2 2.10 2.10 2.1 2.1 0.082 0.083 0.7434 0.7575 0.0907 0.1044 0.0004 0.010364 -2.025213 -0.3796 0 4.1800 0  -31 -9 -2 7 14 -4 -5 8  0 0 1 1 0 20 0 12.18 
0.171 2 2.10 2.10 2.1 2.1 0.090 0.064 0.7302 0.7575 0.1762 0.1052 0.0004 0.010364 -2.025220 -0.3796 0 4.1800 0  -11 -6 -9 6 -12 -30 -12 -32  0 0 1 1 0 20 0 12.16 
0.172 2 2.10 2.10 2.1 2.1 0.126 0.047 0.7575 0.7434 -0.0907 0.1060 0.0004 0.010364 -2.025227 -0.3796 0 4.1800 0  -5 6 -7 16 -2 -16 0 -19  0 0 1 1 0 20 0 12.16 
0.173 2 2.10 2.10 2.1 2.1 0.101 0.043 0.7302 0.7723 0.2721 0.1068 0.0004 0.010364 -2.025229 -0.3796 0 4.1800 0  -33 2 0 33 3 -11 3 10  0 0 1 1 0 20 0 12.17 
0.174 2 2.10 2.10 2.1 2.1 0.099 0.065 0.7575 0.7723 0.0959 0.1076 0.0004 0.010364 -2.025231 -0.3796 0 4.1800 0  3 -10 -4 22 -8 -6 3 10  0 0 1 1 0 20 0 12.17 
0.175 2 2.10 2.10 2.1 2.1 0.129 0.074 0.6924 0.7723 0.5156 0.1082 0.0004 0.012956 -2.025236 -0.3796 0 4.1800 0  -12 7 19 20 7 -38 -2 9  0 0 1 1 0 20 0 12.17 
0.176 2 2.10 2.10 2.1 2.1 0.128 0.078 0.7044 0.7575 0.3420 0.1088 0.0004 0.010364 -2.025242 -0.3796 0 4.1800 0  9 2 -1 37 10 4 3 9  0 0 1 1 0 20 0 12.17 
0.177 2 2.10 2.10 2.1 2.1 0.099 0.075 0.7723 0.7044 -0.4379 0.1096 0.0004 0.010364 -2.025246 -0.3796 0 4.1800 0  -23 0 12 19 17 -8 -4 4  0 0 1 1 0 20 0 12.16 
0.178 2 2.10 2.10 2.1 2.1 0.111 0.072 0.7575 0.7575 0.0000 0.1104 0.0004 0.010364 -2.025245 -0.3796 0 4.1800 0  -33 14 -5 -2 14 -7 10 7  0 0 1 1 0 20 0 12.17 
0.179 2 2.10 2.10 2.1 2.1 0.080 0.053 0.7169 0.7302 0.0855 0.1112 0.0004 0.010364 -2.025240 -0.3796 0 4.1800 0  -23 8 5 42 28 15 7 8  0 0 1 1 0 20 0 12.17 
0.180 2 2.10 2.10 2.1 2.1 0.124 0.064 0.7302 0.7302 0.0000 0.1119 0.0004 0.012956 -2.025236 -0.3796 0 4.1800 0  -3 -4 3 40 7 3 -6 8  0 0 1 1 0 20 0 12.16 
0.181 2 2.10 2.10 2.1 2.1 0.123 0.093 0.7434 0.7302 -0.0855 0.1127 0.0004 0.012956 -2.025232 -0.3796 0 4.1800 0  -38 11 2 14 11 5 18 -2  0 0 1 1 0 20 0 12.17 
0.182 2 2.10 2.10 2.1 2.1 0.112 0.079 0.7302 0.7169 -0.0855 0.1135 0.0005 0.012956 -2.025228 -0.3796 0 4.1800 0  -2 -6 -4 26 15 -5 0 4  0 0 1 1 0 20 0 12.18 
0.183 2 2.10 2.10 2.1 2.1 0.086 0.078 0.7434 0.7723 0.1866 0.1141 0.0005 0.010364 -2.025228 -0.3796 0 4.1800 0  -13 5 19 20 -11 -19 5 -16  0 0 1 1 0 20 0 12.17 
0.184 2 2.10 2.10 2.1 2.1 0.112 0.048 0.7434 0.7575 0.0907 0.1149 0.0005 0.010364 -2.025230 -0.3796 0 4.1800 0  -25 -12 3 45 9 -6 0 11  0 0 1 1 0 20 0 12.18 
0.185 2 2.10 2.10 2.1 2.1 0.114 0.085 0.7434 0.7723 0.1866 0.1155 0.0005 0.012956 -2.025232 -0.3796 0 4.1800 0  -40 13 -6 44 19 15 0 4  0 0 1 1 0 20 0 12.18 
0.186 2 2.10 2.10 2.1 2.1 0.096 0.119 0.7044 0.7434 0.2513 0.1163 0.0005 0.012956 -2.025234 -0.3796 0 4.1800 0  -21 -2 3 44 4 -2 12 4  0 0 1 1 0 20 0 12.18 
0.187 2 2.10 2.10 2.1 2.1 0.090 0.103 0.7169 0.7723 0.3576 0.1171 0.0005 0.012956 -2.025234 -0.3796 0 4.1800 0  -40 -6 -5 36 3 -4 -3 6  0 0 1 1 0 20 0 12.18 
0.188 2 2.10 2.10 2.1 2.1 0.077 0.066 0.7575 0.7575 0.0000 0.1179 0.0005 0.012956 -2.025230 -0.3796 0 4.1800 0  -36 12 0 -2 0 -11 10 18  0 0 1 1 0 20 0 12.18 
0.189 2 2.10 2.10 2.1 2.1 0.116 0.062 0.7169 0.7872 0.4534 0.1187 0.0005 0.012956 -2.025228 -0.3796 0 4.1800 0  -33 -4 -9 -3 4 -8 8 9  0 0 1 1 0 20 0 12.17 
0.190 2 2.10 2.10 2.1 2.1 0.139 0.086 0.7302 0.6924 -0.2436 0.1191 0.0005 0.012956 -2.025231 -0.3796 0 4.1800 0  -34 -11 5 16 15 3 -4 8  0 0 1 1 0 20 0 12.17 
0.191 2 2.10 2.10 2.1 2.1 0.099 0.093 0.7302 0.7575 0.1762 0.1199 0.0005 0.012956 -2.025232 -0.3796 0 4.1800 0  -9 10 23 4 16 1 1 9  0 0 1 1 0 20 0 12.18 
0.192 2 2.10 2.10 2.1 2.1 0.089 0.107 0.7302 0.7044 -0.1658 0.1207 0.0005 0.012956 -2.025233 -0.3796 0 4.1800 0  -5 6 -8 45 5 -3 0 8  0 0 1 1 0 20 0 12.17 
0.193 2 2.10 2.10 2.1 2.1 0.126 0.066 0.7434 0.7169 -0.1710 0.1215 0.0006 0.012956 -2.025233 -0.3796 0 4.1800 0  5 1 0 20 16 11 -3 7  0 0 1 1 0 20 0 12.18 
0.194 2 2.10 2.10 2.1 2.1 0.115 0.074 0.7434 0.7302 -0.0855 0.1223 0.0006 0.012956 -2.025236 -0.3796 0 4.1800 0  8 -1 -2 45 10 20 -9 6  0 0 1 1 0 20 0 12.17 
0.195 2 2.10 2.10 2.1 2.1 0.099 0.096 0.7169 0.7575 0.2617 0.1229 0.0006 0.015547 -2.025247 -0.3796 0 4.1800 0  -39 3 -1 38 14 23 -1 8  0 0 1 1 0 20 0 12.17 
0.196 2 2.10 2.10 2.1 2.1 0.109 0.093 0.7302 0.7434 0.0855 0.1235 0.0006 0.012956 -2.025256 -0.3796 0 4.1800 0  -1 -9 0 -19 1 -24 -2 -16  0 0 1 1 0 20 0 12.17 
0.197 2 2.10 2.10 2.1 2.1 0.097 0.049 0.7044 0.7575 0.3420 0.1243 0.0006 0.012956 -2.025256 -0.3796 0 4.1800 0  -16 15 22 19 13 10 4 7  0 0 1 1 0 20 0 12.17 
0.198 2 2.10 2.10 2.1 2.1 0.112 0.067 0.7575 0.7434 -0.0907 0.1251 0.0006 0.012956 -2.025251 -0.3796 0 4.1800 0  -27 7 -2 14 13 17 12 6  0 0 1 1 0 20 0 12.18 
0.199 2 2.10 2.10 2.1 2.1 0.131 0.075 0.7169 0.7723 0.3576 0.1259 0.0006 0.012956 -2.025251 -0.3796 0 4.1800 0  -2 7 3 16 8 26 -2 10  0 0 1 1 0 20 0 12.17 
0.200 2 2.10 2.10 2.1 2.1 0.088 0.083 0.7302 0.7723 0.2721 0.1265 0.0006 0.015547 -2.025250 -0.3796 0 4.1800 0  -8 -5 -12 38 6 8 3 2  0 0 1 1 0 20 0 12.17 
0.201 2 2.10 2.10 2.1 2.1 0.080 0.069 0.7575 0.7723 0.0959 0.1273 0.0006 0.015547 -2.025246 -0.3796 0 4.1800 0  4 8 1 16 18 12 13 14  0 0 1 1 0 20 0 12.17 
0.202 2 2.10 2.10 2.1 2.1 0.145 0.066 0.7169 0.7872 0.4534 0.1281 0.0006 0.015547 -2.025246 -0.3796 0 4.1800 0  -16 5 -1 29 -7 -17 3 -12  0 0 1 1 0 20 0 12.17 
0.203 2 2.10 2.10 2.1 2.1 0.092 0.116 0.7302 0.7044 -0.1658 0.1287 0.0007 0.012956 -2.025246 -0.3796 0 4.1800 0  -34 8 10 46 11 9 5 15  0 0 1 1 0 20 0 12.17 
0.204 2 2.10 2.10 2.1 2.1 0.089 0.111 0.7575 0.7575 0.0000 0.1295 0.0007 0.012956 -2.025246 -0.3796 0 4.1800 0  -38 -9 7 16 -5 -20 -5 18  0 0 1 1 0 20 0 12.17 
0.205 2 2.10 2.10 2.1 2.1 0.081 0.105 0.7575 0.7169 -0.2617 0.1303 0.0007 0.012956 -2.025251 -0.3796 0 4.1800 0  -27 16 8 45 13 4 2 5  0 0 1 1 0 20 0 12.19 
0.206 2 2.10 2.10 2.1 2.1 0.090 0.057 0.7169 0.7302 0.0855 0.1309 0.0007 0.015547 -2.025256 -0.3796 0 4.1800 0  -15 0 -14 -8 -6 -23 -16 -19  0 0 1 1 0 20 0 12.18 
0.207 2 2.10 2.10 2.1 2.1 0.131 0.041 0.7302 0.7302 0.0000 0.1317 0.0007 0.015547 -2.025260 -0.3796 0 4.1800 0  -7 -7 4 27 -5 -7 0 13  0 0 1 1 0 20 0 12.18 
0.208 2 2.10 2.10 2.1 2.1 0.132 0.074 0.7169 0.7434 0.1710 0.1325 0.0007 0.015547 -2.025265 -0.3796 0 4.1800 0  -41 1 -13 22 -10 -13 -19 14  0 0 1 1 0 20 0 12.18 
0.209 2 2.10 2.10 2.1 2.1 0.108 0.088 0.7302 0.7723 0.2721 0.1331 0.0007 0.012956 -2.025270 -0.3796 0 4.1800 0  -19 19 13 14 16 15 3 27  0 0 1 1 0 20 0 12.18 
0.210 2 2.10 2.10 2.1 2.1 0.093 0.092 0.7169 0.7575 0.2617 0.1339 0.0007 0.012956 -2.025268 -0.3796 0 4.1800 0  -40 2 3 3 5 13 6 13  0 0 1 1 0 20 0 12.18 
0.211 2 2.10 2.10 2.1 2.1 0.108 0.070 0.7302 0.7723 0.2721 0.1345 0.0007 0.015547 -2.025267 -0.3796 0 4.1800 0  5 7 6 44 10 3 -3 7  0 0 1 1 0 20 0 12.17 
0.212 2 2.10 2.10 2.1 2.1 0.124 0.093 0.7434 0.7575 0.0907 0.1353 0.0007 0.015547 -2.025270 -0.3796 0 4.1800 0  -14 -14 -13 16 -1 -19 4 -17  0 0 1 1 0 20 0 12.15 
0.213 2 2.10 2.10 2.1 2.1 0.062 0.073 0.7302 0.7872 0.3679 0.1361 0.0008 0.015547 -2.025275 -0.3796 0 4.1800 0  -8 -2 0 28 0 -18 6 2  0 0 1 1 0 20 0 12.17 
0.214 2 2.10 2.10 2.1 2.1 0.079 0.073 0.7302 0.7575 0.1762 0.1369 0.0008 0.015547 -2.025280 -0.3796 0 4.1800 0  -17 -3 -3 33 12 14 1 13  0 0 1 1 0 20 0 12.18 
0.215 2 2.10 2.10 2.1 2.1 0.093 0.055 0.7575 0.7723 0.0959 0.1378 0.0008 0.015547 -2.025280 -0.3796 0 4.1800 0  -24 13 3 36 11 1 1 5  0 0 1 1 0 20 0 12.18 
0.216 2 2.10 2.10 2.1 2.1 0.146 0.082 0.7169 0.6924 -0.1581 0.1382 0.0008 0.015547 -2.025279 -0.3796 0 4.1800 0  13 -6 -5 14 5 -10 -4 -7  0 0 1 1 0 20 0 12.17 
0.217 2 2.10 2.10 2.1 2.1 0.100 0.085 0.7169 0.7723 0.3576 0.1390 0.0008 0.015547 -2.025274 -0.3796 0 4.1800 0  17 1 -3 36 10 12 -6 -4  0 0 1 1 0 20 0 12.17 
0.218 2 2.10 2.10 2.1 2.1 0.090 0.085 0.7169 0.6924 -0.1581 0.1398 0.0008 0.015547 -2.025274 -0.3796 0 4.1800 0  -12 6 -8 -37 -1 12 0 -11  0 0 1 1 0 20 0 12.17 
0.219 2 2.10 2.10 2.1 2.1 0.122 0.060 0.7302 0.7169 -0.0855 0.1406 0.0008 0.015547 -2.025280 -0.3796 0 4.1800 0  -32 7 1 35 9 5 -4 11  0 0 1 1 0 20 0 12.18 
0.220 2 2.10 2.10 2.1 2.1 0.110 0.077 0.7302 0.7434 0.0855 0.1414 0.0008 0.015547 -2.025284 -0.3796 0 4.1800 0  -12 -5 3 28 4 -4 3 25  0 0 1 1 0 20 0 12.18 
0.221 2 2.10 2.10 2.1 2.1 0.094 0.107 0.7434 0.7575 0.0907 0.1420 0.0009 0.018138 -2.025286 -0.3796 0 4.1800 0  13 9 -9 23 4 -14 6 -5  0 0 1 1 0 20 0 12.16 
0.222 2 2.10 2.10 2.1 2.1 0.093 0.099 0.7434 0.7044 -0.2513 0.1426 0.0009 0.015547 -2.025288 -0.3796 0 4.1800 0  -26 -5 0 43 4 3 1 10  0 0 1 1 0 20 0 12.18 
0.223 2 2.10 2.10 2.1 2.1 0.078 0.065 0.7434 0.7575 0.0907 0.1434 0.0009 0.015547 -2.025293 -0.3796 0 4.1800 0  -32 -1 -7 32 6 5 4 3  0 0 1 1 0 20 0 12.17 
0.224 2 2.10 2.10 2.1 2.1 0.109 0.055 0.7302 0.7434 0.0855 0.1442 0.0009 0.015547 -2.025298 -0.3796 0 4.1800 0  -17 -2 4 -3 4 -17 -23 10  0 0 1 1 0 20 0 12.19 
0.225 2 2.10 2.10 2.1 2.1 0.107 0.097 0.7575 0.7723 0.0959 0.1450 0.0009 0.015547 -2.025302 -0.3796 0 4.1800 0  -26 9 4 50 11 7 3 -8  0 0 1 1 0 20 0 12.18 
0.226 2 2.10 2.10 2.1 2.1 0.084 0.101 0.7044 0.7723 0.4379 0.1458 0.0009 0.015547 -2.025306 -0.3796 0 4.1800 0  -11 6 -6 30 3 13 10 -9  0 0 1 1 0 20 0 12.17 
0.227 2 2.10 2.10 2.1 2.1 0.080 0.087 0.7575 0.7723 0.0959 0.1464 0.0009 0.018138 -2.025312 -0.3796 0 4.1800 0  -42 8 -8 46 16 0 -10 2  0 0 1 1 0 20 0 12.17 
0.228 2 2.10 2.10 2.1 2.1 0.096 0.082 0.6924 0.7872 0.6115 0.1472 0.0009 0.018138 -2.025316 -0.3796 0 4.1800 0  -31 -1 4 42 -5 -5 -4 26  0 0 1 1 0 20 0 12.17 
0.229 2 2.10 2.10 2.1 2.1 0.152 0.108 0.7044 0.7044 0.0000 0.1478 0.0009 0.015547 -2.025318 -0.3796 0 4.1800 0  -2 5 -6 41 9 4 -9 14  0 0 1 1 0 20 0 12.17 
0.230 2 2.10 2.10 2.1 2.1 0.105 0.098 0.7575 0.7723 0.0959 0.1486 0.0010 0.015547 -2.025320 -0.3796 0 4.1800 0  -10 -8 -2 22 -3 -26 5 7  0 0 1 1 0 20 0 12.18 
0.231 2 2.10 2.10 2.1 2.1 0.089 0.084 0.7575 0.7302 -0.1762 0.1494 0.0010 0.015547 -2.025320 -0.3796 0 4.1800 0  -36 12 1 37 9 -11 2 -7  0 0 1 1 0 20 0 12.18 
0.232 2 2.10 2.10 2.1 2.1 0.100 0.050 0.7575 0.7302 -0.1762 0.1500 0.0010 0.018138 -2.025313 -0.3796 0 4.1800 0  -13 1 -13 -5 10 -1 1 27  0 0 1 1 0 20 0 12.18 
0.233 2 2.10 2.10 2.1 2.1 0.107 0.078 0.7434 0.7302 -0.0855 0.1508 0.0010 0.018138 -2.025310 -0.3796 0 4.1800 0  -10 -3 6 42 4 -2 4 20  0 0 1 1 0 20 0 12.17 
0.234 2 2.10 2.10 2.1 2.1 0.122 0.089 0.7434 0.7434 0.0000 0.1516 0.0010 0.018138 -2.025312 -0.3796 0 4.1800 0  -5 -7 6 14 3 -19 8 -2  0 0 1 1 0 20 0 12.17 
0.235 2 2.10 2.10 2.1 2.1 0.117 0.093 0.7302 0.7575 0.1762 0.1522 0.0010 0.015547 -2.025309 -0.3796 0 4.1800 0  -20 -3 -16 8 5 -19 -1 -19  0 0 1 1 0 20 0 12.17 
0.236 2 2.10 2.10 2.1 2.1 0.085 0.062 0.7434 0.7575 0.0907 0.1530 0.0010 0.015547 -2.025301 -0.3796 0 4.1800 0  -8 -1 -1 28 5 -13 -21 13  0 0 1 1 0 20 0 12.18 
0.237 2 2.10 2.10 2.1 2.1 0.120 0.060 0.7169 0.7723 0.3576 0.1536 0.0010 0.018138 -2.025292 -0.3796 0 4.1800 0  -31 -10 -4 40 5 5 -2 2  0 0 1 1 0 20 0 12.17 
0.238 2 2.10 2.10 2.1 2.1 0.099 0.098 0.7434 0.7575 0.0907 0.1544 0.0011 0.018138 -2.025284 -0.3796 0 4.1800 0  -6 10 -11 35 15 6 9 -7  0 0 1 1 0 20 0 12.17 
0.239 2 2.10 2.10 2.1 2.1 0.119 0.112 0.7044 0.7872 0.5338 0.1552 0.0011 0.018138 -2.025279 -0.3796 0 4.1800 0  -37 9 -7 3 -6 -26 -3 -31  0 0 1 1 0 20 0 12.16 
0.240 2 2.10 2.10 2.1 2.1 0.067 0.057 0.7169 0.7575 0.2617 0.1560 0.0011 0.018138 -2.025280 -0.3796 0 4.1800 0  -6 -1 -7 15 5 -27 0 -9  0 0 1 1 0 20 0 12.17 
0.241 2 2.10 2.10 2.1 2.1 0.084 0.034 0.7575 0.7723 0.0959 0.1568 0.0011 0.018138 -2.025286 -0.3796 0 4.1800 0  -8 -16 -12 48 1 6 3 20  0 0 1 1 0 20 0 12.17 
0.242 2 2.10 2.10 2.1 2.1 0.125 0.069 0.7302 0.6924 -0.2436 0.1574 0.0011 0.015547 -2.025287 -0.3796 0 4.1800 0  27 5 13 18 3 -27 11 1  0 0 1 1 0 20 0 12.17 
0.243 2 2.10 2.10 2.1 2.1 0.122 0.097 0.7434 0.7723 0.1866 0.1580 0.0011 0.018138 -2.025284 -0.3796 0 4.1800 0  5 14 15 31 10 8 2 15  0 0 1 1 0 20 0 12.17 
0.244 2 2.10 2.10 2.1 2.1 0.108 0.092 0.7434 0.6924 -0.3291 0.1588 0.0011 0.018138 -2.025282 -0.3796 0 4.1800 0  -29 3 -2 37 4 -5 0 3  0 0 1 1 0 20 0 12.17 
0.245 2 2.10 2.10 2.1 2.1 0.101 0.048 0.7302 0.7044 -0.1658 0.1596 0.0012 0.018138 -2.025281 -0.3796 0 4.1800 0  -40 -5 -28 -17 8 -12 -5 20  0 0 1 1 0 20 0 12.18 
0.246 2 2.10 2.10 2.1 2.1 0.136 0.059 0.7434 0.7302 -0.0855 0.1604 0.0012 0.018138 -2.025276 -0.3796 0 4.1800 0  -1 4 3 26 12 7 14 8  0 0 1 1 0 20 0 12.18 
0.247 2 2.10 2.10 2.1 2.1 0.108 0.093 0.7434 0.7723 0.1866 0.1612 0.0012 0.018138 -2.025270 -0.3796 0 4.1800 0  -25 2 -14 35 10 -2 -4 6  0 0 1 1 0 20 0 12.17 
0.248 2 2.10 2.10 2.1 2.1 0.105 0.109 0.7169 0.7044 -0.0803 0.1616 0.0012 0.018138 -2.025268 -0.3796 0 4.1800 0  6 6 6 -5 9 25 6 11  0 0 1 1 0 20 0 12.18 
0.249 2 2.10 2.10 2.1 2.1 0.101 0.069 0.7302 0.7575 0.1762 0.1624 0.0012 0.018138 -2.025266 -0.3796 0 4.1800 0  -38 -9 -14 28 1 -9 -20 5  0 0 1 1 0 20 0 12.19 
0.250 2 2.10 2.10 2.1 2.1 0.071 0.063 0.6924 0.7169 0.1581 0.1633 0.0012 0.018138 -2.025272 -0.3796 0 4.1800 0  5 5 16 36 9 -13 3 7  0 0 1 1 0 20 0 12.17 
0.251 2 2.10 2.10 2.1 2.1 0.131 0.073 0.7575 0.7723 0.0959 0.1641 0.0012 0.018138 -2.025279 -0.3796 0 4.1800 0  -19 0 2 48 17 -3 7 1  0 0 1 1 0 20 0 12.17 
0.252 2 2.10 2.10 2.1 2.1 0.132 0.093 0.7044 0.7575 0.3420 0.1649 0.0012 0.018138 -2.025280 -0.3796 0 4.1800 0  0 5 -6 19 -1 -18 9 2  0 0 1 1 0 20 0 12.17 
0.253 2 2.10 2.10 2.1 2.1 0.063 0.097 0.7302 0.7723 0.2721 0.1655 0.0013 0.020729 -2.025281 -0.3796 0 4.1800 0  -42 -9 -8 31 2 -7 -17 -17  0 0 1 1 0 20 0 12.17 
0.254 2 2.10 2.10 2.1 2.1 0.095 0.068 0.7575 0.7872 0.1917 0.1663 0.0013 0.020729 -2.025283 -0.3796 0 4.1800 0  -10 -13 -3 29 6 -20 9 -11  0 0 1 1 0 20 0 12.17 
0.255 2 2.10 2.10 2.1 2.1 0.136 0.081 0.7169 0.7044 -0.0803 0.1669 0.0013 0.018138 -2.025278 -0.3796 0 4.1800 0  -18 6 -3 43 4 -5 -5 8  0 0 1 1 0 20 0 12.17 
0.256 2 2.10 2.10 2.1 2.1 0.105 0.080 0.7302 0.7434 0.0855 0.1677 0.0013 0.018138 -2.025272 -0.3796 0 4.1800 0  -15 9 -6 12 5 -17 8 -6  0 0 1 1 0 20 0 12.18 
0.257 2 2.10 2.10 2.1 2.1 0.097 0.060 0.7723 0.7169 -0.3576 0.1685 0.0013 0.018138 -2.025274 -0.3796 0 4.1800 0  -34 2 -17 28 4 -15 -10 2  0 0 1 1 0 20 0 12.17 
0.258 2 2.10 2.10 2.1 2.1 0.074 0.078 0.7575 0.7302 -0.1762 0.1693 0.0013 0.018138 -2.025282 -0.3796 0 4.1800 0  -16 -5 -16 29 -2 -21 9 -23  0 0 1 1 0 20 0 12.18 
0.259 2 2.10 2.10 2.1 2.1 0.093 0.097 0.7169 0.7302 0.0855 0.1699 0.0013 0.020729 -2.025287 -0.3796 0 4.1800 0  -30 3 -9 22 18 6 -11 6  0 0 1 1 0 20 0 12.17 
0.260 2 2.10 2.10 2.1 2.1 0.107 0.127 0.7302 0.7434 0.0855 0.1707 0.0014 0.020729 -2.025288 -0.3796 0 4.1800 0  -4 -2 1 28 -6 -17 9 -13  0 0 1 1 0 20 0 12.16 
0.261 2 2.10 2.10 2.1 2.1 0.111 0.119 0.7169 0.7302 0.0855 0.1713 0.0014 0.018138 -2.025291 -0.3796 0 4.1800 0  -4 -10 -4 28 15 3 -7 11  0 0 1 1 0 20 0 12.16 
0.262 2 2.10 2.10 2.1 2.1 0.131 0.075 0.7302 0.7575 0.1762 0.1721 0.0014 0.018138 -2.025295 -0.3796 0 4.1800 0  -24 5 2 20 4 -14 6 -2  0 0 1 1 0 20 0 12.17 
0.263 2 2.10 2.10 2.1 2.1 0.068 0.055 0.7169 0.7723 0.3576 0.1729 0.0014 0.018138 -2.025302 -0.3796 0 4.1800 0  -32 0 0 40 13 14 -1 7  0 0 1 1 0 20 0 12.17 
0.264 2 2.10 2.10 2.1 2.1 0.108 0.089 0.7302 0.7575 0.1762 0.1735 0.0014 0.020729 -2.025306 -0.3796 0 4.1800 0  -2 -13 -8 18 -2 -22 1 -4  0 0 1 1 0 20 0 12.17 
0.265 2 2.10 2.10 2.1 2.1 0.118 0.079 0.7575 0.7872 0.1917 0.1743 0.0014 0.020729 -2.025310 -0.3796 0 4.1800 0  -8 6 -6 20 -4 -20 7 -7  0 0 1 1 0 20 0 12.17 
0.266 2 2.10 2.10 2.1 2.1 0.086 0.082 0.7302 0.7575 0.1762 0.1751 0.0014 0.020729 -2.025314 -0.3796 0 4.1800 0  -1 -1 -8 14 1 -9 7 8  0 0 1 1 0 20 0 12.18 
0.267 2 2.10 2.10 2.1 2.1 0.081 0.050 0.7434 0.7723 0.1866 0.1759 0.0015 0.020729 -2.025316 -0.3796 0 4.1800 0  -36 3 4 41 3 -3 -6 -2  0 0 1 1 0 20 0 12.18 
0.268 2 2.10 2.10 2.1 2.1 0.083 0.074 0.7575 0.6924 -0.4198 0.1765 0.0015 0.018138 -2.025316 -0.3796 0 4.1800 0  -51 9 7 45 13 -6 7 -4  0 0 1 1 0 20 0 12.18 
0.269 2 2.10 2.10 2.1 2.1 0.116 0.082 0.7302 0.7723 0.2721 0.1771 0.0015 0.020729 -2.025313 -0.3796 0 4.1800 0  -35 7 -8 35 -6 -6 -8 14  0 0 1 1 0 20 0 12.18 
0.270 2 2.10 2.10 2.1 2.1 0.127 0.101 0.7302 0.6924 -0.2436 0.1779 0.0015 0.020729 -2.025314 -0.3796 0 4.1800 0  -32 -1 15 21 3 -9 2 14  0 0 1 1 0 20 0 12.17 
0.271 2 2.10 2.10 2.1 2.1 0.106 0.092 0.7169 0.7044 -0.0803 0.1787 0.0015 0.020729 -2.025313 -0.3796 0 4.1800 0  -30 4 -3 44 4 -3 -5 6  0 0 1 1 0 20 0 12.18 
0.272 2 2.10 2.10 2.1 2.1 0.108 0.108 0.7302 0.7302 0.0000 0.1795 0.0015 0.020729 -2.025313 -0.3796 0 4.1800 0  -34 0 2 16 13 0 -1 18  0 0 1 1 0 20 0 12.17 
0.273 2 2.10 2.10 2.1 2.1 0.110 0.105 0.7302 0.7723 0.2721 0.1803 0.0015 0.020729 -2.025319 -0.3796 0 4.1800 0  -18 3 5 37 16 3 -5 21  0 0 1 1 0 20 0 12.17 
0.274 2 2.10 2.10 2.1 2.1 0.108 0.086 0.7434 0.6804 -0.4068 0.1807 0.0016 0.020729 -2.025329 -0.3796 0 4.1800 0  -5 2 -5 37 6 -11 3 14  0 0 1 1 0 20 0 12.18 
0.275 2 2.10 2.10 2.1 2.1 0.106 0.033 0.7302 0.7723 0.2721 0.1815 0.0016 0.020729 -2.025341 -0.3796 0 4.1800 0  -3 -2 -3 25 5 -16 -1 -5  0 0 1 1 0 20 0 12.18 
0.276 2 2.10 2.10 2.1 2.1 0.070 0.040 0.7434 0.7434 0.0000 0.1823 0.0016 0.020729 -2.025352 -0.3796 0 4.1800 0  -40 3 0 36 -2 -10 -10 3  0 0 1 1 0 20 0 12.17 
0.277 2 2.10 2.10 2.1 2.1 0.084 0.085 0.7302 0.7723 0.2721 0.1831 0.0016 0.020729 -2.025357 -0.3796 0 4.1800 0  -8 -9 -3 15 -3 -20 2 -8  0 0 1 1 0 20 0 12.16 
0.278 2 2.10 2.10 2.1 2.1 0.131 0.103 0.7575 0.7434 -0.0907 0.1839 0.0016 0.020729 -2.025359 -0.3796 0 4.1800 0  1 -15 -13 28 -1 -1 2 -5  0 0 1 1 0 20 0 12.16 
0.279 2 2.10 2.10 2.1 2.1 0.086 0.095 0.7169 0.7575 0.2617 0.1845 0.0016 0.023320 -2.025360 -0.3796 0 4.1800 0  7 5 -2 31 8 -7 5 -8  0 0 1 1 0 20 0 12.17 
0.280 2 2.10 2.10 2.1 2.1 0.074 0.082 0.7575 0.7723 0.0959 0.1853 0.0017 0.023320 -2.025361 -0.3796 0 4.1800 0  -3 1 -8 16 -10 -14 4 -3  0 0 1 1 0 20 0 12.17 
0.281 2 2.10 2.10 2.1 2.1 0.123 0.080 0.6924 0.6924 0.0000 0.1859 0.0017 0.020729 -2.025363 -0.3796 0 4.1800 0  -20 9 -6 38 0 25 7 -26  0 0 1 1 0 20 0 12.16 
0.282 2 2.10 2.10 2.1 2.1 0.106 0.071 0.7044 0.7575 0.3420 0.1867 0.0017 0.020729 -2.025360 -0.3796 0 4.1800 0  -2 -2 -8 23 -6 -18 0 6  0 0 1 1 0 20 0 12.17 
0.283 2 2.10 2.10 2.1 2.1 0.110 0.085 0.7723 0.7302 -0.2721 0.1875 0.0017 0.020729 -2.025356 -0.3796 0 4.1800 0  -9 14 3 53 21 8 10 17  0 0 1 1 0 20 0 12.17 
0.284 2 2.10 2.10 2.1 2.1 0.094 0.074 0.7575 0.7302 -0.1762 0.1883 0.0017 0.020729 -2.025352 -0.3796 0 4.1800 0  -24 -5 -4 21 3 -16 6 14  0 0 1 1 0 20 0 12.18 
0.285 2 2.10 2.10 2.1 2.1 0.093 0.082 0.7575 0.7302 -0.1762 0.1890 0.0017 0.023320 -2.025351 -0.3796 0 4.1800 0  1 -11 -9 32 7 2 -3 1  0 0 1 1 0 20 0 12.17 
0.286 2 2.10 2.10 2.1 2.1 0.104 0.102 0.7434 0.7434 0.0000 0.1898 0.0018 0.023320 -2.025353 -0.3796 0 4.1800 0  1 -4 -29 -22 -1 -9 2 -10  0 0 1 1 0 20 0 12.17 
0.287 2 2.10 2.10 2.1 2.1 0.115 0.094 0.7434 0.7434 0.0000 0.1904 0.0018 0.020729 -2.025354 -0.3796 0 4.1800 0  -13 10 8 46 18 19 2 26  0 0 1 1 0 20 0 12.17 
0.288 2 2.10 2.10 2.1 2.1 0.126 0.060 0.7434 0.7575 0.0907 0.1912 0.0018 0.020729 -2.025360 -0.3796 0 4.1800 0  -4 -7 4 30 -4 -14 14 -13  0 0 1 1 0 20 0 12.17 
0.289 2 2.10 2.10 2.1 2.1 0.074 0.043 0.7434 0.7723 0.1866 0.1920 0.0018 0.020729 -2.025363 -0.3796 0 4.1800 0  -3 -8 -6 16 1 -30 -3 -14  0 0 1 1 0 20 0 12.17 
0.290 2 2.10 2.10 2.1 2.1 0.097 0.069 0.7169 0.7575 0.2617 0.1926 0.0018 0.023320 -2.025359 -0.3796 0 4.1800 0  -21 -7 -26 18 2 -6 -1 -3  0 0 1 1 0 20 0 12.17 
0.291 2 2.10 2.10 2.1 2.1 0.132 0.099 0.7434 0.7872 0.2824 0.1934 0.0018 0.023320 -2.025348 -0.3796 0 4.1800 0  12 12 2 44 14 9 6 5  0 0 1 1 0 20 0 12.17 
0.292 2 2.10 2.10 2.1 2.1 0.101 0.084 0.7044 0.7575 0.3420 0.1942 0.0018 0.023320 -2.025335 -0.3796 0 4.1800 0  -3 3 0 43 12 11 6 10  0 0 1 1 0 20 0 12.17 
0.293 2 2.10 2.10 2.1 2.1 0.085 0.063 0.7169 0.7723 0.3576 0.1950 0.0019 0.023320 -2.025331 -0.3796 0 4.1800 0  -1 -7 -16 22 -1 -13 7 -20  0 0 1 1 0 20 0 12.17 
0.294 2 2.10 2.10 2.1 2.1 0.074 0.065 0.7575 0.6924 -0.4198 0.1956 0.0019 0.020729 -2.025334 -0.3796 0 4.1800 0  -19 -24 -21 15 -8 -24 -11 9  0 0 1 1 0 20 0 12.16 
0.295 2 2.10 2.10 2.1 2.1 0.145 0.096 0.7044 0.7575 0.3420 0.1962 0.0019 0.023320 -2.025333 -0.3796 0 4.1800 0  -16 23 9 23 13 12 5 14  0 0 1 1 0 20 0 12.17 
0.296 2 2.10 2.10 2.1 2.1 0.101 0.068 0.7302 0.7044 -0.1658 0.1970 0.0019 0.023320 -2.025330 -0.3796 0 4.1800 0  19 10 8 41 10 10 -4 6  0 0 1 1 0 20 0 12.16 
0.297 2 2.10 2.10 2.1 2.1 0.101 0.081 0.7302 0.7169 -0.0855 0.1978 0.0019 0.023320 -2.025332 -0.3796 0 4.1800 0  -27 -5 -5 33 2 0 -5 28  0 0 1 1 0 20 0 12.18 
0.298 2 2.10 2.10 2.1 2.1 0.101 0.086 0.7302 0.7434 0.0855 0.1986 0.0020 0.023320 -2.025337 -0.3796 0 4.1800 0  -7 -19 -21 26 2 -5 -2 6  0 0 1 1 0 20 0 12.18 
0.299 2 2.10 2.10 2.1 2.1 0.097 0.109 0.7434 0.7575 0.0907 0.1994 0.0020 0.023320 -2.025338 -0.3796 0 4.1800 0  -24 5 16 50 19 23 17 15  0 0 1 1 0 20 0 12.17 
0.300 2 2.10 2.10 2.1 2.1 0.112 0.082 0.7434 0.7044 -0.2513 0.2000 0.0020 0.020729 -2.025337 -0.3796 0 4.1800 0  5 -1 0 41 13 2 4 17  0 0 1 1 0 20 0 12.17 
0.301 4 4.10 4.10 4.1 4.1 0.070 0.045 0.7169 0.7575 0.2617 0.2006 0.0020 0.023320 -2.025338 -0.3796 0 4.1800 0  -2 -4 -8 15 1 -22 13 -3  0 0 1 1 0 20 0 12.18 
0.302 4 4.10 4.10 4.1 4.1 0.242 0.265 0.7434 0.7169 -0.1710 0.2014 0.0020 0.023320 -2.025340 -0.3796 0 4.1800 0  -9 0 -4 15 -3 -21 11 1  0 0 1 1 0 20 0 12.10 
0.303 4 4.10 4.10 4.1 4.1 0.364 0.304 0.7044 0.7575 0.3420 0.2022 0.0020 0.023320 -2.025338 -0.3796 0 4.1800 0  -27 0 -6 24 0 15 -2 7  0 0 1 1 0 20 0 12.04 
0.304 4 4.10 4.10 4.1 4.1 0.535 0.445 0.7723 0.7575 -0.0959 0.2030 0.0021 0.023320 -2.025341 -0.3796 0 4.1800 0  -30 -2 -1 14 8 -3 5 22  0 0 1 1 0 20 0 12.02 
0.305 4 4.10 4.10 4.1 4.1 0.522 0.524 0.7575 0.7723 0.0959 0.2038 0.0021 0.023320 -2.025347 -0.3796 0 4.1800 0  -25 9 -6 22 17 -3 5 25  0 0 1 1 0 20 0 12.00 
0.306 4 4.10 4.10 4.1 4.1 0.542 0.544 0.8193 0.8193 0.0000 0.2046 0.0021 0.023320 -2.025351 -0.3796 0 4.1800 0  -21 -3 -9 24 10 -5 -5 -3  0 0 1 1 0 20 0 12.00 
0.307 4 4.10 4.10 4.1 4.1 0.558 0.539 0.7872 0.8193 0.2073 0.2054 0.0021 0.023320 -2.025356 -0.3796 0 4.1800 0  -7 6 -12 16 8 -12 -5 4  0 0 1 1 0 20 0 11.99 
0.308 4 4.10 4.10 4.1 4.1 0.538 0.521 0.8193 0.8727 0.3446 0.2062 0.0021 0.023320 -2.025359 -0.3796 0 4.1800 0  -14 -7 1 20 -1 -16 -5 4  0 0 1 1 0 20 0 12.02 
0.309 4 4.10 4.10 4.1 4.1 0.491 0.516 0.8924 0.8727 -0.1270 0.2072 0.0022 0.025911 -2.025361 -0.3796 0 4.1800 0  -2 -12 -2 28 5 -4 9 1  0 0 1 1 0 20 0 12.02 
0.310 4 4.10 4.10 4.1 4.1 0.476 0.446 0.9338 0.9125 -0.1373 0.2082 0.0022 0.023320 -2.025364 -0.3796 0 4.1800 0  -1 1 2 10 -8 2 -7 2  0 0 1 1 0 20 0 12.02 
0.311 4 4.10 4.10 4.1 4.1 0.513 0.458 0.9559 0.9559 0.0000 0.2090 0.0022 0.023320 -2.025365 -0.3796 0 4.1800 0  -32 5 3 15 10 -14 4 1  0 0 1 1 0 20 0 12.02 
0.312 4 4.10 4.10 4.1 4.1 0.477 0.452 0.9796 1.0041 0.1581 0.2100 0.0022 0.025911 -2.025366 -0.3796 0 4.1800 0  2 -1 -5 20 -7 -1 3 -13  0 0 1 1 0 20 0 12.04 
0.313 4 4.10 4.10 4.1 4.1 0.447 0.463 0.9796 1.0298 0.3239 0.2110 0.0022 0.023320 -2.025362 -0.3796 0 4.1800 0  -38 -5 -6 11 10 -13 4 -6  0 0 1 1 0 20 0 12.04 
0.314 4 4.10 4.10 4.1 4.1 0.439 0.447 1.0041 1.0298 0.1658 0.2120 0.0023 0.025911 -2.025356 -0.3796 0 4.1800 0  -15 12 6 18 12 -2 5 3  0 0 1 1 0 20 0 12.04 
0.315 4 4.10 4.10 4.1 4.1 0.405 0.414 1.0298 1.0298 0.0000 0.2130 0.0023 0.023320 -2.025354 -0.3796 0 4.1800 0  -13 8 -2 17 0 -5 -2 -1  0 0 1 1 0 20 0 12.05 
0.316 4 4.10 4.10 4.1 4.1 0.409 0.375 1.0298 1.0852 0.3576 0.2140 0.0023 0.025911 -2.025345 -0.3796 0 4.1800 0  -40 2 -6 6 -4 -12 5 21  0 0 1 1 0 20 0 12.05 
0.317 4 4.10 4.10 4.1 4.1 0.384 0.363 1.0852 1.0852 0.0000 0.2152 0.0023 0.025911 -2.025331 -0.3796 0 4.1800 0  -5 20 2 28 -12 0 10 -3  0 0 1 1 0 20 0 12.06 
0.318 4 4.10 4.10 4.1 4.1 0.460 0.375 1.0567 1.0567 0.0000 0.2161 0.0024 0.025911 -2.025320 -0.3796 0 4.1800 0  8 -1 -9 20 7 -2 17 15  0 0 1 1 0 20 0 12.05 
0.319 4 4.10 4.10 4.1 4.1 0.378 0.363 1.1153 1.1153 0.0000 0.2173 0.0024 0.025911 -2.025309 -0.3796 0 4.1800 0  -29 11 -6 23 13 -3 5 -1  0 0 1 1 0 20 0 12.06 
0.320 4 4.10 4.10 4.1 4.1 0.374 0.371 1.1153 1.1474 0.2073 0.2185 0.0024 0.025911 -2.025308 -0.3796 0 4.1800 0  -41 -14 -9 20 -3 -15 -7 7  0 0 1 1 0 20 0 12.06 
0.321 4 4.10 4.10 4.1 4.1 0.379 0.344 1.1153 1.1474 0.2073 0.2195 0.0025 0.028502 -2.025313 -0.3796 0 4.1800 0  -31 -8 18 16 -10 -23 11 -18  0 0 1 1 0 20 0 12.06 
0.322 4 4.10 4.10 4.1 4.1 0.334 0.338 1.1153 1.1474 0.2073 0.2205 0.0025 0.025911 -2.025316 -0.3796 0 4.1800 0  -1 -3 6 18 5 -7 13 6  0 0 1 1 0 20 0 12.06 
0.323 4 4.10 4.10 4.1 4.1 0.331 0.339 1.1153 1.1474 0.2073 0.2217 0.0025 0.025911 -2.025321 -0.3796 0 4.1800 0  -22 4 -10 32 19 4 0 8  0 0 1 1 0 20 0 12.06 
0.324 4 4.10 4.10 4.1 4.1 0.348 0.318 1.1812 1.2169 0.2306 0.2229 0.0025 0.025911 -2.025330 -0.3796 0 4.1800 0  4 1 6 27 13 -4 6 3  0 0 1 1 0 20 0 12.07 
0.325 4 4.10 4.10 4.1 4.1 0.322 0.332 1.2169 1.1812 -0.2306 0.2241 0.0026 0.025911 -2.025342 -0.3796 0 4.1800 0  -31 -11 -2 22 3 -6 -2 -2  0 0 1 1 0 20 0 12.07 
0.326 4 4.10 4.10 4.1 4.1 0.333 0.314 1.1474 1.2551 0.6944 0.2251 0.0026 0.028502 -2.025355 -0.3796 0 4.1800 0  -14 5 -5 17 -13 -28 0 -14  0 0 1 1 0 20 0 12.08 
0.327 4 4.10 4.10 4.1 4.1 0.322 0.304 1.1812 1.2169 0.2306 0.2263 0.0026 0.028502 -2.025362 -0.3796 0 4.1800 0  -23 -15 -7 23 5 -9 0 4  0 0 1 1 0 20 0 12.08 
0.328 4 4.10 4.10 4.1 4.1 0.309 0.344 1.2169 1.2551 0.2462 0.2275 0.0027 0.028502 -2.025362 -0.3796 0 4.1800 0  22 6 3 6 10 14 5 18  0 0 1 1 0 20 0 12.08 
0.329 4 4.10 4.10 4.1 4.1 0.322 0.302 1.2169 1.2551 0.2462 0.2287 0.0027 0.028502 -2.025355 -0.3796 0 4.1800 0  -1 7 0 11 2 3 19 21  0 0 1 1 0 20 0 12.08 
0.330 4 4.10 4.10 4.1 4.1 0.299 0.275 1.2169 1.3386 0.7851 0.2299 0.0027 0.028502 -2.025350 -0.3796 0 4.1800 0  -4 -11 14 18 -9 -8 13 16  0 0 1 1 0 20 0 12.08 
0.331 4 4.10 4.10 4.1 4.1 0.293 0.306 1.2169 1.3386 0.7851 0.2311 0.0028 0.028502 -2.025345 -0.3796 0 4.1800 0  -2 -5 -22 10 0 -12 2 1  0 0 1 1 0 20 0 12.08 
0.332 4 4.10 4.10 4.1 4.1 0.308 0.278 1.2551 1.3386 0.5390 0.2323 0.0028 0.028502 -2.025331 -0.3796 0 4.1800 0  7 3 3 40 5 14 15 9  0 0 1 1 0 20 0 12.09 
0.333 4 4.10 4.10 4.1 4.1 0.261 0.257 1.2169 1.2551 0.2462 0.2335 0.0028 0.028502 -2.025306 -0.3796 0 4.1800 0  5 -1 -7 18 -2 10 6 13  0 0 1 1 0 20 0 12.10 
0.334 4 4.10 4.10 4.1 4.1 0.265 0.247 1.2551 1.3386 0.5390 0.2347 0.0029 0.028502 -2.025282 -0.3796 0 4.1800 0  -18 -5 12 13 -7 -10 -2 8  0 0 1 1 0 20 0 12.09 
0.335 4 4.10 4.10 4.1 4.1 0.302 0.248 1.2551 1.2551 0.0000 0.2359 0.0029 0.028502 -2.025263 -0.3796 0 4.1800 0  -7 -22 -10 11 -5 -21 17 0  0 0 1 1 0 20 0 12.09 
0.336 4 4.10 4.10 4.1 4.1 0.281 0.265 1.2551 1.3386 0.5390 0.2373 0.0030 0.031093 -2.025253 -0.3796 0 4.1800 0  -21 2 11 12 11 -9 14 -18  0 0 1 1 0 20 0 12.09 
0.337 4 4.10 4.10 4.1 4.1 0.292 0.260 1.2551 1.3848 0.8369 0.2385 0.0030 0.031093 -2.025254 -0.3796 0 4.1800 0  -1 -13 -5 4 11 9 4 -3  0 0 1 1 0 20 0 12.10 
0.338 4 4.10 4.10 4.1 4.1 0.263 0.235 1.2551 1.3386 0.5390 0.2397 0.0030 0.031093 -2.025263 -0.3796 0 4.1800 0  -10 -5 -20 18 3 -10 16 5  0 0 1 1 0 20 0 12.10 
0.339 4 4.10 4.10 4.1 4.1 0.245 0.229 1.2952 1.3848 0.5778 0.2409 0.0031 0.031093 -2.025284 -0.3796 0 4.1800 0  -34 -19 -12 9 -2 2 -1 7  0 0 1 1 0 20 0 12.10 
0.340 4 4.10 4.10 4.1 4.1 0.299 0.211 1.3386 1.3848 0.2980 0.2421 0.0031 0.031093 -2.025317 -0.3796 0 4.1800 0  -33 -6 6 10 2 -3 10 12  0 0 1 1 0 20 0 12.10 
0.341 4 4.10 4.10 4.1 4.1 0.264 0.247 1.3386 1.3848 0.2980 0.2438 0.0032 0.031093 -2.025349 -0.3796 0 4.1800 0  -13 14 3 27 -8 -9 9 -7  0 0 1 1 0 20 0 12.10 
0.342 4 4.10 4.10 4.1 4.1 0.264 0.236 1.3386 1.3848 0.2980 0.2450 0.0032 0.031093 -2.025375 -0.3796 0 4.1800 0  -7 10 -2 13 -1 -17 21 4  0 0 1 1 0 20 0 12.11 
0.343 4 4.10 4.10 4.1 4.1 0.265 0.225 1.3848 1.3848 0.0000 0.2462 0.0032 0.031093 -2.025393 -0.3796 0 4.1800 0  -15 23 -12 8 -14 -25 17 -15  0 0 1 1 0 20 0 12.11 
0.344 4 4.10 4.10 4.1 4.1 0.219 0.222 1.3848 1.3386 -0.2980 0.2474 0.0033 0.031093 -2.025405 -0.3796 0 4.1800 0  -31 -8 13 -1 4 -9 24 16  0 0 1 1 0 20 0 12.12 
0.345 4 4.10 4.10 4.1 4.1 0.257 0.203 1.3386 1.4342 0.6167 0.2488 0.0033 0.033685 -2.025412 -0.3796 0 4.1800 0  -28 -4 -2 18 11 -2 13 15  0 0 1 1 0 20 0 12.10 
0.346 4 4.10 4.10 4.1 4.1 0.252 0.203 1.3386 1.4342 0.6167 0.2502 0.0034 0.031093 -2.025408 -0.3796 0 4.1800 0  -13 15 -5 14 -1 -25 24 -13  0 0 1 1 0 20 0 12.11 
0.347 4 4.10 4.10 4.1 4.1 0.239 0.195 1.3386 1.3386 0.0000 0.2516 0.0034 0.033685 -2.025389 -0.3796 0 4.1800 0  -37 -7 -6 5 9 -14 -7 -14  0 0 1 1 0 20 0 12.11 
0.348 4 4.10 4.10 4.1 4.1 0.219 0.200 1.2952 1.4342 0.8965 0.2528 0.0034 0.033685 -2.025361 -0.3796 0 4.1800 0  -3 -1 4 0 11 -5 26 10  0 0 1 1 0 20 0 12.12 
0.349 4 4.10 4.10 4.1 4.1 0.215 0.207 1.3386 1.3848 0.2980 0.2540 0.0035 0.033685 -2.025334 -0.3796 0 4.1800 0  -8 -12 -6 7 11 -14 1 5  0 0 1 1 0 20 0 12.11 
0.350 4 4.10 4.10 4.1 4.1 0.251 0.191 1.3386 1.4342 0.6167 0.2556 0.0035 0.033685 -2.025309 -0.3796 0 4.1800 0  -11 -2 4 -5 -3 -18 1 -8  0 0 1 1 0 20 0 12.10 
0.351 4 4.10 4.10 4.1 4.1 0.243 0.184 1.3386 1.4872 0.9587 0.2568 0.0036 0.033685 -2.025295 -0.3796 0 4.1800 0  5 -10 -6 -4 12 -1 -6 4  0 0 1 1 0 20 0 12.11 
0.352 4 4.10 4.10 4.1 4.1 0.249 0.164 1.3848 1.3848 0.0000 0.2580 0.0036 0.033685 -2.025292 -0.3796 0 4.1800 0  -33 -6 2 8 -7 -3 8 -8  0 0 1 1 0 20 0 12.11 
0.353 4 4.10 4.10 4.1 4.1 0.217 0.186 1.3848 1.4342 0.3187 0.2594 0.0037 0.036276 -2.025296 -0.3796 0 4.1800 0  -32 -5 -4 23 7 -8 -8 0  0 0 1 1 0 20 0 12.12 
0.354 4 4.10 4.10 4.1 4.1 0.198 0.184 1.3386 1.4872 0.9587 0.2608 0.0037 0.033685 -2.025306 -0.3796 0 4.1800 0  -1 14 12 -4 9 -4 6 21  0 0 1 1 0 20 0 12.12 
0.355 4 4.10 4.10 4.1 4.1 0.219 0.194 1.3848 1.4872 0.6607 0.2622 0.0038 0.036276 -2.025326 -0.3796 0 4.1800 0  -24 -4 -11 22 1 18 -1 4  0 0 1 1 0 20 0 12.11 
0.356 4 4.10 4.10 4.1 4.1 0.214 0.188 1.4342 1.4872 0.3420 0.2634 0.0038 0.036276 -2.025355 -0.3796 0 4.1800 0  -1 -10 3 4 2 -12 4 2  0 0 1 1 0 20 0 12.12 
0.357 4 4.10 4.10 4.1 4.1 0.242 0.172 1.3848 1.4342 0.3187 0.2650 0.0039 0.036276 -2.025382 -0.3796 0 4.1800 0  0 -6 -9 12 6 0 23 -5  0 0 1 1 0 20 0 12.12 
0.358 4 4.10 4.10 4.1 4.1 0.200 0.202 1.4342 1.4872 0.3420 0.2662 0.0039 0.036276 -2.025402 -0.3796 0 4.1800 0  -7 -13 -7 13 8 -18 17 3  0 0 1 1 0 20 0 12.12 
0.359 4 4.10 4.10 4.1 4.1 0.190 0.201 1.3848 1.5446 1.0313 0.2676 0.0040 0.038867 -2.025415 -0.3796 0 4.1800 0  1 -2 -3 9 -1 -2 9 -6  0 0 1 1 0 20 0 12.11 
0.360 4 4.10 4.10 4.1 4.1 0.244 0.199 1.3848 1.4872 0.6607 0.2690 0.0040 0.036276 -2.025423 -0.3796 0 4.1800 0  -14 24 0 -3 -3 -18 25 -11  0 0 1 1 0 20 0 12.11 
0.361 4 4.10 4.10 4.1 4.1 0.215 0.161 1.3848 1.4872 0.6607 0.2704 0.0041 0.038867 -2.025425 -0.3796 0 4.1800 0  -44 11 1 35 8 -11 2 10  0 0 1 1 0 20 0 12.12 
0.362 4 4.10 4.10 4.1 4.1 0.209 0.163 1.3848 1.4872 0.6607 0.2719 0.0041 0.036276 -2.025418 -0.3796 0 4.1800 0  -20 1 0 14 -4 -14 17 -2  0 0 1 1 0 20 0 12.12 
0.363 4 4.10 4.10 4.1 4.1 0.177 0.178 1.3848 1.4872 0.6607 0.2733 0.0042 0.038867 -2.025399 -0.3796 0 4.1800 0  2 -4 -3 1 8 0 25 13  0 0 1 1 0 20 0 12.13 
0.364 4 4.10 4.10 4.1 4.1 0.192 0.189 1.4342 1.4872 0.3420 0.2745 0.0042 0.038867 -2.025372 -0.3796 0 4.1800 0  -33 39 -5 24 -5 -7 20 -5  0 0 1 1 0 20 0 12.12 
0.365 4 4.10 4.10 4.1 4.1 0.224 0.177 1.4342 1.4872 0.3420 0.2761 0.0043 0.038867 -2.025347 -0.3796 0 4.1800 0  -41 10 -12 -3 10 -13 19 -1  0 0 1 1 0 20 0 12.12 
0.366 4 4.10 4.10 4.1 4.1 0.191 0.128 1.4342 1.4872 0.3420 0.2773 0.0043 0.038867 -2.025330 -0.3796 0 4.1800 0  -3 -9 7 -1 1 0 -6 31  0 0 1 1 0 20 0 12.12 
0.367 4 4.10 4.10 4.1 4.1 0.216 0.153 1.4342 1.5446 0.7126 0.2787 0.0044 0.041458 -2.025322 -0.3796 0 4.1800 0  -3 0 0 15 5 2 1 3  0 0 1 1 0 20 0 12.12 
0.368 4 4.10 4.10 4.1 4.1 0.184 0.156 1.4342 1.5446 0.7126 0.2801 0.0045 0.038867 -2.025319 -0.3796 0 4.1800 0  -33 2 -3 25 0 -9 -14 -4  0 0 1 1 0 20 0 12.12 
0.369 4 4.10 4.10 4.1 4.1 0.200 0.178 1.4872 1.5446 0.3705 0.2815 0.0045 0.041458 -2.025316 -0.3796 0 4.1800 0  -23 -3 26 15 4 1 26 11  0 0 1 1 0 20 0 12.11 
0.370 4 4.10 4.10 4.1 4.1 0.182 0.155 1.4872 1.5446 0.3705 0.2829 0.0046 0.038867 -2.025320 -0.3796 0 4.1800 0  -9 -11 8 14 5 -15 7 2  0 0 1 1 0 20 0 12.13 
