%% logfile from robot 16
%  1    time 0.000 sec
%  2    mission (0) state 2
%  3  4  5 Acc x,y,z [m/s2]: -9.086377 0.927817 2.622822
%  6  7  8 Gyro x,y,z [deg/s]: 0.122070 0.305176 -1.037598
%  9 10 Motor velocity ref left, right: 1.50 1.50
% 11 12 Motor voltage [V] left, right: 1.5 1.5
% 13 14 Motor current left, right [A]: 0.016 0.037
% 15 16 Encoder left, right: 3385 2678
% 17 18 Wheel velocity [m/s] left, right: 0.0000 0.0000
% 19    Turnrate [r/s]: 0.0000
% 20 21 22 23 Pose x,y,h,tilt [m,m,rad,rad]: 0.0000 0.0000 0.000000 1.852316
% 24    Battery voltage [V]: 12.20
0.001 2 -9.098364 0.858291 2.665977 -0.030518 0.335693 -1.007080 1.50 1.50 1.5 1.5 0.059 0.070 3385 2678 0.0000 0.0000 0.0000 0.0000 0.0000 0.000000 1.852312 12.18 
0.002 2 -9.091171 0.810342 2.598848 0.000000 0.274658 -1.068115 1.50 1.50 1.5 1.5 0.231 0.249 3385 2678 0.0000 0.0000 0.0000 0.0000 0.0000 0.000000 1.852306 12.14 
0.003 2 -9.095966 0.872676 2.603642 0.061035 0.183105 -1.098633 1.50 1.50 1.5 1.5 0.356 0.298 3385 2678 0.0000 0.0000 0.0000 0.0000 0.0000 0.000000 1.852299 12.13 
0.004 2 -9.103159 0.870278 2.668374 0.000000 0.122070 -1.098633 1.50 1.50 1.5 1.5 0.353 0.271 3385 2678 0.0000 0.0000 0.0000 0.0000 0.0000 0.000000 1.852297 12.13 
0.005 2 -9.131928 0.851099 2.670771 -0.061035 0.305176 -0.946045 1.50 1.50 1.5 1.5 0.355 0.237 3386 2679 0.0000 0.0000 0.0000 0.0004 0.0000 0.000000 1.852297 12.13 
0.006 2 -9.124736 0.863086 2.737900 -0.061035 0.244141 -0.732422 1.50 1.50 1.5 1.5 0.374 0.257 3386 2679 0.0000 0.0000 0.0000 0.0004 0.0000 0.000000 1.852298 12.13 
0.007 2 -9.163095 0.858291 2.752285 -0.152588 0.091553 -0.427246 1.50 1.50 1.5 1.5 0.325 0.367 3386 2679 0.0000 0.0000 0.0000 0.0004 0.0000 0.000000 1.852306 12.13 
0.008 2 -9.201455 0.836714 2.713926 -0.183105 0.122070 -0.305176 1.50 1.50 1.5 1.5 0.370 0.561 3386 2679 0.0000 0.0000 0.0000 0.0004 0.0000 0.000000 1.852312 12.13 
0.009 2 -9.143916 0.855894 2.742695 -0.030518 0.274658 -0.183105 1.50 1.50 1.5 1.5 0.338 0.520 3387 2680 0.1108 0.0851 -0.1658 0.0008 0.0000 0.000000 1.852316 12.12 
0.010 2 -9.122338 0.882266 2.620425 0.091553 0.366211 -0.030518 1.50 1.50 1.5 1.5 0.308 0.258 3387 2680 0.1108 0.0851 -0.1658 0.0008 0.0000 0.000000 1.852314 12.13 
0.011 2 -9.244609 0.863086 2.598848 0.152588 0.335693 0.183105 1.50 1.50 1.5 1.5 0.294 0.220 3388 2680 0.1108 0.0851 -0.1658 0.0008 0.0000 0.000000 1.852303 12.14 
0.012 2 -9.172686 0.853496 2.639604 0.091553 0.183105 0.396729 1.50 1.50 1.5 1.5 0.307 0.215 3388 2681 0.1518 0.1345 -0.1114 0.0012 0.0000 0.000000 1.852294 12.13 
0.013 2 -9.211044 0.877471 2.622822 0.030518 0.061035 0.579834 1.50 1.50 1.5 1.5 0.268 0.219 3389 2681 0.1518 0.1345 -0.1114 0.0014 -0.0000 -0.002591 1.852289 12.13 
0.014 2 -9.220634 0.851099 2.737900 -0.030518 -0.030518 0.610352 1.50 1.50 1.5 1.5 0.291 0.306 3389 2682 0.2036 0.1345 -0.4457 0.0014 -0.0000 -0.002591 1.852291 12.13 
0.015 2 -9.187070 0.824727 2.598848 0.030518 -0.396729 0.671387 1.50 1.50 1.5 1.5 0.274 0.394 3390 2682 0.2056 0.1759 -0.1917 0.0018 -0.0000 -0.002591 1.852295 12.12 
0.016 2 -9.191865 0.865483 2.591655 0.091553 -1.007080 0.640869 1.50 1.50 1.5 1.5 0.257 0.337 3390 2682 0.2056 0.1759 -0.1917 0.0018 -0.0000 -0.002591 1.852301 12.14 
0.017 2 -9.124736 0.870278 2.622822 -0.152588 -1.617432 0.549316 1.50 1.50 1.5 1.5 0.202 0.481 3391 2683 0.2510 0.1892 -0.3990 0.0022 -0.0000 -0.002591 1.852320 12.14 
0.018 2 -9.124736 0.841509 2.596450 -0.030518 -2.197266 0.518799 1.50 1.50 1.5 1.5 0.196 0.416 3392 2684 0.2510 0.1892 -0.3990 0.0022 -0.0000 -0.002591 1.852350 12.14 
0.019 2 -9.131928 0.836714 2.615630 0.000000 -2.593994 0.335693 1.50 1.50 1.5 1.5 0.217 0.204 3392 2684 0.2554 0.2265 -0.1866 0.0026 -0.0000 -0.002591 1.852388 12.14 
0.020 2 -9.107954 0.841509 2.541308 0.183105 -2.319336 0.152588 1.50 1.50 1.5 1.5 0.270 0.152 3393 2685 0.2807 0.2321 -0.3135 0.0030 -0.0000 -0.002591 1.852425 12.13 
0.021 2 -9.187070 0.819932 2.555693 0.305176 -2.410889 0.213623 1.50 1.50 1.5 1.5 0.238 0.145 3393 2685 0.2787 0.2321 -0.3006 0.0030 -0.0000 -0.002591 1.852456 12.14 
0.022 2 -9.131928 0.853496 2.591655 0.244141 -2.441406 0.122070 1.50 1.50 1.5 1.5 0.218 0.146 3394 2686 0.2390 0.2554 0.1062 0.0034 -0.0000 -0.002591 1.852491 12.14 
0.023 2 -9.177480 0.836714 2.711528 -0.030518 -2.532959 0.366211 1.50 1.50 1.5 1.5 0.203 0.255 3395 2687 0.3088 0.2418 -0.4327 0.0038 -0.0000 -0.002591 1.852535 12.14 
0.024 2 -9.223032 0.824727 2.677964 0.122070 -2.380371 0.396729 1.50 1.50 1.5 1.5 0.189 0.329 3396 2687 0.2848 0.2418 -0.2773 0.0040 -0.0000 -0.005182 1.852581 12.14 
0.025 2 -9.143916 0.839111 2.723516 0.122070 -2.227783 0.457764 1.50 1.50 1.5 1.5 0.184 0.378 3397 2688 0.2848 0.2731 -0.0751 0.0042 -0.0000 -0.002591 1.852625 12.14 
0.026 2 -9.184672 0.788765 2.728310 0.000000 -2.410889 0.610352 1.50 1.50 1.5 1.5 0.209 0.185 3397 2689 0.3374 0.2767 -0.3913 0.0046 -0.0000 -0.002591 1.852673 12.14 
0.027 2 -9.124736 0.831919 2.560488 0.091553 -2.288818 0.701904 1.50 1.50 1.5 1.5 0.190 0.137 3398 2689 0.3462 0.2767 -0.4483 0.0048 -0.0000 -0.005182 1.852713 12.13 
0.028 2 -9.079185 0.843906 2.598848 0.030518 -2.655029 0.732422 1.50 1.50 1.5 1.5 0.193 0.123 3399 2690 0.3582 0.2928 -0.4224 0.0052 -0.0000 -0.005182 1.852750 12.15 
0.029 2 -9.050415 0.877471 2.610835 0.030518 -3.051758 0.610352 1.50 1.50 1.5 1.5 0.167 0.144 3400 2691 0.3522 0.3289 -0.1503 0.0056 -0.0000 -0.005182 1.852798 12.15 
0.030 2 -9.117543 0.817534 2.522129 0.183105 -3.509521 0.427246 1.50 1.50 1.5 1.5 0.173 0.205 3401 2692 0.3751 0.3088 -0.4275 0.0060 -0.0000 -0.005182 1.852849 12.14 
0.031 2 -9.148710 0.879868 2.519731 0.305176 -4.058838 0.335693 1.50 1.50 1.5 1.5 0.195 0.259 3402 2693 0.3462 0.3088 -0.2410 0.0062 -0.0000 -0.007773 1.852902 12.14 
0.032 2 -9.100761 0.858291 2.656387 0.305176 -4.211426 0.488281 1.50 1.50 1.5 1.5 0.183 0.243 3403 2693 0.3860 0.2952 -0.5856 0.0066 -0.0000 -0.007773 1.852968 12.15 
0.033 2 -9.124736 0.875073 2.615630 0.122070 -4.547119 0.610352 1.50 1.50 1.5 1.5 0.140 0.248 3404 2694 0.3430 0.3237 -0.1244 0.0068 -0.0000 -0.005182 1.853044 12.14 
0.034 2 -9.086377 0.867881 2.632412 0.183105 -5.035400 0.762939 1.50 1.50 1.5 1.5 0.171 0.292 3405 2695 0.3213 0.2787 -0.2747 0.0072 -0.0000 -0.005182 1.853126 12.14 
0.035 2 -9.076787 0.858291 2.675566 0.213623 -4.730225 0.701904 1.50 1.50 1.5 1.5 0.164 0.194 3406 2696 0.4016 0.2787 -0.7929 0.0074 -0.0000 -0.007773 1.853213 12.14 
0.036 2 -9.091171 0.853496 2.764272 0.030518 -4.455566 0.823975 1.50 1.50 1.5 1.5 0.146 0.089 3407 2697 0.4137 0.3346 -0.5105 0.0080 -0.0000 -0.010364 1.853302 12.15 
0.037 2 -9.076787 0.824727 2.685156 -0.122070 -4.302979 0.976562 1.50 1.50 1.5 1.5 0.155 0.078 3408 2697 0.3936 0.3522 -0.2669 0.0082 -0.0000 -0.007773 1.853387 12.15 
0.038 2 -9.148710 0.903843 2.618027 0.061035 -3.906250 1.068115 1.50 1.50 1.5 1.5 0.146 0.100 3409 2698 0.3402 0.3462 0.0389 0.0086 -0.0000 -0.007773 1.853459 12.15 
0.039 2 -9.095966 0.899048 2.596450 0.183105 -3.509521 1.037598 1.50 1.50 1.5 1.5 0.116 0.195 3410 2699 0.3787 0.3137 -0.4198 0.0090 -0.0000 -0.007773 1.853520 12.15 
0.040 2 -9.052813 0.807944 2.677964 0.030518 -2.868652 0.946045 1.50 1.50 1.5 1.5 0.132 0.329 3411 2700 0.3976 0.3582 -0.2539 0.0094 -0.0000 -0.007773 1.853575 12.14 
0.041 2 -9.050415 0.906240 2.793042 0.122070 -1.953125 0.854492 1.50 1.50 1.5 1.5 0.124 0.391 3412 2701 0.4056 0.3823 -0.1503 0.0098 -0.0000 -0.007773 1.853628 12.14 
0.042 2 -9.004863 0.889458 2.728310 0.183105 -0.335693 0.823975 1.50 1.50 1.5 1.5 0.124 0.153 3413 2702 0.3751 0.3683 -0.0440 0.0104 -0.0001 -0.010364 1.853662 12.15 
0.043 2 -9.036030 0.889458 2.757080 -0.183105 0.274658 1.159668 1.50 1.50 1.5 1.5 0.127 0.146 3414 2703 0.4225 0.3582 -0.4146 0.0106 -0.0001 -0.012956 1.853675 12.15 
0.044 2 -9.148710 0.855894 2.584463 0.244141 0.976562 1.525879 1.50 1.50 1.5 1.5 0.117 0.131 3415 2704 0.4362 0.3265 -0.7074 0.0110 -0.0001 -0.012956 1.853667 12.14 
0.045 2 -9.131928 0.863086 2.692348 0.885010 1.586914 1.831055 1.50 1.50 1.5 1.5 0.163 0.110 3416 2704 0.3936 0.3683 -0.1632 0.0114 -0.0001 -0.012956 1.853643 12.15 
0.046 2 -9.163095 0.803149 2.872158 0.396729 0.915527 2.441406 1.50 1.50 1.5 1.5 0.167 0.137 3417 2705 0.4225 0.3683 -0.3498 0.0118 -0.0001 -0.012956 1.853633 12.15 
0.047 2 -9.191865 0.805547 2.735503 0.183105 0.640869 3.051758 1.50 1.50 1.5 1.5 0.135 0.122 3418 2706 0.4317 0.3751 -0.3653 0.0122 -0.0001 -0.012956 1.853633 12.14 
0.048 2 -9.235020 0.848701 2.665977 0.488281 0.488281 3.509521 1.50 1.50 1.5 1.5 0.150 0.199 3419 2707 0.4462 0.3490 -0.6271 0.0127 -0.0001 -0.012956 1.853626 12.14 
0.049 2 -9.088774 0.858291 2.694746 0.671387 0.579834 3.723145 1.50 1.50 1.5 1.5 0.099 0.333 3420 2708 0.3936 0.3823 -0.0726 0.0131 -0.0001 -0.012956 1.853618 12.15 
0.050 2 -9.112749 0.853496 2.747490 0.305176 0.152588 4.150391 1.50 1.50 1.5 1.5 0.103 0.256 3421 2709 0.4269 0.3651 -0.3990 0.0135 -0.0001 -0.012956 1.853620 12.14 
0.051 2 -9.100761 0.841509 2.699541 0.061035 0.457764 4.455566 1.50 1.50 1.5 1.5 0.135 0.134 3423 2710 0.4317 0.3896 -0.2721 0.0139 -0.0001 -0.012956 1.853622 12.14 
0.052 2 -9.095966 0.879868 2.728310 0.701904 1.464844 4.669189 1.50 1.50 1.5 1.5 0.136 0.090 3424 2711 0.4510 0.3715 -0.5130 0.0143 -0.0001 -0.012956 1.853612 12.14 
0.053 2 -9.208647 0.899048 2.740298 0.854492 2.075195 4.791260 1.50 1.50 1.5 1.5 0.115 0.070 3425 2712 0.4562 0.3896 -0.4301 0.0149 -0.0001 -0.015547 1.853589 12.15 
0.054 2 -9.074389 0.877471 2.747490 0.610352 2.685547 5.371094 1.50 1.50 1.5 1.5 0.103 0.041 3426 2713 0.4462 0.3550 -0.5882 0.0153 -0.0001 -0.015547 1.853556 12.15 
0.055 2 -9.237416 0.923022 2.701938 0.305176 3.509521 5.889893 1.50 1.50 1.5 1.5 0.112 0.188 3427 2714 0.4615 0.3976 -0.4120 0.0157 -0.0001 -0.015547 1.853509 12.14 
0.056 2 -9.165493 0.872676 2.745093 0.518799 4.211426 6.134033 1.50 1.50 1.5 1.5 0.125 0.382 3428 2715 0.4410 0.3787 -0.4016 0.0161 -0.0001 -0.015547 1.853446 12.15 
0.057 2 -9.095966 0.867881 2.759477 0.274658 4.791260 6.378174 1.50 1.50 1.5 1.5 0.116 0.351 3429 2716 0.4667 0.3896 -0.4975 0.0165 -0.0001 -0.015547 1.853378 12.14 
0.058 2 -9.119941 0.867881 2.809824 -0.122070 4.486084 6.408691 1.50 1.50 1.5 1.5 0.082 0.136 3431 2717 0.4836 0.3896 -0.6063 0.0167 -0.0001 -0.018138 1.853311 12.15 
0.059 2 -9.165493 0.942202 2.716323 -0.091553 4.058838 5.950928 1.50 1.50 1.5 1.5 0.127 0.048 3432 2718 0.4723 0.3651 -0.6918 0.0171 -0.0001 -0.018138 1.853247 12.14 
0.060 2 -9.167891 0.925420 2.670771 -0.061035 3.601074 5.615234 1.50 1.50 1.5 1.5 0.117 0.069 3433 2719 0.4723 0.3896 -0.5338 0.0177 -0.0002 -0.020729 1.853184 12.15 
0.061 2 -9.230225 0.963779 2.630015 0.213623 3.021240 5.157471 1.50 1.50 1.5 1.5 0.120 0.070 3434 2720 0.4779 0.4097 -0.4405 0.0183 -0.0002 -0.018138 1.853124 12.14 
0.062 2 -9.218237 0.932612 2.529321 0.427246 1.953125 4.638672 1.50 1.50 1.5 1.5 0.121 0.165 3435 2721 0.4896 0.3976 -0.5934 0.0185 -0.0002 -0.020729 1.853071 12.15 
0.063 2 -9.203853 0.997344 2.455000 0.488281 1.007080 3.967285 1.50 1.50 1.5 1.5 0.084 0.332 3436 2722 0.4723 0.3787 -0.6037 0.0189 -0.0002 -0.020729 1.853027 12.14 
0.064 2 -9.196660 0.956587 2.455000 0.335693 0.457764 3.204346 1.50 1.50 1.5 1.5 0.092 0.303 3438 2723 0.4896 0.3936 -0.6193 0.0193 -0.0002 -0.020729 1.852993 12.14 
0.065 2 -9.141519 0.963779 2.603642 0.091553 0.061035 2.502441 1.50 1.50 1.5 1.5 0.127 0.140 3439 2724 0.4836 0.3683 -0.7437 0.0199 -0.0002 -0.023320 1.852975 12.16 
0.066 2 -9.203853 0.970972 2.562886 0.000000 -0.244141 1.953125 1.50 1.50 1.5 1.5 0.105 0.116 3440 2725 0.4896 0.3896 -0.6452 0.0203 -0.0002 -0.023320 1.852969 12.15 
0.067 2 -9.148710 1.002139 2.699541 -0.061035 -0.366211 1.373291 1.50 1.50 1.5 1.5 0.090 0.110 3441 2726 0.5020 0.4016 -0.6478 0.0207 -0.0002 -0.023320 1.852972 12.15 
0.068 2 -9.158300 0.903843 2.632412 -0.183105 0.000000 0.823975 1.50 1.50 1.5 1.5 0.080 0.076 3442 2727 0.4562 0.4097 -0.3006 0.0211 -0.0002 -0.023320 1.852976 12.16 
0.069 2 -9.119941 0.944600 2.740298 -0.122070 0.885010 0.305176 1.50 1.50 1.5 1.5 0.069 0.111 3443 2728 0.4779 0.3860 -0.5934 0.0215 -0.0002 -0.023320 1.852972 12.16 
0.070 2 -9.153505 0.939805 2.603642 0.152588 1.464844 -0.366211 1.50 1.50 1.5 1.5 0.080 0.217 3445 2729 0.4615 0.4016 -0.3861 0.0219 -0.0002 -0.023320 1.852954 12.15 
0.071 2 -9.232622 0.901445 2.634809 0.335693 1.647949 -1.007080 1.50 1.50 1.5 1.5 0.090 0.222 3446 2730 0.5020 0.4137 -0.5700 0.0227 -0.0003 -0.023320 1.852922 12.14 
0.072 2 -9.230225 0.935010 2.646797 0.061035 1.892090 -1.586914 1.50 1.50 1.5 1.5 0.143 0.276 3447 2731 0.5081 0.3936 -0.7385 0.0231 -0.0003 -0.023320 1.852888 12.15 
0.073 2 -9.218237 1.021318 2.615630 -0.152588 1.922607 -1.953125 1.50 1.50 1.5 1.5 0.146 0.289 3449 2732 0.5081 0.4137 -0.6089 0.0235 -0.0003 -0.023320 1.852850 12.14 
0.074 2 -9.211044 0.958984 2.639604 -0.427246 1.464844 -2.227783 1.50 1.50 1.5 1.5 0.097 0.118 3450 2733 0.4956 0.4137 -0.5286 0.0241 -0.0003 -0.025911 1.852816 12.15 
0.075 2 -9.220634 0.958984 2.548501 -0.396729 0.671387 -2.777100 1.50 1.50 1.5 1.5 0.078 0.074 3451 2734 0.5081 0.4225 -0.5519 0.0245 -0.0003 -0.025911 1.852790 12.15 
0.076 2 -9.223032 0.951792 2.562886 -0.488281 0.000000 -3.021240 1.50 1.50 1.5 1.5 0.079 0.036 3452 2735 0.4667 0.3936 -0.4716 0.0249 -0.0003 -0.025911 1.852772 12.14 
0.077 2 -9.208647 0.966177 2.649194 -0.457764 -0.244141 -3.295898 1.50 1.50 1.5 1.5 0.090 0.052 3453 2736 0.4956 0.4137 -0.5286 0.0253 -0.0003 -0.025911 1.852768 12.14 
0.078 2 -9.275776 0.911035 2.677964 -0.244141 -0.701904 -3.417969 1.50 1.50 1.5 1.5 0.105 0.062 3455 2737 0.5281 0.4181 -0.7100 0.0259 -0.0003 -0.028502 1.852775 12.15 
0.079 2 -9.256597 0.855894 2.723516 0.061035 -1.098633 -3.387451 1.50 1.50 1.5 1.5 0.116 0.184 3456 2738 0.4779 0.4269 -0.3291 0.0263 -0.0004 -0.028502 1.852792 12.15 
0.080 2 -9.280571 0.901445 2.711528 0.000000 -0.976562 -3.295898 1.50 1.50 1.5 1.5 0.083 0.192 3457 2739 0.5020 0.4510 -0.3291 0.0267 -0.0004 -0.028502 1.852813 12.14 
0.081 2 -9.292559 0.882266 2.776260 -0.091553 -0.518799 -3.326416 1.50 1.50 1.5 1.5 0.097 0.370 3459 2740 0.5149 0.4462 -0.4431 0.0271 -0.0004 -0.028502 1.852831 12.15 
0.082 2 -9.206249 0.908638 2.781054 0.061035 -0.274658 -3.265381 1.50 1.50 1.5 1.5 0.068 0.329 3460 2741 0.4896 0.4269 -0.4042 0.0275 -0.0004 -0.028502 1.852848 12.15 
0.083 2 -9.184672 0.923022 2.709131 -0.274658 0.244141 -3.021240 1.50 1.50 1.5 1.5 0.067 0.099 3461 2742 0.5081 0.4317 -0.4923 0.0281 -0.0004 -0.031093 1.852857 12.15 
0.084 2 -9.146314 0.966177 2.694746 -0.640869 0.671387 -2.990723 1.50 1.50 1.5 1.5 0.096 0.050 3462 2743 0.5213 0.3683 -0.9872 0.0285 -0.0004 -0.031093 1.852853 12.15 
0.085 2 -9.071992 0.927817 2.740298 -0.610352 0.854492 -3.417969 1.50 1.50 1.5 1.5 0.078 0.056 3464 2744 0.5281 0.4016 -0.8162 0.0289 -0.0004 -0.031093 1.852848 12.15 
0.086 2 -9.074389 0.925420 2.567681 -0.579834 0.732422 -3.906250 1.50 1.50 1.5 1.5 0.091 0.063 3465 2746 0.5213 0.4269 -0.6089 0.0295 -0.0005 -0.033685 1.852836 12.15 
0.087 2 -9.141519 0.946997 2.558091 -0.579834 0.518799 -4.364014 1.50 1.50 1.5 1.5 0.074 0.039 3466 2747 0.5213 0.4362 -0.5493 0.0299 -0.0005 -0.033685 1.852818 12.15 
0.088 2 -9.117543 0.872676 2.598848 -0.457764 0.244141 -4.760742 1.50 1.50 1.5 1.5 0.063 0.088 3467 2748 0.5281 0.3896 -0.8939 0.0303 -0.0005 -0.033685 1.852804 12.15 
0.089 2 -9.146314 0.906240 2.591655 -0.488281 -0.152588 -4.852295 1.50 1.50 1.5 1.5 0.108 0.212 3469 2749 0.4956 0.4410 -0.3524 0.0309 -0.0005 -0.031093 1.852798 12.15 
0.090 2 -9.187070 0.884663 2.610835 -0.183105 -0.610352 -4.913330 1.50 1.50 1.5 1.5 0.129 0.321 3470 2750 0.5149 0.4462 -0.4431 0.0315 -0.0005 -0.033685 1.852800 12.15 
0.091 2 -9.199058 0.911035 2.589258 -0.152588 -0.549316 -4.974365 1.50 1.50 1.5 1.5 0.051 0.330 3471 2751 0.5281 0.3936 -0.8680 0.0319 -0.0005 -0.033685 1.852803 12.14 
0.092 2 -9.122338 0.918227 2.572475 -0.457764 -0.152588 -4.882812 1.50 1.50 1.5 1.5 0.082 0.077 3473 2752 0.5081 0.4181 -0.5804 0.0323 -0.0005 -0.033685 1.852802 12.15 
0.093 2 -9.091171 0.872676 2.670771 -0.518799 0.061035 -4.913330 1.50 1.50 1.5 1.5 0.089 0.013 3474 2753 0.5149 0.4269 -0.5675 0.0329 -0.0006 -0.036276 1.852801 12.15 
0.094 2 -9.103159 0.889458 2.740298 -0.427246 0.732422 -4.638672 1.50 1.50 1.5 1.5 0.068 -0.018 3475 2754 0.5281 0.4362 -0.5934 0.0333 -0.0006 -0.036276 1.852801 12.14 
0.095 2 -9.107954 0.901445 2.697144 -0.366211 1.556396 -4.608154 1.50 1.50 1.5 1.5 0.073 0.018 3476 2755 0.5020 0.4225 -0.5130 0.0337 -0.0006 -0.036276 1.852790 12.16 
0.096 2 -9.050415 0.891855 2.709131 -0.427246 2.349854 -4.547119 1.50 1.50 1.5 1.5 0.070 0.114 3478 2756 0.5213 0.4362 -0.5493 0.0341 -0.0006 -0.036276 1.852763 12.15 
0.097 2 -9.064799 0.855894 2.598848 -0.366211 2.960205 -4.638672 1.50 1.50 1.5 1.5 0.116 0.199 3479 2757 0.5426 0.4317 -0.7151 0.0347 -0.0006 -0.038867 1.852719 12.15 
0.098 2 -9.119941 0.836714 2.627617 -0.213623 3.448486 -4.577637 1.50 1.50 1.5 1.5 0.146 0.222 3480 2758 0.5020 0.4410 -0.3939 0.0351 -0.0007 -0.038867 1.852661 12.15 
0.099 2 -9.131928 0.875073 2.788247 -0.122070 3.295898 -4.547119 1.50 1.50 1.5 1.5 0.103 0.307 3482 2760 0.5213 0.4317 -0.5778 0.0355 -0.0007 -0.038867 1.852609 12.15 
0.100 2 -9.124736 0.824727 2.742695 -0.305176 3.112793 -4.516602 1.50 1.50 1.5 1.5 0.067 0.306 3483 2761 0.5426 0.4410 -0.6556 0.0361 -0.0007 -0.041458 1.852566 12.16 
0.101 2 -9.139121 0.889458 2.651592 -0.305176 2.655029 -4.302979 1.50 1.50 1.5 1.5 0.073 0.070 3484 2762 0.5213 0.4016 -0.7722 0.0365 -0.0007 -0.041458 1.852521 12.15 
0.102 2 -9.175083 0.807944 2.632412 -0.274658 2.105713 -3.936768 1.50 1.50 1.5 1.5 0.057 0.014 3486 2763 0.5354 0.4269 -0.6996 0.0371 -0.0007 -0.038867 1.852478 12.15 
0.103 2 -9.179877 0.853496 2.646797 -0.335693 2.044678 -3.814697 1.50 1.50 1.5 1.5 0.103 0.082 3487 2764 0.5354 0.4410 -0.6089 0.0377 -0.0008 -0.041458 1.852440 12.15 
0.104 2 -9.189467 0.870278 2.656387 -0.518799 1.922607 -3.723145 1.50 1.50 1.5 1.5 0.095 0.092 3488 2765 0.5354 0.4269 -0.6996 0.0381 -0.0008 -0.041458 1.852405 12.15 
0.105 2 -9.177480 0.829521 2.656387 -0.488281 1.831055 -3.417969 1.50 1.50 1.5 1.5 0.070 0.120 3489 2766 0.5498 0.4410 -0.7022 0.0385 -0.0008 -0.041458 1.852372 12.14 
0.106 2 -9.143916 0.865483 2.567681 -0.244141 1.922607 -2.990723 1.50 1.50 1.5 1.5 0.047 0.057 3491 2767 0.4956 0.4562 -0.2539 0.0389 -0.0008 -0.041458 1.852336 12.15 
0.107 2 -9.129531 0.855894 2.582065 -0.091553 1.831055 -2.807617 1.50 1.50 1.5 1.5 0.055 0.142 3492 2768 0.5020 0.4562 -0.2954 0.0395 -0.0008 -0.044049 1.852296 12.15 
0.108 2 -9.086377 0.800752 2.613232 -0.152588 2.197266 -2.502441 1.50 1.50 1.5 1.5 0.067 0.329 3493 2769 0.5281 0.4362 -0.5934 0.0399 -0.0009 -0.044049 1.852257 12.15 
0.109 2 -9.139121 0.824727 2.670771 -0.152588 2.410889 -2.319336 1.50 1.50 1.5 1.5 0.065 0.246 3495 2770 0.5426 0.4462 -0.6219 0.0404 -0.0009 -0.044049 1.852218 12.14 
0.110 2 -9.139121 0.855894 2.642002 -0.213623 2.288818 -2.044678 1.50 1.50 1.5 1.5 0.061 0.226 3496 2772 0.5498 0.4016 -0.9561 0.0410 -0.0009 -0.046640 1.852178 12.16 
0.111 2 -9.163095 0.877471 2.682759 -0.396729 1.953125 -1.800537 1.50 1.50 1.5 1.5 0.075 0.222 3497 2773 0.5575 0.4269 -0.8421 0.0414 -0.0009 -0.046640 1.852143 12.15 
0.112 2 -9.115147 0.853496 2.675566 -0.183105 1.953125 -1.556396 1.50 1.50 1.5 1.5 0.077 0.096 3499 2774 0.5354 0.4510 -0.5441 0.0422 -0.0010 -0.046640 1.852113 12.15 
0.113 2 -9.112749 0.807944 2.591655 -0.335693 1.403809 -1.312256 1.50 1.50 1.5 1.5 0.063 0.027 3500 2775 0.5020 0.4317 -0.4534 0.0426 -0.0010 -0.046640 1.852083 12.15 
0.114 2 -9.170288 0.918227 2.606040 -0.183105 1.037598 -1.159668 1.50 1.50 1.5 1.5 0.114 -0.021 3501 2776 0.5281 0.4462 -0.5286 0.0430 -0.0010 -0.046640 1.852058 12.14 
0.115 2 -9.151108 0.863086 2.543706 -0.213623 0.701904 -1.220703 1.50 1.50 1.5 1.5 0.092 0.037 3503 2777 0.5655 0.4410 -0.8032 0.0436 -0.0010 -0.049231 1.852035 12.15 
0.116 2 -9.098364 0.819932 2.586860 -0.152588 0.488281 -1.098633 1.50 1.50 1.5 1.5 0.056 0.085 3504 2778 0.5081 0.4510 -0.3679 0.0440 -0.0010 -0.049231 1.852018 12.14 
0.117 2 -9.083980 0.807944 2.625220 -0.091553 0.427246 -1.098633 1.50 1.50 1.5 1.5 0.063 0.174 3505 2779 0.5354 0.4410 -0.6089 0.0444 -0.0011 -0.049231 1.852008 12.15 
0.118 2 -9.115147 0.851099 2.646797 0.122070 0.549316 -0.885010 1.50 1.50 1.5 1.5 0.065 0.242 3507 2780 0.5426 0.4510 -0.5908 0.0448 -0.0011 -0.049231 1.852000 12.15 
0.119 2 -9.122338 0.803149 2.534116 0.122070 0.549316 -0.854492 1.50 1.50 1.5 1.5 0.030 0.264 3508 2782 0.5213 0.4462 -0.4845 0.0454 -0.0011 -0.051822 1.851986 12.15 
0.120 2 -9.031235 0.867881 2.538911 -0.122070 0.610352 -0.946045 1.50 1.50 1.5 1.5 0.093 0.271 3509 2783 0.5426 0.4562 -0.5571 0.0458 -0.0011 -0.051822 1.851967 12.15 
0.121 2 -9.088774 0.899048 2.632412 -0.061035 0.732422 -0.823975 1.50 1.50 1.5 1.5 0.097 0.080 3511 2784 0.5575 0.4562 -0.6530 0.0466 -0.0012 -0.051822 1.851952 12.15 
0.122 2 -9.143916 0.867881 2.653989 -0.122070 0.549316 -0.823975 1.50 1.50 1.5 1.5 0.097 0.005 3512 2785 0.5281 0.4562 -0.4638 0.0470 -0.0012 -0.051822 1.851942 12.15 
0.123 2 -9.093569 0.855894 2.639604 -0.152588 0.305176 -0.823975 1.50 1.50 1.5 1.5 0.084 0.017 3513 2786 0.5498 0.4615 -0.5700 0.0474 -0.0012 -0.051822 1.851936 12.15 
0.124 2 -9.119941 0.834316 2.694746 0.091553 0.152588 -0.732422 1.50 1.50 1.5 1.5 0.074 0.020 3515 2787 0.5575 0.4836 -0.4768 0.0480 -0.0012 -0.054414 1.851935 12.15 
0.125 2 -9.093569 0.906240 2.620425 0.244141 0.030518 -0.518799 1.50 1.50 1.5 1.5 0.056 0.056 3516 2788 0.5213 0.4723 -0.3161 0.0484 -0.0013 -0.054414 1.851936 12.15 
0.126 2 -9.160698 0.807944 2.598848 -0.061035 -0.183105 -0.579834 1.50 1.50 1.5 1.5 0.057 0.116 3517 2789 0.5426 0.4510 -0.5908 0.0488 -0.0013 -0.054414 1.851935 12.15 
0.127 2 -9.158300 0.786367 2.586860 -0.091553 -0.366211 -0.518799 1.50 1.50 1.5 1.5 0.059 0.193 3519 2790 0.5498 0.4562 -0.6037 0.0494 -0.0013 -0.057005 1.851934 12.15 
0.128 2 -9.115147 0.863086 2.601245 -0.030518 -0.518799 -0.213623 1.50 1.50 1.5 1.5 0.050 0.330 3520 2792 0.5281 0.3896 -0.8939 0.0498 -0.0013 -0.057005 1.851937 12.15 
0.129 2 -9.172686 0.834316 2.486167 -0.122070 -0.793457 -0.122070 1.50 1.50 1.5 1.5 0.042 0.310 3521 2793 0.5498 0.4510 -0.6374 0.0504 -0.0014 -0.054414 1.851939 12.15 
0.130 2 -9.172686 0.848701 2.495757 0.000000 -1.037598 -0.213623 1.50 1.50 1.5 1.5 0.077 0.161 3523 2794 0.5498 0.4562 -0.6037 0.0510 -0.0014 -0.057005 1.851939 12.15 
0.131 2 -9.127133 0.841509 2.546103 0.030518 -1.312256 -0.030518 1.50 1.50 1.5 1.5 0.061 0.134 3524 2795 0.5213 0.4362 -0.5493 0.0514 -0.0014 -0.057005 1.851947 12.15 
0.132 2 -9.129531 0.824727 2.704336 0.030518 -1.190186 0.366211 1.50 1.50 1.5 1.5 0.043 0.067 3526 2796 0.5426 0.4510 -0.5908 0.0518 -0.0015 -0.057005 1.851968 12.15 
0.133 2 -9.136724 0.843906 2.646797 0.091553 -1.251221 0.427246 1.50 1.50 1.5 1.5 0.100 0.026 3527 2797 0.5655 0.4723 -0.6011 0.0524 -0.0015 -0.059596 1.851993 12.15 
0.134 2 -9.146314 0.863086 2.661181 0.213623 -1.190186 0.610352 1.50 1.50 1.5 1.5 0.100 -0.005 3528 2798 0.5213 0.4723 -0.3161 0.0528 -0.0015 -0.059596 1.852015 12.15 
0.135 2 -9.083980 0.848701 2.701938 0.213623 -1.251221 0.946045 1.50 1.50 1.5 1.5 0.079 0.052 3530 2800 0.5426 0.4410 -0.6556 0.0532 -0.0015 -0.059596 1.852042 12.15 
0.136 2 -9.115147 0.781572 2.709131 0.274658 -1.159668 1.251221 1.50 1.50 1.5 1.5 0.059 0.115 3531 2801 0.5575 0.4562 -0.6530 0.0538 -0.0016 -0.062187 1.852070 12.15 
0.137 2 -9.141519 0.870278 2.526924 0.183105 -1.068115 1.647949 1.50 1.50 1.5 1.5 0.101 0.225 3532 2802 0.5426 0.4615 -0.5234 0.0544 -0.0016 -0.059596 1.852088 12.16 
0.138 2 -9.127133 0.870278 2.598848 0.152588 -0.946045 1.739502 1.50 1.50 1.5 1.5 0.074 0.154 3534 2803 0.5575 0.4410 -0.7514 0.0548 -0.0016 -0.059596 1.852098 12.15 
0.139 2 -9.158300 0.887061 2.538911 0.122070 -1.007080 1.922607 1.50 1.50 1.5 1.5 0.089 0.306 3535 2804 0.5498 0.4562 -0.6037 0.0554 -0.0017 -0.062187 1.852107 12.15 
0.140 2 -9.112749 0.786367 2.567681 0.244141 -0.946045 2.197266 1.50 1.50 1.5 1.5 0.086 0.273 3536 2805 0.5498 0.4510 -0.6374 0.0558 -0.0017 -0.062187 1.852116 12.15 
0.141 2 -9.110352 0.891855 2.665977 0.122070 -0.854492 2.349854 1.50 1.50 1.5 1.5 0.059 0.078 3538 2806 0.5426 0.4562 -0.5571 0.0562 -0.0017 -0.062187 1.852130 12.15 
0.142 2 -9.110352 0.872676 2.639604 0.091553 -0.732422 2.441406 1.50 1.50 1.5 1.5 0.071 0.040 3539 2807 0.5354 0.4510 -0.5441 0.0568 -0.0018 -0.064778 1.852146 12.15 
0.143 2 -9.167891 0.901445 2.663579 0.213623 -0.732422 2.563477 1.50 1.50 1.5 1.5 0.056 0.040 3540 2808 0.5149 0.4615 -0.3446 0.0572 -0.0018 -0.064778 1.852159 12.15 
0.144 2 -9.158300 0.841509 2.622822 0.274658 -0.793457 2.777100 1.50 1.50 1.5 1.5 0.062 0.032 3542 2810 0.5426 0.4410 -0.6556 0.0576 -0.0018 -0.064778 1.852172 12.16 
0.145 2 -9.117543 0.855894 2.658784 0.335693 -0.823975 2.868652 1.50 1.50 1.5 1.5 0.057 0.035 3543 2811 0.5655 0.4462 -0.7696 0.0584 -0.0019 -0.064778 1.852186 12.15 
0.146 2 -9.148710 0.863086 2.603642 0.274658 -1.007080 2.899170 1.50 1.50 1.5 1.5 0.076 0.074 3544 2812 0.5575 0.4562 -0.6530 0.0588 -0.0019 -0.064778 1.852201 12.15 
0.147 2 -9.148710 0.841509 2.634809 0.335693 -0.915527 2.868652 1.50 1.50 1.5 1.5 0.041 0.203 3546 2813 0.5498 0.4362 -0.7333 0.0594 -0.0019 -0.067369 1.852215 12.15 
0.148 2 -9.158300 0.863086 2.606040 0.457764 -0.885010 2.807617 1.50 1.50 1.5 1.5 0.056 0.311 3547 2814 0.5575 0.4562 -0.6530 0.0598 -0.0020 -0.067369 1.852228 12.15 
0.149 2 -9.105556 0.824727 2.536514 0.396729 -1.007080 2.716064 1.50 1.50 1.5 1.5 0.064 0.278 3548 2815 0.5081 0.4667 -0.2669 0.0602 -0.0020 -0.067369 1.852238 12.15 
0.150 2 -9.143916 0.810342 2.582065 0.366211 -0.976562 2.716064 1.50 1.50 1.5 1.5 0.096 0.036 3550 2816 0.5655 0.4723 -0.6011 0.0608 -0.0020 -0.069960 1.852247 12.15 
0.151 2 -9.129531 0.894253 2.646797 0.244141 -0.885010 2.746582 1.50 1.50 1.5 1.5 0.031 -0.005 3551 2818 0.5735 0.4510 -0.7903 0.0612 -0.0021 -0.069960 1.852261 12.15 
0.152 2 -9.151108 0.908638 2.665977 0.335693 -0.854492 2.960205 1.50 1.50 1.5 1.5 0.043 0.003 3553 2819 0.5213 0.4615 -0.3861 0.0616 -0.0021 -0.069960 1.852277 12.15 
0.153 2 -9.119941 0.894253 2.670771 0.549316 -0.915527 2.929688 1.50 1.50 1.5 1.5 0.097 -0.001 3554 2820 0.5575 0.4510 -0.6866 0.0624 -0.0021 -0.069960 1.852295 12.16 
0.154 2 -9.115147 0.879868 2.639604 0.427246 -0.823975 2.685547 1.50 1.50 1.5 1.5 0.074 0.043 3555 2821 0.5655 0.4562 -0.7048 0.0628 -0.0022 -0.069960 1.852312 12.16 
0.155 2 -9.088774 0.884663 2.721118 0.183105 -0.640869 2.746582 1.50 1.50 1.5 1.5 0.051 0.045 3557 2822 0.5281 0.4615 -0.4301 0.0632 -0.0022 -0.069960 1.852330 12.15 
0.156 2 -9.122338 0.872676 2.742695 0.183105 -0.457764 2.807617 1.50 1.50 1.5 1.5 0.047 0.173 3558 2823 0.5575 0.4410 -0.7514 0.0638 -0.0022 -0.072551 1.852350 12.15 
0.157 2 -9.177480 0.939805 2.730708 0.152588 -0.549316 3.051758 1.50 1.50 1.5 1.5 0.046 0.282 3559 2824 0.5655 0.4562 -0.7048 0.0642 -0.0023 -0.072551 1.852367 12.17 
0.158 2 -9.201455 0.889458 2.682759 0.152588 -0.427246 2.960205 1.50 1.50 1.5 1.5 0.078 0.279 3561 2825 0.5354 0.4510 -0.5441 0.0646 -0.0023 -0.072551 1.852381 12.16 
0.159 2 -9.211044 0.870278 2.555693 0.305176 -0.427246 2.960205 1.50 1.50 1.5 1.5 0.074 0.143 3562 2826 0.5575 0.4615 -0.6193 0.0652 -0.0023 -0.075143 1.852384 12.15 
0.160 2 -9.175083 0.927817 2.627617 0.488281 -0.427246 2.838135 1.50 1.50 1.5 1.5 0.092 0.146 3563 2828 0.5655 0.4462 -0.7696 0.0656 -0.0024 -0.075143 1.852385 12.15 
0.161 2 -9.165493 0.879868 2.687554 0.213623 -0.488281 2.807617 1.50 1.50 1.5 1.5 0.048 0.106 3565 2829 0.5498 0.4510 -0.6374 0.0664 -0.0024 -0.075143 1.852393 12.15 
0.162 2 -9.184672 0.937407 2.661181 0.213623 -0.488281 2.716064 1.50 1.50 1.5 1.5 0.073 0.032 3566 2830 0.5426 0.4615 -0.5234 0.0668 -0.0025 -0.075143 1.852404 12.15 
0.163 2 -9.211044 0.891855 2.675566 0.305176 -0.427246 2.716064 1.50 1.50 1.5 1.5 0.107 0.005 3567 2831 0.5575 0.4462 -0.7177 0.0672 -0.0025 -0.075143 1.852413 12.15 
0.164 2 -9.175083 0.932612 2.634809 0.335693 -0.854492 2.746582 1.50 1.50 1.5 1.5 0.096 0.050 3569 2832 0.5498 0.4562 -0.6037 0.0678 -0.0025 -0.077734 1.852423 12.15 
0.165 2 -9.179877 0.906240 2.639604 0.183105 -1.220703 2.471924 1.50 1.50 1.5 1.5 0.076 0.030 3570 2833 0.5426 0.4562 -0.5571 0.0682 -0.0026 -0.077734 1.852439 12.16 
0.166 2 -9.151108 0.860688 2.639604 0.274658 -1.312256 2.014160 1.50 1.50 1.5 1.5 0.041 -0.004 3571 2835 0.5575 0.4615 -0.6193 0.0686 -0.0026 -0.077734 1.852460 12.15 
0.167 2 -9.139121 0.884663 2.553296 0.366211 -1.312256 1.739502 1.50 1.50 1.5 1.5 0.078 0.119 3573 2836 0.5498 0.4723 -0.5001 0.0692 -0.0026 -0.080325 1.852478 12.16 
0.168 2 -9.146314 0.894253 2.524526 0.183105 -1.373291 1.770020 1.50 1.50 1.5 1.5 0.075 0.208 3574 2837 0.5655 0.4562 -0.7048 0.0698 -0.0027 -0.077734 1.852491 12.15 
0.169 2 -9.203853 0.889458 2.610835 0.183105 -1.312256 1.495361 1.50 1.50 1.5 1.5 0.068 0.268 3576 2838 0.5735 0.4615 -0.7229 0.0702 -0.0027 -0.077734 1.852505 12.14 
0.170 2 -9.218237 0.927817 2.670771 0.061035 -1.129150 1.312256 1.50 1.50 1.5 1.5 0.070 0.302 3577 2839 0.5498 0.3936 -1.0079 0.0708 -0.0028 -0.080325 1.852524 12.15 
0.171 2 -9.215839 0.927817 2.618027 0.183105 -0.823975 1.129150 1.50 1.50 1.5 1.5 0.042 0.307 3578 2840 0.5498 0.4269 -0.7929 0.0712 -0.0028 -0.080325 1.852539 12.15 
0.172 2 -9.201455 0.884663 2.740298 0.152588 -0.488281 1.159668 1.50 1.50 1.5 1.5 0.035 0.062 3580 2841 0.5655 0.4562 -0.7048 0.0716 -0.0028 -0.080325 1.852552 12.15 
0.173 2 -9.172686 0.863086 2.689951 0.152588 -0.488281 1.098633 1.50 1.50 1.5 1.5 0.070 0.018 3581 2842 0.5575 0.4615 -0.6193 0.0722 -0.0029 -0.082916 1.852566 12.16 
0.174 2 -9.175083 0.932612 2.682759 0.061035 -0.335693 0.915527 1.50 1.50 1.5 1.5 0.065 0.050 3582 2843 0.5354 0.4362 -0.6400 0.0726 -0.0029 -0.082916 1.852576 12.15 
0.175 2 -9.196660 0.855894 2.627617 0.061035 -0.305176 0.732422 1.50 1.50 1.5 1.5 0.036 0.025 3584 2845 0.5575 0.4510 -0.6866 0.0732 -0.0030 -0.085507 1.852581 12.15 
0.176 2 -9.143916 0.901445 2.673169 0.122070 -0.305176 0.671387 1.50 1.50 1.5 1.5 0.090 0.034 3585 2846 0.5655 0.4723 -0.6011 0.0738 -0.0030 -0.082916 1.852586 12.15 
0.177 2 -9.187070 0.930215 2.713926 -0.122070 -0.518799 0.488281 1.50 1.50 1.5 1.5 0.087 0.052 3586 2847 0.5081 0.4410 -0.4327 0.0742 -0.0031 -0.082916 1.852597 12.14 
0.178 2 -9.136724 0.930215 2.675566 -0.152588 -0.671387 0.366211 1.50 1.50 1.5 1.5 0.055 0.136 3588 2848 0.5354 0.4562 -0.5105 0.0746 -0.0031 -0.082916 1.852612 12.15 
0.179 2 -9.165493 0.935010 2.699541 -0.122070 -0.518799 0.061035 1.50 1.50 1.5 1.5 0.047 0.184 3589 2849 0.5426 0.4562 -0.5571 0.0752 -0.0031 -0.085507 1.852626 12.16 
0.180 2 -9.136724 0.894253 2.567681 0.152588 -0.671387 -0.335693 1.50 1.50 1.5 1.5 0.063 0.153 3590 2850 0.5575 0.4615 -0.6193 0.0756 -0.0032 -0.085507 1.852635 12.16 
0.181 2 -9.189467 0.906240 2.572475 0.091553 -0.854492 -0.396729 1.50 1.50 1.5 1.5 0.082 0.324 3592 2851 0.5575 0.4462 -0.7177 0.0762 -0.0032 -0.088098 1.852640 12.15 
0.182 2 -9.177480 0.906240 2.618027 -0.030518 -0.946045 -0.457764 1.50 1.50 1.5 1.5 0.063 0.321 3593 2852 0.5655 0.4562 -0.7048 0.0766 -0.0033 -0.088098 1.852649 12.15 
0.183 2 -9.199058 0.858291 2.723516 0.122070 -0.823975 -0.549316 1.50 1.50 1.5 1.5 0.099 0.146 3595 2854 0.5498 0.4462 -0.6685 0.0770 -0.0033 -0.088098 1.852665 12.15 
0.184 2 -9.136724 0.920625 2.553296 0.030518 -0.671387 -0.793457 1.50 1.50 1.5 1.5 0.053 0.215 3596 2855 0.5081 0.4410 -0.4327 0.0778 -0.0034 -0.088098 1.852677 12.16 
0.185 2 -9.153505 0.935010 2.627617 0.000000 -0.640869 -0.854492 1.50 1.50 1.5 1.5 0.059 0.059 3597 2856 0.5426 0.4562 -0.5571 0.0782 -0.0034 -0.088098 1.852682 12.16 
0.186 2 -9.167891 0.908638 2.704336 -0.061035 -0.640869 -0.640869 1.50 1.50 1.5 1.5 0.106 0.059 3599 2857 0.5735 0.4362 -0.8862 0.0786 -0.0034 -0.088098 1.852695 12.15 
0.187 2 -9.172686 0.877471 2.584463 0.030518 -0.549316 -0.762939 1.50 1.50 1.5 1.5 0.089 0.018 3600 2858 0.5149 0.4510 -0.4120 0.0792 -0.0035 -0.090689 1.852704 12.14 
0.188 2 -9.124736 0.867881 2.610835 0.152588 -0.366211 -0.885010 1.50 1.50 1.5 1.5 0.068 -0.024 3601 2859 0.5426 0.4462 -0.6219 0.0796 -0.0035 -0.090689 1.852707 12.14 
0.189 2 -9.136724 0.872676 2.606040 0.122070 -0.061035 -1.007080 1.50 1.50 1.5 1.5 0.040 0.044 3603 2860 0.5498 0.4562 -0.6037 0.0802 -0.0036 -0.093280 1.852707 12.15 
0.190 2 -9.182275 0.894253 2.596450 0.091553 0.122070 -0.946045 1.50 1.50 1.5 1.5 0.064 0.105 3604 2861 0.5281 0.4410 -0.5623 0.0806 -0.0036 -0.093280 1.852701 12.15 
0.191 2 -9.206249 0.872676 2.606040 0.000000 0.244141 -0.671387 1.50 1.50 1.5 1.5 0.040 0.161 3605 2863 0.5498 0.4562 -0.6037 0.0810 -0.0037 -0.093280 1.852692 12.15 
0.192 2 -9.131928 0.867881 2.627617 -0.244141 0.091553 -0.549316 1.50 1.50 1.5 1.5 0.030 0.301 3607 2864 0.5655 0.4667 -0.6374 0.0816 -0.0037 -0.095872 1.852685 12.15 
0.193 2 -9.179877 0.887061 2.632412 -0.152588 0.213623 -0.640869 1.50 1.50 1.5 1.5 0.067 0.291 3608 2865 0.5354 0.4462 -0.5752 0.0822 -0.0038 -0.093280 1.852680 12.15 
0.194 2 -9.191865 0.884663 2.713926 0.061035 0.366211 -0.457764 1.50 1.50 1.5 1.5 0.080 0.055 3610 2866 0.5575 0.4562 -0.6530 0.0826 -0.0038 -0.093280 1.852676 12.15 
0.195 2 -9.187070 0.944600 2.723516 0.183105 0.640869 -0.396729 1.50 1.50 1.5 1.5 0.074 0.007 3611 2867 0.5655 0.4317 -0.8628 0.0832 -0.0039 -0.095872 1.852673 12.14 
0.196 2 -9.218237 0.884663 2.649194 0.000000 0.915527 -0.518799 1.50 1.50 1.5 1.5 0.067 0.046 3612 2868 0.5281 0.4510 -0.4975 0.0836 -0.0039 -0.095872 1.852661 12.15 
0.197 2 -9.143916 0.867881 2.689951 -0.091553 0.976562 -0.579834 1.50 1.50 1.5 1.5 0.072 0.070 3614 2869 0.5498 0.4562 -0.6037 0.0840 -0.0039 -0.095872 1.852646 12.15 
0.198 2 -9.115147 0.872676 2.697144 0.061035 0.793457 -0.396729 1.50 1.50 1.5 1.5 0.067 0.123 3615 2870 0.5575 0.4615 -0.6193 0.0846 -0.0040 -0.098463 1.852635 12.15 
0.199 2 -9.088774 0.884663 2.692348 0.091553 1.068115 -0.366211 1.50 1.50 1.5 1.5 0.058 0.152 3616 2871 0.5354 0.4410 -0.6089 0.0850 -0.0040 -0.098463 1.852625 12.15 
0.200 4 -9.158300 0.870278 2.685156 0.030518 0.915527 -0.366211 5.00 5.00 5.0 5.0 0.087 0.234 3618 2873 0.5575 0.4510 -0.6866 0.0854 -0.0041 -0.098463 1.852613 12.16 
0.201 4 -9.172686 0.867881 2.598848 -0.091553 1.068115 -0.488281 5.00 5.00 5.0 5.0 0.215 0.470 3619 2874 0.5575 0.4615 -0.6193 0.0862 -0.0042 -0.098463 1.852594 12.12 
0.202 4 -9.131928 0.896650 2.596450 0.122070 1.007080 -0.518799 5.00 5.00 5.0 5.0 0.762 0.800 3620 2875 0.5354 0.4562 -0.5105 0.0866 -0.0042 -0.098463 1.852571 11.93 
0.203 4 -9.127133 0.896650 2.701938 0.366211 0.976562 -0.549316 5.00 5.00 5.0 5.0 0.945 0.907 3622 2876 0.6177 0.4896 -0.8266 0.0872 -0.0043 -0.101054 1.852554 11.82 
0.204 4 -9.122338 0.879868 2.625220 0.091553 0.823975 -0.854492 5.00 5.00 5.0 5.0 0.930 0.902 3624 2878 0.6474 0.5149 -0.8551 0.0876 -0.0043 -0.101054 1.852541 11.78 
0.205 4 -9.124736 0.899048 2.620425 -0.183105 0.823975 -1.068115 5.00 5.00 5.0 5.0 0.949 0.908 3625 2879 0.6804 0.5655 -0.7411 0.0884 -0.0044 -0.101054 1.852524 11.77 
0.206 4 -9.093569 0.884663 2.632412 -0.152588 0.732422 -0.946045 5.00 5.00 5.0 5.0 0.914 1.009 3627 2881 0.7575 0.6474 -0.7100 0.0892 -0.0045 -0.101054 1.852510 11.77 
0.207 4 -9.177480 0.810342 2.627617 -0.274658 0.610352 -0.946045 5.00 5.00 5.0 5.0 0.934 1.091 3629 2883 0.7872 0.7302 -0.3679 0.0900 -0.0045 -0.101054 1.852497 11.77 
0.208 4 -9.170288 0.884663 2.665977 -0.366211 0.946045 -0.976562 5.00 5.00 5.0 5.0 0.858 1.002 3632 2885 0.8193 0.7575 -0.3990 0.0906 -0.0046 -0.103645 1.852482 11.77 
0.209 4 -9.107954 0.927817 2.682759 -0.152588 1.556396 -1.281738 5.00 5.00 5.0 5.0 0.797 0.789 3634 2887 0.8727 0.7723 -0.6478 0.0914 -0.0047 -0.103645 1.852463 11.84 
0.210 4 -9.110352 0.923022 2.764272 -0.152588 1.861572 -1.434326 5.00 5.00 5.0 5.0 0.770 0.815 3636 2889 0.8727 0.8193 -0.3446 0.0926 -0.0048 -0.103645 1.852443 11.83 
0.211 4 -9.172686 0.855894 2.653989 -0.183105 2.655029 -1.403809 5.00 5.00 5.0 5.0 0.949 0.781 3639 2891 0.9559 0.8366 -0.7696 0.0934 -0.0049 -0.103645 1.852410 11.83 
0.212 4 -9.124736 0.872676 2.771465 -0.030518 2.807617 -1.403809 5.00 5.00 5.0 5.0 0.850 0.884 3641 2894 1.0298 0.9125 -0.7566 0.0944 -0.0050 -0.106236 1.852369 11.84 
0.213 4 -9.206249 0.867881 2.677964 0.183105 3.387451 -1.281738 5.00 5.00 5.0 5.0 0.876 0.918 3644 2896 1.0567 0.9125 -0.9302 0.0952 -0.0051 -0.106236 1.852322 11.86 
0.214 4 -9.237416 0.894253 2.742695 0.091553 3.997803 -1.098633 5.00 5.00 5.0 5.0 0.905 0.896 3647 2898 1.0852 0.9796 -0.6815 0.0964 -0.0052 -0.106236 1.852262 11.87 
0.215 4 -9.232622 0.865483 2.656387 -0.244141 3.875732 -1.098633 5.00 5.00 5.0 5.0 0.637 0.753 3649 2901 1.1153 1.0041 -0.7177 0.0974 -0.0053 -0.108827 1.852196 11.88 
0.216 4 -9.136724 0.865483 2.642002 -0.183105 3.234863 -1.220703 5.00 5.00 5.0 5.0 0.590 0.618 3652 2904 1.1474 1.0298 -0.7592 0.0986 -0.0055 -0.108827 1.852134 11.91 
0.217 4 -9.163095 0.853496 2.613232 -0.030518 2.532959 -1.586914 5.00 5.00 5.0 5.0 0.628 0.591 3655 2906 1.2551 1.0852 -1.0960 0.0998 -0.0056 -0.108827 1.852081 11.90 
0.218 4 -9.203853 0.968574 2.555693 -0.152588 0.976562 -1.770020 5.00 5.00 5.0 5.0 0.589 0.728 3658 2909 1.2551 1.1153 -0.9017 0.1008 -0.0057 -0.111418 1.852044 11.91 
0.219 4 -9.136724 0.923022 2.428628 -0.152588 -0.915527 -1.953125 5.00 5.00 5.0 5.0 0.576 0.694 3661 2912 1.2952 1.1474 -0.9535 0.1020 -0.0058 -0.111418 1.852027 11.92 
0.220 4 -9.165493 0.925420 2.265600 -0.213623 -3.021240 -2.502441 5.00 5.00 5.0 5.0 0.643 0.591 3664 2914 1.2952 1.1812 -0.7359 0.1032 -0.0060 -0.111418 1.852031 11.92 
0.221 4 -9.187070 0.911035 2.234433 0.030518 -5.126953 -3.082275 5.00 5.00 5.0 5.0 0.736 0.538 3668 2917 1.3386 1.1812 -1.0157 0.1044 -0.0061 -0.111418 1.852062 11.93 
0.222 4 -9.100761 0.884663 2.232036 0.122070 -7.171631 -3.509521 5.00 5.00 5.0 5.0 0.569 0.515 3671 2920 1.3848 1.2169 -1.0831 0.1056 -0.0062 -0.111418 1.852127 11.95 
0.223 4 -9.083980 0.879868 2.301562 0.091553 -9.185791 -3.906250 5.00 5.00 5.0 5.0 0.474 0.507 3674 2923 1.3386 1.2169 -0.7851 0.1070 -0.0064 -0.114009 1.852233 11.95 
0.224 4 -9.086377 0.848701 2.332729 -0.030518 -11.474609 -3.906250 5.00 5.00 5.0 5.0 0.480 0.540 3677 2926 1.4342 1.2551 -1.1556 0.1082 -0.0065 -0.114009 1.852381 11.95 
0.225 4 -9.165493 0.829521 2.462192 -0.030518 -13.214111 -3.967285 5.00 5.00 5.0 5.0 0.447 0.706 3681 2930 1.4342 1.2952 -0.8965 0.1094 -0.0067 -0.114009 1.852572 11.97 
0.226 4 -9.036030 0.858291 2.450205 0.122070 -14.190674 -3.906250 5.00 5.00 5.0 5.0 0.450 0.700 3684 2933 1.3848 1.3386 -0.2980 0.1106 -0.0068 -0.114009 1.852793 11.97 
0.227 4 -9.069594 0.865483 2.570078 -0.305176 -15.380859 -3.631592 5.00 5.00 5.0 5.0 0.618 0.480 3688 2936 1.4342 1.2952 -0.8965 0.1120 -0.0070 -0.116600 1.853039 11.98 
0.228 4 -9.067197 0.800752 2.579668 0.152588 -16.448975 -3.570557 5.00 5.00 5.0 5.0 0.608 0.443 3691 2939 1.4872 1.2551 -1.4977 0.1134 -0.0071 -0.119192 1.853311 11.97 
0.229 4 -9.067197 0.793560 2.658784 0.701904 -17.333984 -3.479004 5.00 5.00 5.0 5.0 0.533 0.456 3695 2942 1.5446 1.3848 -1.0313 0.1148 -0.0073 -0.116600 1.853604 11.97 
0.230 4 -9.088774 0.819932 2.567681 1.342773 -17.211914 -3.204346 5.00 5.00 5.0 5.0 0.444 0.417 3698 2946 1.4872 1.3386 -0.9587 0.1162 -0.0075 -0.119192 1.853903 11.99 
0.231 4 -8.901772 0.819932 2.781054 0.976562 -16.052246 -2.563477 5.00 5.00 5.0 5.0 0.370 0.464 3702 2949 1.4872 1.3848 -0.6607 0.1173 -0.0076 -0.119192 1.854199 12.00 
0.232 4 -8.813066 0.769585 2.893735 0.457764 -14.221191 -2.227783 5.00 5.00 5.0 5.0 0.469 0.589 3706 2952 1.5446 1.3848 -1.0313 0.1189 -0.0078 -0.119192 1.854490 12.00 
0.233 4 -8.697988 0.851099 2.814619 0.549316 -10.894775 -1.617432 5.00 5.00 5.0 5.0 0.578 0.640 3709 2956 1.4872 1.3848 -0.6607 0.1201 -0.0079 -0.119192 1.854740 12.00 
0.234 4 -8.784297 0.776777 2.917710 0.701904 -7.354736 -0.823975 5.00 5.00 5.0 5.0 0.371 0.416 3713 2959 1.5446 1.4342 -0.7126 0.1215 -0.0081 -0.121783 1.854932 11.99 
0.235 4 -8.841836 0.692866 2.975249 0.976562 -4.302979 0.762939 5.00 5.00 5.0 5.0 0.332 0.347 3717 2962 1.5446 1.4342 -0.7126 0.1231 -0.0083 -0.121783 1.855072 12.00 
0.236 4 -8.822656 0.748008 3.315688 -0.366211 -0.915527 2.410889 5.00 5.00 5.0 5.0 0.367 0.385 3720 2966 1.5446 1.4342 -0.7126 0.1245 -0.0085 -0.124374 1.855176 12.00 
0.237 4 -8.853823 0.716841 3.051968 1.037598 8.209229 1.770020 5.00 5.00 5.0 5.0 0.444 0.378 3724 2969 1.6065 1.4342 -1.1116 0.1259 -0.0086 -0.121783 1.855173 12.01 
0.238 4 -9.412432 0.568198 3.423574 2.136230 14.312744 2.319336 5.00 5.00 5.0 5.0 0.503 0.358 3728 2973 1.6065 1.4872 -0.7696 0.1273 -0.0088 -0.124374 1.855033 12.01 
0.239 4 -9.587446 0.498672 3.027993 2.685547 12.115479 4.760742 5.00 5.00 5.0 5.0 0.408 0.386 3732 2976 1.6065 1.4872 -0.7696 0.1289 -0.0090 -0.124374 1.854845 12.01 
0.240 4 -9.256597 0.479492 2.325537 6.683350 14.434814 6.652832 5.00 5.00 5.0 5.0 0.340 0.446 3735 2980 1.6065 1.4872 -0.7696 0.1305 -0.0092 -0.124374 1.854606 12.02 
0.241 4 -8.877797 0.738418 2.709131 5.950928 17.852783 8.117676 5.00 5.00 5.0 5.0 0.310 0.599 3739 2984 1.6732 1.4872 -1.1997 0.1319 -0.0094 -0.126965 1.854311 12.04 
0.242 4 -8.343163 0.954189 2.944082 3.479004 22.796631 9.338379 5.00 5.00 5.0 5.0 0.322 0.580 3743 2987 1.6732 1.4872 -1.1997 0.1335 -0.0096 -0.126965 1.853991 12.01 
0.243 4 -9.184672 0.683276 3.016006 0.885010 20.477295 12.603760 5.00 5.00 5.0 5.0 0.489 0.356 3747 2991 1.6732 1.5446 -0.8292 0.1349 -0.0098 -0.129556 1.853659 12.02 
0.244 4 -9.141519 0.539429 2.375884 3.082275 18.981934 15.045166 5.00 5.00 5.0 5.0 0.313 0.271 3751 2995 1.6732 1.5446 -0.8292 0.1363 -0.0100 -0.126965 1.853317 12.03 
0.245 4 -8.899375 0.652109 2.143330 4.150391 18.981934 16.998291 5.00 5.00 5.0 5.0 0.317 0.319 3755 2998 1.6732 1.5446 -0.8292 0.1379 -0.0102 -0.126965 1.852949 12.03 
0.246 4 -8.709975 0.738418 2.709131 2.563477 19.592285 18.554688 5.00 5.00 5.0 5.0 0.316 0.341 3759 3002 1.6732 1.5446 -0.8292 0.1393 -0.0103 -0.129556 1.852599 12.03 
0.247 4 -8.923349 0.695264 2.582065 2.227783 20.019531 20.202637 5.00 5.00 5.0 5.0 0.405 0.331 3763 3006 1.6732 1.5446 -0.8292 0.1409 -0.0105 -0.129556 1.852264 12.04 
0.248 4 -9.354893 0.553813 2.601245 3.143311 16.387939 23.162842 5.00 5.00 5.0 5.0 0.546 0.338 3767 3009 1.7459 1.5446 -1.2982 0.1427 -0.0108 -0.132147 1.851941 12.04 
0.249 4 -9.450790 0.522646 2.529321 3.601074 11.657715 26.275635 5.00 5.00 5.0 5.0 0.327 0.369 3771 3013 1.7459 1.5446 -1.2982 0.1440 -0.0110 -0.134738 1.851682 12.03 
0.250 4 -9.026441 0.781572 2.848183 2.685547 9.338379 28.625488 5.00 5.00 5.0 5.0 0.302 0.531 3775 3017 1.7459 1.5446 -1.2982 0.1456 -0.0112 -0.134738 1.851501 12.05 
0.251 4 -8.793886 0.858291 2.817017 1.770020 11.138916 29.724121 5.00 5.00 5.0 5.0 0.264 0.512 3779 3021 1.6732 1.5446 -0.8292 0.1472 -0.0114 -0.134738 1.851350 12.04 
0.252 4 -8.928144 0.822329 2.766670 0.823975 12.451172 31.372070 5.00 5.00 5.0 5.0 0.321 0.329 3784 3024 1.7459 1.6065 -0.8991 0.1488 -0.0116 -0.134738 1.851169 12.03 
0.253 4 -9.223032 0.692866 2.939287 0.000000 10.528564 33.294678 5.00 5.00 5.0 5.0 0.479 0.287 3788 3028 1.7459 1.6732 -0.4690 0.1504 -0.0118 -0.134738 1.850992 12.04 
0.254 4 -9.450790 0.738418 2.795439 -0.091553 8.453369 35.064697 5.00 5.00 5.0 5.0 0.327 0.317 3792 3032 1.8254 1.6065 -1.4122 0.1518 -0.0120 -0.137329 1.850844 12.03 
0.255 4 -9.333315 0.906240 2.764272 0.701904 8.850098 35.705566 5.00 5.00 5.0 5.0 0.269 0.318 3796 3036 1.7459 1.5446 -1.2982 0.1534 -0.0122 -0.137329 1.850701 12.04 
0.256 4 -9.369277 0.908638 2.860171 1.556396 10.284424 35.339355 5.00 5.00 5.0 5.0 0.260 0.270 3800 3040 1.7459 1.6065 -0.8991 0.1550 -0.0125 -0.137329 1.850547 12.05 
0.257 4 -9.489150 0.999741 2.613232 1.617432 9.918213 34.942627 5.00 5.00 5.0 5.0 0.409 0.243 3804 3044 1.7459 1.6065 -0.8991 0.1568 -0.0127 -0.139921 1.850373 12.04 
0.258 4 -9.894321 0.877471 2.524526 2.044678 5.706787 34.881592 5.00 5.00 5.0 5.0 0.550 0.302 3809 3047 1.7459 1.6065 -0.8991 0.1584 -0.0129 -0.139921 1.850217 12.05 
0.259 4 -9.714512 0.956587 2.301562 3.173828 1.770020 34.515381 5.00 5.00 5.0 5.0 0.276 0.475 3813 3051 1.7459 1.6065 -0.8991 0.1598 -0.0131 -0.142512 1.850113 12.06 
0.260 4 -9.472368 1.193936 2.402256 2.716064 -0.579834 33.355713 5.00 5.00 5.0 5.0 0.290 0.455 3817 3055 1.7459 1.6065 -0.8991 0.1614 -0.0134 -0.142512 1.850064 12.04 
0.261 4 -9.333315 1.251475 2.531719 0.762939 -3.112793 31.463623 5.00 5.00 5.0 5.0 0.267 0.367 3821 3059 1.8254 1.6732 -0.9820 0.1631 -0.0136 -0.145103 1.850074 12.05 
0.262 4 -9.431611 1.234692 2.145727 0.457764 -6.134033 29.052734 5.00 5.00 5.0 5.0 0.413 0.300 3825 3063 1.8254 1.6065 -1.4122 0.1647 -0.0139 -0.145103 1.850119 12.06 
0.263 4 -9.582651 1.220308 2.155317 1.464844 -9.399414 26.580811 5.00 5.00 5.0 5.0 0.420 0.295 3830 3067 1.8254 1.6065 -1.4122 0.1663 -0.0141 -0.145103 1.850198 12.05 
0.264 4 -9.395649 1.273052 2.287178 1.464844 -10.833740 23.132324 5.00 5.00 5.0 5.0 0.307 0.303 3834 3071 1.8254 1.6732 -0.9820 0.1679 -0.0143 -0.145103 1.850325 12.04 
0.265 4 -9.201455 1.397720 2.375884 0.885010 -10.406494 19.561768 5.00 5.00 5.0 5.0 0.228 0.241 3838 3075 1.8254 1.6732 -0.9820 0.1697 -0.0146 -0.147694 1.850477 12.05 
0.266 4 -9.014453 1.424092 2.380679 0.671387 -8.697510 14.587402 5.00 5.00 5.0 5.0 0.271 0.226 3843 3079 1.8254 1.7459 -0.5130 0.1713 -0.0148 -0.147694 1.850619 12.05 
0.267 4 -9.098364 1.414502 2.308755 1.007080 -7.324219 10.101318 5.00 5.00 5.0 5.0 0.239 0.322 3847 3083 1.8254 1.7459 -0.5130 0.1729 -0.0151 -0.147694 1.850732 12.06 
0.268 4 -9.117543 1.443271 2.419038 1.007080 -6.683350 5.584717 5.00 5.00 5.0 5.0 0.221 0.390 3851 3087 1.9121 1.7459 -1.0727 0.1747 -0.0153 -0.150285 1.850829 12.05 
0.269 4 -9.115147 1.378540 2.375884 0.457764 -6.408691 1.495361 5.00 5.00 5.0 5.0 0.218 0.377 3856 3091 1.8254 1.6732 -0.9820 0.1763 -0.0156 -0.150285 1.850920 12.07 
0.270 4 -9.040825 1.380937 2.291973 0.030518 -5.706787 -2.716064 5.00 5.00 5.0 5.0 0.387 0.486 3860 3095 1.8254 1.6732 -0.9820 0.1778 -0.0158 -0.150285 1.850997 12.06 
0.271 4 -9.081582 1.383335 2.315947 -0.274658 -5.432129 -6.500244 5.00 5.00 5.0 5.0 0.443 0.475 3864 3098 1.7459 1.6732 -0.4690 0.1796 -0.0161 -0.152876 1.851063 12.07 
0.272 4 -9.141519 1.313809 2.392666 -0.946045 -6.011963 -9.918213 5.00 5.00 5.0 5.0 0.257 0.268 3869 3102 1.9121 1.6732 -1.5417 0.1812 -0.0163 -0.152876 1.851135 12.06 
0.273 4 -9.247006 1.280244 2.510142 -1.129150 -6.622314 -12.878418 5.00 5.00 5.0 5.0 0.201 0.261 3873 3106 1.8254 1.6732 -0.9820 0.1830 -0.0166 -0.155467 1.851226 12.07 
0.274 4 -9.342905 1.160371 2.603642 -0.885010 -6.256104 -15.197754 5.00 5.00 5.0 5.0 0.318 0.238 3878 3110 1.8254 1.6732 -0.9820 0.1846 -0.0168 -0.155467 1.851326 12.07 
0.275 4 -9.357289 1.179551 2.793042 -1.190186 -5.187988 -17.211914 5.00 5.00 5.0 5.0 0.240 0.223 3882 3114 1.9121 1.6732 -1.5417 0.1862 -0.0171 -0.155467 1.851426 12.07 
0.276 4 -9.314136 1.193936 2.850581 -1.434326 -3.509521 -19.134521 5.00 5.00 5.0 5.0 0.187 0.261 3887 3118 1.9121 1.6732 -1.5417 0.1880 -0.0174 -0.158059 1.851515 12.07 
0.277 4 -9.438804 1.165166 2.809824 -1.342773 -1.464844 -20.416260 5.00 5.00 5.0 5.0 0.198 0.260 3891 3123 1.9121 1.6732 -1.5417 0.1895 -0.0176 -0.158059 1.851571 12.06 
0.278 4 -9.465176 1.076460 2.886543 -1.129150 0.518799 -21.179199 5.00 5.00 5.0 5.0 0.355 0.277 3895 3127 1.9121 1.7459 -1.0727 0.1913 -0.0179 -0.160650 1.851591 12.07 
0.279 4 -9.398046 1.081255 2.884145 -0.976562 2.838135 -21.606445 5.00 5.00 5.0 5.0 0.287 0.299 3900 3131 1.9121 1.7459 -1.0727 0.1929 -0.0182 -0.160650 1.851578 12.06 
0.280 4 -9.412432 1.066870 2.886543 -1.037598 5.096436 -21.606445 5.00 5.00 5.0 5.0 0.181 0.382 3904 3135 1.8254 1.7459 -0.5130 0.1945 -0.0184 -0.160650 1.851525 12.06 
0.281 4 -9.498740 0.927817 2.900928 -0.793457 6.408691 -21.179199 5.00 5.00 5.0 5.0 0.224 0.489 3909 3139 1.8254 1.6732 -0.9820 0.1963 -0.0187 -0.163241 1.851441 12.07 
0.282 4 -9.527510 0.867881 2.917710 -0.640869 6.164551 -20.294189 5.00 5.00 5.0 5.0 0.396 0.422 3913 3143 1.8254 1.6732 -0.9820 0.1979 -0.0190 -0.163241 1.851348 12.07 
0.283 4 -9.527510 0.846304 2.896133 -0.762939 5.218506 -19.012451 5.00 5.00 5.0 5.0 0.262 0.235 3918 3147 1.9121 1.6732 -1.5417 0.1997 -0.0193 -0.165832 1.851264 12.07 
0.284 4 -9.501138 0.805547 2.922505 -1.068115 4.516602 -17.425537 5.00 5.00 5.0 5.0 0.193 0.216 3922 3151 1.9121 1.6732 -1.5417 0.2012 -0.0195 -0.165832 1.851195 12.05 
0.285 4 -9.491548 0.793560 2.939287 -1.037598 3.601074 -15.960693 5.00 5.00 5.0 5.0 0.250 0.276 3927 3155 1.9121 1.7459 -1.0727 0.2030 -0.0198 -0.168423 1.851144 12.07 
0.286 4 -9.484355 0.834316 2.888940 -1.190186 2.410889 -14.373779 5.00 5.00 5.0 5.0 0.229 0.245 3931 3159 1.9121 1.6732 -1.5417 0.2046 -0.0201 -0.168423 1.851109 12.06 
0.287 4 -9.426816 0.851099 2.855376 -1.129150 1.342773 -12.786865 5.00 5.00 5.0 5.0 0.151 0.199 3936 3163 1.9121 1.6732 -1.5417 0.2064 -0.0204 -0.171014 1.851091 12.07 
0.288 4 -9.321328 0.882266 2.920107 -1.342773 1.251221 -11.627197 5.00 5.00 5.0 5.0 0.143 0.218 3940 3167 1.9121 1.6732 -1.5417 0.2080 -0.0207 -0.171014 1.851087 12.06 
0.289 4 -9.110352 0.908638 2.778657 -1.586914 1.770020 -10.833740 5.00 5.00 5.0 5.0 0.330 0.259 3945 3172 1.9121 1.8254 -0.5597 0.2099 -0.0210 -0.171014 1.851080 12.07 
0.290 4 -9.177480 0.956587 2.725913 -1.739502 2.624512 -10.009766 5.00 5.00 5.0 5.0 0.416 0.416 3949 3175 1.9121 1.7459 -1.0727 0.2115 -0.0213 -0.171014 1.851054 12.07 
0.291 4 -9.206249 0.942202 2.663579 -1.464844 3.448486 -9.735107 5.00 5.00 5.0 5.0 0.241 0.378 3954 3180 1.9121 1.7459 -1.0727 0.2133 -0.0216 -0.173605 1.851005 12.07 
0.292 4 -9.189467 0.899048 2.716323 -1.373291 3.295898 -9.277344 5.00 5.00 5.0 5.0 0.179 0.429 3958 3184 1.9121 1.7459 -1.0727 0.2149 -0.0219 -0.173605 1.850951 12.07 
0.293 4 -9.352495 0.908638 2.737900 -1.190186 2.838135 -8.666992 5.00 5.00 5.0 5.0 0.238 0.343 3963 3188 1.9121 1.7459 -1.0727 0.2167 -0.0222 -0.176196 1.850903 12.07 
0.294 4 -9.357289 0.870278 2.761875 -0.946045 1.983643 -7.965088 5.00 5.00 5.0 5.0 0.187 0.207 3967 3192 1.9121 1.7459 -1.0727 0.2185 -0.0225 -0.178788 1.850867 12.07 
0.295 4 -9.287764 0.908638 2.723516 -1.007080 1.556396 -7.385254 5.00 5.00 5.0 5.0 0.179 0.175 3972 3196 1.9121 1.7459 -1.0727 0.2200 -0.0228 -0.178788 1.850842 12.07 
0.296 4 -9.357289 0.899048 2.785850 -1.403809 1.281738 -6.988525 5.00 5.00 5.0 5.0 0.146 0.234 3977 3200 1.9121 1.7459 -1.0727 0.2220 -0.0232 -0.178788 1.850824 12.07 
0.297 4 -9.297353 0.827124 2.613232 -1.831055 1.129150 -6.408691 5.00 5.00 5.0 5.0 0.363 0.185 3981 3204 1.8254 1.6732 -0.9820 0.2236 -0.0235 -0.178788 1.850805 12.08 
0.298 4 -9.184672 0.956587 2.512539 -2.044678 1.312256 -6.256104 5.00 5.00 5.0 5.0 0.325 0.157 3986 3208 1.9121 1.7459 -1.0727 0.2254 -0.0238 -0.181379 1.850774 12.08 
0.299 4 -9.155903 0.999741 2.457397 -1.922607 2.166748 -6.835938 5.00 5.00 5.0 5.0 0.197 0.146 3990 3213 1.9121 1.7459 -1.0727 0.2269 -0.0241 -0.181379 1.850729 12.09 
0.300 4 -9.119941 1.098037 2.584463 -1.678467 3.356934 -7.751465 5.00 5.00 5.0 5.0 0.215 0.293 3995 3217 1.9121 1.7459 -1.0727 0.2287 -0.0244 -0.183970 1.850670 12.09 
0.301 4 -9.076787 1.011729 2.383076 -1.037598 4.547119 -8.941650 5.00 5.00 5.0 5.0 0.358 0.421 3999 3221 1.9121 1.8254 -0.5597 0.2305 -0.0247 -0.186561 1.850587 12.08 
0.302 4 -9.048018 1.035703 2.380679 -0.671387 5.279541 -10.070801 5.00 5.00 5.0 5.0 0.203 0.390 4004 3225 1.9121 1.7459 -1.0727 0.2321 -0.0250 -0.186561 1.850479 12.08 
0.303 4 -9.064799 1.014126 2.481372 -0.518799 5.310059 -11.260986 5.00 5.00 5.0 5.0 0.219 0.321 4008 3229 1.9121 1.8254 -0.5597 0.2341 -0.0254 -0.186561 1.850369 12.08 
0.304 4 -9.024043 1.018921 2.447808 -0.579834 5.035400 -12.054443 5.00 5.00 5.0 5.0 0.212 0.274 4013 3234 1.9121 1.7459 -1.0727 0.2356 -0.0257 -0.186561 1.850265 12.07 
0.305 4 -9.067197 0.920625 2.606040 -0.915527 4.486084 -12.878418 5.00 5.00 5.0 5.0 0.154 0.205 4018 3238 1.9121 1.7459 -1.0727 0.2374 -0.0260 -0.189152 1.850175 12.07 
0.306 4 -9.146314 0.970972 2.558091 -1.037598 4.333496 -13.275146 5.00 5.00 5.0 5.0 0.135 0.169 4022 3242 1.9121 1.7459 -1.0727 0.2390 -0.0263 -0.189152 1.850095 12.08 
0.307 4 -9.067197 0.901445 2.642002 -1.556396 4.302979 -13.702393 5.00 5.00 5.0 5.0 0.150 0.196 4027 3246 1.9121 1.7459 -1.0727 0.2408 -0.0267 -0.191743 1.850019 12.08 
0.308 4 -9.048018 0.891855 2.644399 -2.014160 4.425049 -13.916016 5.00 5.00 5.0 5.0 0.356 0.201 4031 3250 2.0081 1.7459 -1.6920 0.2425 -0.0270 -0.194334 1.849947 12.08 
0.309 4 -9.107954 0.867881 2.646797 -2.136230 4.516602 -14.068604 5.00 5.00 5.0 5.0 0.319 0.230 4036 3254 1.9121 1.7459 -1.0727 0.2443 -0.0274 -0.191743 1.849873 12.08 
0.310 4 -9.100761 0.899048 2.560488 -1.739502 4.669189 -14.343262 5.00 5.00 5.0 5.0 0.226 0.309 4041 3258 1.9121 1.7459 -1.0727 0.2461 -0.0277 -0.194334 1.849793 12.09 
0.311 4 -9.165493 0.901445 2.512539 -1.342773 4.913330 -14.343262 5.00 5.00 5.0 5.0 0.173 0.386 4045 3263 1.9121 1.7459 -1.0727 0.2477 -0.0280 -0.194334 1.849701 12.07 
0.312 4 -9.184672 0.894253 2.452602 -0.976562 4.669189 -14.709473 5.00 5.00 5.0 5.0 0.283 0.418 4050 3267 2.0081 1.7459 -1.6920 0.2494 -0.0284 -0.196926 1.849603 12.08 
0.313 4 -9.177480 0.872676 2.390269 -0.671387 4.180908 -14.434814 5.00 5.00 5.0 5.0 0.154 0.344 4055 3271 2.0081 1.8254 -1.1790 0.2512 -0.0287 -0.199517 1.849504 12.09 
0.314 4 -9.067197 0.879868 2.474180 -0.457764 3.356934 -14.038086 5.00 5.00 5.0 5.0 0.167 0.181 4059 3275 1.9121 1.7459 -1.0727 0.2528 -0.0291 -0.199517 1.849420 12.08 
0.315 4 -9.122338 0.903843 2.524526 -0.671387 2.319336 -13.671875 5.00 5.00 5.0 5.0 0.167 0.124 4064 3279 2.0081 1.7459 -1.6920 0.2547 -0.0295 -0.199517 1.849360 12.08 
0.316 4 -9.088774 0.841509 2.665977 -1.068115 1.678467 -13.366699 5.00 5.00 5.0 5.0 0.319 0.201 4068 3284 1.9121 1.7459 -1.0727 0.2563 -0.0298 -0.199517 1.849325 12.08 
0.317 4 -9.160698 0.867881 2.632412 -1.525879 1.251221 -12.603760 5.00 5.00 5.0 5.0 0.406 0.203 4073 3288 2.0081 1.7459 -1.6920 0.2581 -0.0301 -0.202108 1.849303 12.08 
0.318 4 -9.163095 0.805547 2.677964 -1.586914 0.762939 -11.505127 5.00 5.00 5.0 5.0 0.207 0.172 4078 3292 2.0081 1.7459 -1.6920 0.2599 -0.0305 -0.204699 1.849289 12.09 
0.319 4 -9.172686 0.752803 2.634809 -1.434326 0.854492 -10.925293 5.00 5.00 5.0 5.0 0.203 0.217 4082 3296 2.0081 1.7459 -1.6920 0.2614 -0.0308 -0.204699 1.849278 12.07 
0.320 4 -9.201455 0.764790 2.697144 -1.098633 1.129150 -10.070801 5.00 5.00 5.0 5.0 0.195 0.272 4087 3300 2.0081 1.7459 -1.6920 0.2634 -0.0312 -0.204699 1.849265 12.09 
0.321 4 -9.112749 0.815137 2.689951 -0.976562 1.617432 -9.552002 5.00 5.00 5.0 5.0 0.219 0.435 4092 3305 2.0081 1.7459 -1.6920 0.2652 -0.0316 -0.207290 1.849249 12.08 
0.322 4 -9.122338 0.793560 2.642002 -0.976562 1.770020 -8.941650 5.00 5.00 5.0 5.0 0.136 0.404 4096 3309 2.0081 1.7459 -1.6920 0.2667 -0.0319 -0.207290 1.849225 12.09 
0.323 4 -9.086377 0.815137 2.517334 -0.793457 0.915527 -8.392334 5.00 5.00 5.0 5.0 0.110 0.228 4101 3313 2.0081 1.7459 -1.6920 0.2685 -0.0323 -0.209881 1.849199 12.08 
0.324 4 -9.086377 0.843906 2.356704 -0.427246 -0.305176 -7.934570 5.00 5.00 5.0 5.0 0.324 0.154 4106 3317 2.0081 1.8254 -1.1790 0.2705 -0.0327 -0.209881 1.849177 12.08 
0.325 4 -9.095966 0.824727 2.375884 -0.488281 -1.464844 -7.263184 5.00 5.00 5.0 5.0 0.176 0.209 4110 3322 2.0081 1.8254 -1.1790 0.2720 -0.0331 -0.209881 1.849169 12.08 
0.326 4 -8.997670 0.858291 2.383076 -0.549316 -2.624512 -6.896973 5.00 5.00 5.0 5.0 0.133 0.216 4115 3326 1.9121 1.8254 -0.5597 0.2738 -0.0334 -0.212472 1.849184 12.09 
0.327 4 -8.997670 0.891855 2.426230 -0.610352 -3.814697 -6.591797 5.00 5.00 5.0 5.0 0.282 0.236 4119 3330 2.0081 1.7459 -1.6920 0.2756 -0.0338 -0.215063 1.849223 12.09 
0.328 4 -8.935337 0.819932 2.562886 -0.671387 -4.638672 -6.378174 5.00 5.00 5.0 5.0 0.285 0.330 4124 3334 2.0081 1.7459 -1.6920 0.2771 -0.0342 -0.215063 1.849289 12.08 
0.329 4 -8.935337 0.896650 2.668374 -0.946045 -4.669189 -5.859375 5.00 5.00 5.0 5.0 0.178 0.328 4129 3338 1.9121 1.7459 -1.0727 0.2791 -0.0346 -0.215063 1.849377 12.08 
0.330 4 -8.877797 0.851099 2.709131 -0.946045 -4.119873 -5.249023 5.00 5.00 5.0 5.0 0.318 0.353 4133 3343 2.0081 1.7459 -1.6920 0.2809 -0.0350 -0.217655 1.849468 12.08 
0.331 4 -8.923349 0.831919 2.711528 -0.976562 -2.685547 -4.852295 5.00 5.00 5.0 5.0 0.314 0.314 4138 3347 2.0081 1.7459 -1.6920 0.2824 -0.0353 -0.217655 1.849544 12.08 
0.332 4 -8.932940 0.865483 2.697144 -0.885010 -0.885010 -4.486084 5.00 5.00 5.0 5.0 0.209 0.181 4143 3351 2.0081 1.7459 -1.6920 0.2842 -0.0357 -0.220246 1.849591 12.08 
0.333 4 -9.002465 0.884663 2.601245 -0.488281 0.946045 -4.150391 5.00 5.00 5.0 5.0 0.230 0.158 4147 3355 2.0081 1.7459 -1.6920 0.2860 -0.0361 -0.222837 1.849598 12.09 
0.334 4 -9.050415 0.865483 2.519731 -0.213623 2.227783 -3.570557 5.00 5.00 5.0 5.0 0.356 0.154 4152 3359 2.0081 1.6065 -2.5911 0.2877 -0.0365 -0.220246 1.849568 12.09 
0.335 4 -9.079185 0.855894 2.493359 0.091553 1.953125 -2.990723 5.00 5.00 5.0 5.0 0.184 0.150 4157 3364 1.9121 1.8254 -0.5597 0.2895 -0.0369 -0.222837 1.849523 12.09 
0.336 4 -9.105556 0.841509 2.469385 0.579834 1.037598 -2.288818 5.00 5.00 5.0 5.0 0.139 0.218 4161 3368 2.0081 1.7459 -1.6920 0.2913 -0.0373 -0.225428 1.849484 12.09 
0.337 4 -9.016850 0.824727 2.433423 0.946045 -0.457764 -1.373291 5.00 5.00 5.0 5.0 0.280 0.264 4166 3372 2.0081 1.7459 -1.6920 0.2928 -0.0377 -0.225428 1.849465 12.09 
0.338 4 -9.031235 0.815137 2.392666 0.457764 -2.136230 -0.762939 5.00 5.00 5.0 5.0 0.200 0.326 4171 3376 2.0081 1.8254 -1.1790 0.2948 -0.0381 -0.225428 1.849470 12.08 
0.339 4 -8.968901 0.841509 2.447808 0.091553 -3.845215 -0.213623 5.00 5.00 5.0 5.0 0.173 0.435 4175 3381 2.0081 1.8254 -1.1790 0.2965 -0.0385 -0.228019 1.849506 12.08 
0.340 4 -8.904170 0.733623 2.538911 -0.030518 -4.943848 0.549316 5.00 5.00 5.0 5.0 0.184 0.385 4180 3385 1.9121 1.8254 -0.5597 0.2981 -0.0389 -0.228019 1.849576 12.08 
0.341 4 -8.899375 0.846304 2.579668 -0.122070 -4.791260 1.281738 5.00 5.00 5.0 5.0 0.171 0.317 4185 3389 2.0081 1.8254 -1.1790 0.2999 -0.0393 -0.230610 1.849662 12.09 
0.342 4 -8.844234 0.870278 2.642002 -0.274658 -3.784180 1.892090 5.00 5.00 5.0 5.0 0.160 0.318 4189 3393 2.0081 1.8254 -1.1790 0.3016 -0.0397 -0.233201 1.849744 12.09 
0.343 4 -8.882592 0.755200 2.699541 -0.335693 -2.410889 2.502441 5.00 5.00 5.0 5.0 0.144 0.197 4194 3397 2.0081 1.7459 -1.6920 0.3034 -0.0401 -0.230610 1.849812 12.09 
0.344 4 -8.985683 0.759995 2.728310 0.000000 -0.152588 3.540039 5.00 5.00 5.0 5.0 0.291 0.157 4199 3402 2.0081 1.7459 -1.6920 0.3051 -0.0406 -0.233201 1.849850 12.09 
0.345 4 -9.057607 0.736021 2.692348 0.549316 1.342773 4.486084 5.00 5.00 5.0 5.0 0.195 0.149 4203 3406 1.9121 1.7459 -1.0727 0.3069 -0.0410 -0.235793 1.849852 12.09 
0.346 4 -9.165493 0.721636 2.752285 1.098633 1.861572 5.767822 5.00 5.00 5.0 5.0 0.142 0.172 4208 3410 2.0081 1.7459 -1.6920 0.3085 -0.0413 -0.235793 1.849836 12.08 
0.347 4 -9.297353 0.769585 2.697144 1.586914 1.861572 7.354736 5.00 5.00 5.0 5.0 0.348 0.234 4213 3414 1.9121 1.8254 -0.5597 0.3104 -0.0418 -0.235793 1.849811 12.09 
0.348 4 -9.230225 0.767187 2.697144 1.525879 0.854492 8.880615 5.00 5.00 5.0 5.0 0.317 0.233 4218 3419 2.0081 1.8254 -1.1790 0.3122 -0.0422 -0.238384 1.849792 12.09 
0.349 4 -9.153505 0.738418 2.711528 0.885010 -0.701904 10.345459 5.00 5.00 5.0 5.0 0.188 0.285 4222 3423 2.0081 1.8254 -1.1790 0.3137 -0.0426 -0.238384 1.849798 12.07 
0.350 4 -9.091171 0.793560 2.694746 0.518799 -2.105713 11.566162 5.00 5.00 5.0 5.0 0.175 0.402 4227 3427 2.0081 1.7459 -1.6920 0.3155 -0.0430 -0.240975 1.849831 12.08 
0.351 4 -9.009658 0.846304 2.651592 0.152588 -2.624512 12.359619 5.00 5.00 5.0 5.0 0.229 0.270 4232 3432 2.0081 1.6732 -2.1610 0.3174 -0.0435 -0.240975 1.849880 12.10 
0.352 4 -9.012055 0.870278 2.663579 0.061035 -2.807617 12.847900 5.00 5.00 5.0 5.0 0.164 0.243 4236 3436 2.0081 1.7459 -1.6920 0.3190 -0.0439 -0.240975 1.849936 12.08 
0.353 4 -8.997670 0.875073 2.603642 0.122070 -2.075195 13.000488 5.00 5.00 5.0 5.0 0.187 0.241 4241 3440 2.0081 1.7459 -1.6920 0.3208 -0.0443 -0.243566 1.849983 12.08 
0.354 4 -9.076787 0.882266 2.639604 0.427246 -0.946045 12.878418 5.00 5.00 5.0 5.0 0.115 0.203 4246 3444 2.0081 1.7459 -1.6920 0.3225 -0.0448 -0.246157 1.850013 12.08 
0.355 4 -9.105556 0.865483 2.572475 0.915527 0.885010 12.847900 5.00 5.00 5.0 5.0 0.281 0.192 4250 3448 2.0081 1.7459 -1.6920 0.3241 -0.0452 -0.246157 1.850014 12.09 
0.356 4 -9.160698 0.911035 2.675566 1.251221 2.044678 12.969971 5.00 5.00 5.0 5.0 0.146 0.116 4255 3452 2.0081 1.7459 -1.6920 0.3260 -0.0457 -0.246157 1.849989 12.10 
0.357 4 -9.225430 0.906240 2.670771 1.770020 2.532959 13.244629 5.00 5.00 5.0 5.0 0.107 0.177 4259 3457 1.9121 1.7459 -1.0727 0.3278 -0.0461 -0.248748 1.849953 12.08 
0.358 4 -9.223032 0.884663 2.675566 2.105713 2.227783 13.519287 5.00 5.00 5.0 5.0 0.301 0.219 4264 3461 2.0081 1.8254 -1.1790 0.3293 -0.0465 -0.248748 1.849914 12.09 
0.359 4 -9.163095 0.946997 2.675566 1.770020 1.464844 13.671875 5.00 5.00 5.0 5.0 0.282 0.295 4269 3465 1.9121 1.7459 -1.0727 0.3311 -0.0469 -0.251339 1.849886 12.08 
0.360 4 -9.206249 0.906240 2.577271 1.403809 0.671387 13.580322 5.00 5.00 5.0 5.0 0.179 0.272 4274 3470 2.0081 1.8254 -1.1790 0.3330 -0.0474 -0.251339 1.849867 12.08 
0.361 4 -9.143916 0.923022 2.596450 0.701904 -0.061035 13.366699 5.00 5.00 5.0 5.0 0.187 0.454 4278 3474 2.0081 1.7459 -1.6920 0.3346 -0.0478 -0.251339 1.849857 12.08 
0.362 4 -9.064799 0.968574 2.577271 0.183105 -0.579834 12.603760 5.00 5.00 5.0 5.0 0.366 0.413 4283 3478 2.0081 1.7459 -1.6920 0.3363 -0.0483 -0.253930 1.849860 12.08 
0.363 4 -9.100761 0.980561 2.546103 0.030518 -0.946045 11.871338 5.00 5.00 5.0 5.0 0.158 0.280 4288 3482 2.0081 1.7459 -1.6920 0.3381 -0.0488 -0.256522 1.849869 12.08 
0.364 4 -9.115147 1.002139 2.455000 0.274658 -0.732422 10.955811 5.00 5.00 5.0 5.0 0.139 0.262 4292 3486 2.0081 1.7459 -1.6920 0.3398 -0.0492 -0.253930 1.849873 12.08 
0.365 4 -9.083980 0.973369 2.414243 0.793457 0.122070 9.704590 5.00 5.00 5.0 5.0 0.221 0.214 4297 3491 1.9121 1.8254 -0.5597 0.3416 -0.0497 -0.256522 1.849861 12.08 
0.366 4 -9.151108 0.961382 2.500552 0.823975 0.823975 8.605957 5.00 5.00 5.0 5.0 0.194 0.131 4302 3495 2.0081 1.8254 -1.1790 0.3433 -0.0501 -0.259113 1.849837 12.09 
0.367 4 -9.282969 0.918227 2.596450 0.976562 1.495361 8.026123 5.00 5.00 5.0 5.0 0.136 0.162 4306 3499 1.8254 1.7459 -0.5130 0.3449 -0.0505 -0.259113 1.849807 12.09 
0.368 4 -9.345303 0.937407 2.591655 1.251221 1.800537 7.904053 5.00 5.00 5.0 5.0 0.117 0.198 4311 3503 2.0081 1.7459 -1.6920 0.3466 -0.0510 -0.261704 1.849771 12.08 
0.369 4 -9.354893 0.946997 2.692348 1.007080 1.373291 8.026123 5.00 5.00 5.0 5.0 0.279 0.149 4316 3508 2.0081 1.8254 -1.1790 0.3486 -0.0515 -0.261704 1.849740 12.09 
0.370 4 -9.323726 0.966177 2.711528 0.915527 0.732422 8.026123 5.00 5.00 5.0 5.0 0.150 0.146 4320 3512 1.9121 1.7459 -1.0727 0.3501 -0.0519 -0.261704 1.849724 12.10 
0.371 4 -9.357289 0.939805 2.613232 0.427246 -0.061035 8.026123 5.00 5.00 5.0 5.0 0.126 0.245 4325 3516 1.9121 1.7459 -1.0727 0.3519 -0.0524 -0.264295 1.849717 12.08 
0.372 4 -9.261392 0.944600 2.697144 0.366211 -0.915527 7.812500 5.00 5.00 5.0 5.0 0.314 0.451 4330 3520 2.0081 1.7459 -1.6920 0.3538 -0.0529 -0.264295 1.849724 12.08 
0.373 4 -9.270981 0.908638 2.673169 0.183105 -1.617432 7.080078 5.00 5.00 5.0 5.0 0.324 0.390 4334 3525 1.9121 1.7459 -1.0727 0.3555 -0.0534 -0.266886 1.849749 12.09 
0.374 4 -9.268583 0.939805 2.615630 0.274658 -2.258301 6.225586 5.00 5.00 5.0 5.0 0.184 0.222 4339 3529 2.0081 1.7459 -1.6920 0.3571 -0.0538 -0.266886 1.849782 12.10 
0.375 4 -9.247006 1.052485 2.546103 0.579834 -2.990723 5.340576 5.00 5.00 5.0 5.0 0.160 0.244 4344 3533 2.0081 1.7459 -1.6920 0.3588 -0.0543 -0.269477 1.849820 12.09 
0.376 4 -9.247006 1.009331 2.502949 0.549316 -3.509521 4.455566 5.00 5.00 5.0 5.0 0.324 0.238 4349 3537 2.0081 1.6732 -2.1610 0.3606 -0.0548 -0.272068 1.849865 12.08 
0.377 4 -9.155903 1.014126 2.613232 0.640869 -3.540039 3.448486 5.00 5.00 5.0 5.0 0.169 0.108 4353 3542 2.0081 1.8254 -1.1790 0.3623 -0.0553 -0.269477 1.849918 12.09 
0.378 4 -9.201455 1.006934 2.692348 0.610352 -3.448486 2.838135 5.00 5.00 5.0 5.0 0.162 0.144 4358 3546 2.0081 1.7459 -1.6920 0.3641 -0.0558 -0.272068 1.849981 12.09 
0.379 4 -9.297353 0.937407 2.673169 0.305176 -3.204346 2.227783 5.00 5.00 5.0 5.0 0.185 0.152 4362 3550 2.0081 1.7459 -1.6920 0.3658 -0.0563 -0.274660 1.850043 12.09 
0.380 4 -9.285366 0.999741 2.685156 0.244141 -2.746582 1.770020 5.00 5.00 5.0 5.0 0.154 0.199 4367 3554 2.0081 1.7459 -1.6920 0.3673 -0.0567 -0.274660 1.850096 12.09 
0.381 4 -9.328520 0.958984 2.704336 -0.213623 -2.563477 1.220703 5.00 5.00 5.0 5.0 0.133 0.276 4372 3558 2.0081 1.8254 -1.1790 0.3693 -0.0572 -0.274660 1.850145 12.09 
0.382 4 -9.357289 0.961382 2.747490 -0.213623 -2.410889 0.885010 5.00 5.00 5.0 5.0 0.119 0.357 4376 3563 2.0081 1.8254 -1.1790 0.3710 -0.0577 -0.277251 1.850193 12.09 
0.383 4 -9.266186 1.023716 2.730708 0.000000 -2.197266 0.427246 5.00 5.00 5.0 5.0 0.246 0.298 4381 3567 1.9121 1.8254 -0.5597 0.3726 -0.0582 -0.277251 1.850240 12.08 
0.384 4 -9.287764 0.963779 2.735503 -0.091553 -2.075195 -0.457764 5.00 5.00 5.0 5.0 0.168 0.193 4386 3571 2.0081 1.7459 -1.6920 0.3743 -0.0587 -0.279842 1.850284 12.08 
0.385 4 -9.316533 0.939805 2.586860 -0.183105 -2.319336 -1.098633 5.00 5.00 5.0 5.0 0.127 0.187 4391 3576 2.0081 1.7459 -1.6920 0.3762 -0.0592 -0.279842 1.850321 12.10 
0.386 4 -9.350098 0.920625 2.529321 -0.122070 -2.746582 -1.708984 5.00 5.00 5.0 5.0 0.352 0.173 4395 3580 2.0081 1.7459 -1.6920 0.3778 -0.0597 -0.279842 1.850353 12.08 
0.387 4 -9.282969 0.879868 2.558091 0.000000 -3.112793 -2.441406 5.00 5.00 5.0 5.0 0.232 0.215 4400 3584 2.0081 1.8254 -1.1790 0.3795 -0.0602 -0.282433 1.850392 12.08 
0.388 4 -9.244609 0.930215 2.526924 -0.122070 -3.143311 -3.234863 5.00 5.00 5.0 5.0 0.141 0.256 4404 3588 1.9121 1.7459 -1.0727 0.3810 -0.0606 -0.282433 1.850434 12.09 
0.389 4 -9.201455 0.925420 2.534116 -0.488281 -2.838135 -4.089355 5.00 5.00 5.0 5.0 0.275 0.312 4409 3592 2.0081 1.7459 -1.6920 0.3830 -0.0612 -0.282433 1.850475 12.09 
0.390 4 -9.201455 0.990151 2.675566 -0.732422 -2.380371 -4.913330 5.00 5.00 5.0 5.0 0.323 0.337 4414 3597 2.0081 1.7459 -1.6920 0.3847 -0.0617 -0.285024 1.850516 12.09 
0.391 4 -9.220634 1.016523 2.613232 -0.671387 -1.770020 -5.462646 5.00 5.00 5.0 5.0 0.191 0.308 4419 3601 2.0081 1.7459 -1.6920 0.3864 -0.0622 -0.287615 1.850552 12.09 
0.392 4 -9.249404 0.963779 2.594053 -0.427246 -0.732422 -5.981445 5.00 5.00 5.0 5.0 0.153 0.219 4423 3605 2.0081 1.8254 -1.1790 0.3880 -0.0626 -0.287615 1.850569 12.09 
0.393 4 -9.213442 0.939805 2.618027 -0.244141 -0.152588 -6.652832 5.00 5.00 5.0 5.0 0.327 0.211 4428 3609 2.0081 1.8254 -1.1790 0.3899 -0.0632 -0.287615 1.850572 12.08 
0.394 4 -9.225430 0.951792 2.723516 -0.152588 0.701904 -7.171631 5.00 5.00 5.0 5.0 0.173 0.188 4433 3614 2.0081 1.8254 -1.1790 0.3916 -0.0637 -0.290206 1.850570 12.08 
0.395 4 -9.179877 0.870278 2.644399 0.061035 0.823975 -7.507324 5.00 5.00 5.0 5.0 0.147 0.212 4437 3618 2.0081 1.8254 -1.1790 0.3932 -0.0642 -0.290206 1.850560 12.08 
0.396 4 -9.172686 0.875073 2.649194 -0.244141 0.335693 -7.720947 5.00 5.00 5.0 5.0 0.154 0.285 4442 3622 2.0081 1.7459 -1.6920 0.3949 -0.0647 -0.292797 1.850551 12.09 
0.397 4 -9.232622 0.923022 2.711528 -0.610352 -0.091553 -7.598877 5.00 5.00 5.0 5.0 0.217 0.376 4447 3626 1.9121 1.8254 -0.5597 0.3968 -0.0653 -0.292797 1.850553 12.08 
0.398 4 -9.230225 0.860688 2.742695 -0.579834 -0.488281 -7.537842 5.00 5.00 5.0 5.0 0.139 0.367 4451 3631 1.9121 1.8254 -0.5597 0.3984 -0.0657 -0.292797 1.850565 12.08 
0.399 4 -9.201455 0.891855 2.692348 -0.671387 -0.793457 -7.385254 5.00 5.00 5.0 5.0 0.097 0.207 4456 3635 2.0081 1.8254 -1.1790 0.4001 -0.0663 -0.295389 1.850583 12.09 
0.400 4 -9.187070 0.855894 2.622822 -1.068115 -0.762939 -7.507324 5.00 5.00 5.0 5.0 0.326 0.155 4460 3639 1.9121 1.7459 -1.0727 0.4018 -0.0668 -0.297980 1.850599 12.10 
0.401 4 -9.134326 0.896650 2.598848 -1.220703 -0.183105 -7.446289 5.00 5.00 5.0 5.0 0.343 0.106 4465 3643 1.9121 1.7459 -1.0727 0.4034 -0.0673 -0.297980 1.850605 12.09 
0.402 4 -9.220634 0.870278 2.560488 -0.793457 0.701904 -7.263184 5.00 5.00 5.0 5.0 0.192 0.190 4470 3647 2.0081 1.7459 -1.6920 0.4053 -0.0679 -0.297980 1.850595 12.08 
0.403 4 -9.218237 0.968574 2.555693 -0.366211 1.037598 -7.293701 5.00 5.00 5.0 5.0 0.184 0.293 4475 3652 2.0081 1.8254 -1.1790 0.4070 -0.0684 -0.300571 1.850570 12.08 
0.404 4 -9.134326 0.903843 2.572475 -0.244141 1.403809 -7.293701 5.00 5.00 5.0 5.0 0.257 0.332 4479 3656 2.0081 1.7459 -1.6920 0.4086 -0.0689 -0.300571 1.850542 12.09 
0.405 4 -9.191865 0.913433 2.510142 0.061035 1.770020 -7.080078 5.00 5.00 5.0 5.0 0.148 0.230 4484 3660 2.0081 1.7459 -1.6920 0.4105 -0.0695 -0.300571 1.850505 12.09 
0.406 4 -9.165493 0.887061 2.615630 0.183105 1.983643 -6.774902 5.00 5.00 5.0 5.0 0.180 0.222 4489 3665 1.9121 1.7459 -1.0727 0.4122 -0.0700 -0.303162 1.850464 12.08 
0.407 4 -9.160698 0.855894 2.682759 -0.457764 1.464844 -6.347656 5.00 5.00 5.0 5.0 0.154 0.180 4493 3669 2.0081 1.8254 -1.1790 0.4137 -0.0705 -0.303162 1.850436 12.08 
0.408 4 -9.194263 0.824727 2.740298 -0.549316 0.823975 -5.767822 5.00 5.00 5.0 5.0 0.342 0.110 4498 3673 2.0081 1.8254 -1.1790 0.4155 -0.0710 -0.305753 1.850424 12.10 
0.409 4 -9.203853 0.810342 2.627617 -0.579834 0.366211 -4.974365 5.00 5.00 5.0 5.0 0.239 0.124 4503 3677 2.0081 1.8254 -1.1790 0.4172 -0.0716 -0.308344 1.850417 12.10 
0.410 4 -9.163095 0.759995 2.807427 -0.671387 0.244141 -4.638672 5.00 5.00 5.0 5.0 0.162 0.280 4507 3682 2.0081 1.8254 -1.1790 0.4189 -0.0721 -0.305753 1.850420 12.08 
0.411 4 -9.177480 0.803149 2.809824 -0.976562 0.457764 -4.486084 5.00 5.00 5.0 5.0 0.182 0.347 4512 3686 2.0081 1.8254 -1.1790 0.4206 -0.0727 -0.308344 1.850432 12.09 
0.412 4 -9.153505 0.762393 2.627617 -0.762939 1.312256 -4.394531 5.00 5.00 5.0 5.0 0.308 0.270 4517 3690 2.0081 1.7459 -1.6920 0.4223 -0.0732 -0.310935 1.850425 12.09 
0.413 4 -9.069594 0.863086 2.531719 -0.427246 2.044678 -4.272461 5.00 5.00 5.0 5.0 0.184 0.245 4521 3694 2.0081 1.7459 -1.6920 0.4239 -0.0737 -0.310935 1.850392 12.08 
0.414 4 -9.091171 0.906240 2.416641 -0.122070 2.655029 -4.028320 5.00 5.00 5.0 5.0 0.163 0.198 4526 3698 2.0081 1.7459 -1.6920 0.4258 -0.0743 -0.310935 1.850337 12.08 
0.415 4 -9.021646 0.894253 2.455000 0.213623 2.929688 -4.058838 5.00 5.00 5.0 5.0 0.166 0.139 4531 3703 2.0081 1.8254 -1.1790 0.4275 -0.0749 -0.313527 1.850272 12.09 
0.416 4 -9.095966 0.930215 2.419038 0.488281 2.532959 -4.272461 5.00 5.00 5.0 5.0 0.280 0.171 4535 3707 2.0081 1.8254 -1.1790 0.4290 -0.0754 -0.313527 1.850207 12.09 
0.417 4 -9.055210 0.879868 2.517334 0.335693 1.892090 -4.150391 5.00 5.00 5.0 5.0 0.206 0.216 4540 3711 1.9121 1.8254 -0.5597 0.4307 -0.0759 -0.316118 1.850155 12.07 
0.418 4 -9.052813 0.901445 2.483769 -0.061035 0.335693 -3.845215 5.00 5.00 5.0 5.0 0.127 0.276 4545 3715 2.0081 1.7459 -1.6920 0.4327 -0.0766 -0.316118 1.850125 12.08 
0.419 4 -9.105556 0.805547 2.572475 -0.305176 -1.098633 -3.509521 5.00 5.00 5.0 5.0 0.228 0.325 4549 3720 1.9121 1.7459 -1.0727 0.4342 -0.0771 -0.316118 1.850124 12.08 
