%% logfile from robot 24
%  1    time 0.000 sec
%  2    mission (0) state 2
%  3  4 Motor velocity ref left, right: 2.10 2.10
%  5  6 Motor voltage [V] left, right: 2.1 2.1
%  7  8 Motor current left, right [A]: 0.010 -0.009
%  9 10 Wheel velocity [m/s] left, right: 0.0000 0.0000
% 11 12 13 14 Pose x,y,h,tilt [m,m,rad,rad]: 0.0000 0.0000 0.000000 -2.066760
% 15 .. 34 Line sensor: left -2.125853 0, right 4.180000 0, values 20 21 19 -2 15 11 -1 3, white 0, used 1, LEDhigh=1, xb=1 xw=0 xbc=20 xwc=0
% 34    Battery voltage [V]: 12.19
0.001 2 2.10 2.10 2.1 2.1 0.116 0.064 0.0000 0.0000 0.0000 0.0000 0.000000 -2.066759 -2.1259 0 4.1800 0  11 17 18 29 0 22 8 1  0 1 1 1 0 20 0 12.14 
0.002 2 2.10 2.10 2.1 2.1 0.313 0.327 0.0000 0.0000 0.0002 0.0000 0.002591 -2.066759 -2.1259 0 4.1800 0  33 25 32 24 19 45 0 30  0 1 1 1 0 20 0 12.11 
0.003 2 2.10 2.10 2.1 2.1 0.452 0.429 0.0000 0.0000 0.0002 0.0000 0.002591 -2.066760 -2.1259 0 4.1800 0  -2 13 31 23 5 33 14 12  0 1 1 1 0 20 0 12.10 
0.004 2 2.10 2.10 2.1 2.1 0.510 0.447 0.0000 0.0000 0.0002 0.0000 0.002591 -2.066765 -2.1259 0 4.1800 0  22 -26 0 12 6 7 -29 -11  0 1 1 1 0 20 0 12.09 
0.005 2 2.10 2.10 2.1 2.1 0.475 0.490 0.0000 0.0000 0.0002 0.0000 0.002591 -2.066771 -2.1259 0 4.1800 0  6 4 23 -5 20 19 4 24  0 1 1 1 0 20 0 12.08 
0.006 2 2.10 2.10 2.1 2.1 0.488 0.492 0.0000 0.0000 0.0004 0.0000 0.000000 -2.066771 -2.1259 0 4.1800 0  17 2 11 40 8 32 24 8  0 1 1 1 0 20 0 12.09 
0.007 2 2.10 2.10 2.1 2.1 0.468 0.528 0.0000 0.0787 0.0006 0.0000 0.002591 -2.066763 -2.1259 0 4.1800 0  -2 4 13 31 5 37 15 23  0 1 1 1 0 20 0 12.10 
0.008 2 2.10 2.10 2.1 2.1 0.447 0.492 0.0000 0.0787 0.0006 0.0000 0.002591 -2.066757 -2.1259 0 4.1800 0  13 12 14 7 27 28 6 13  0 1 1 1 0 20 0 12.09 
0.009 2 2.10 2.10 2.1 2.1 0.469 0.465 0.1538 0.0787 0.0008 0.0000 0.000000 -2.066752 -2.1259 0 4.1800 0  13 10 31 41 33 68 13 19  0 1 1 1 0 20 0 12.10 
0.010 2 2.10 2.10 2.1 2.1 0.458 0.460 0.1538 0.1538 0.0010 0.0000 0.002591 -2.066751 -2.1259 0 4.1800 0  26 4 6 10 21 12 4 44  0 1 1 1 0 20 0 12.09 
0.011 2 2.10 2.10 2.1 2.1 0.432 0.457 0.2241 0.1538 0.0012 0.0000 0.000000 -2.066753 -2.1259 0 4.1800 0  35 12 26 60 41 60 29 5  0 1 1 1 0 20 0 12.09 
0.012 2 2.10 2.10 2.1 2.1 0.445 0.396 0.2478 0.2241 0.0016 0.0000 0.000000 -2.066757 -2.1259 0 4.1800 0  37 33 14 33 16 27 4 20  0 1 1 1 0 20 0 12.10 
0.013 2 2.10 2.10 2.1 2.1 0.404 0.412 0.2478 0.2169 0.0016 0.0000 0.000000 -2.066763 -2.1259 0 4.1800 0  24 8 21 32 26 51 27 34  0 1 1 1 0 20 0 12.10 
0.014 2 2.10 2.10 2.1 2.1 0.354 0.389 0.2848 0.2113 0.0020 0.0000 0.000000 -2.066766 -2.1259 0 4.1800 0  9 4 19 -17 10 8 26 18  0 1 1 1 0 20 0 12.10 
0.015 2 2.10 2.10 2.1 2.1 0.327 0.371 0.2807 0.2952 0.0024 0.0000 0.000000 -2.066769 -2.1259 0 4.1800 0  0 -18 7 28 2 54 8 12  0 1 1 1 0 20 0 12.11 
0.016 2 2.10 2.10 2.1 2.1 0.313 0.357 0.2807 0.2972 0.0026 0.0000 0.002591 -2.066773 -2.1259 0 4.1800 0  32 23 23 40 11 34 12 13  0 1 1 1 0 20 0 12.11 
0.017 2 2.10 2.10 2.1 2.1 0.321 0.391 0.3137 0.3522 0.0030 0.0000 0.002591 -2.066773 -2.1259 0 4.1800 0  31 5 23 31 -4 33 -8 -1  0 1 1 1 0 20 0 12.11 
0.018 2 2.10 2.10 2.1 2.1 0.358 0.349 0.3064 0.3522 0.0032 0.0000 0.000000 -2.066765 -2.1259 0 4.1800 0  25 18 15 -17 17 6 25 41  0 1 1 1 0 20 0 12.11 
0.019 2 2.10 2.10 2.1 2.1 0.357 0.390 0.3522 0.2996 0.0036 0.0000 0.000000 -2.066748 -2.1259 0 4.1800 0  31 -1 13 21 22 26 3 -3  0 1 1 1 0 20 0 12.11 
0.020 2 2.10 2.10 2.1 2.1 0.307 0.294 0.3615 0.3896 0.0040 0.0000 0.000000 -2.066719 -2.1259 0 4.1800 0  41 15 23 24 16 39 17 -10  0 1 1 1 0 20 0 12.11 
0.021 2 2.10 2.10 2.1 2.1 0.314 0.273 0.3860 0.3651 0.0044 0.0000 0.000000 -2.066679 -2.1259 0 4.1800 0  19 5 7 33 0 39 0 14  0 1 1 1 0 20 0 12.11 
0.022 2 2.10 2.10 2.1 2.1 0.306 0.322 0.3550 0.3860 0.0048 0.0000 0.000000 -2.066631 -2.1259 0 4.1800 0  11 -11 14 32 25 49 0 13  0 1 1 1 0 20 0 12.11 
0.023 2 2.10 2.10 2.1 2.1 0.293 0.270 0.3860 0.3374 0.0052 0.0000 0.000000 -2.066569 -2.1259 0 4.1800 0  24 15 17 26 16 37 7 7  0 1 1 1 0 20 0 12.11 
0.024 2 2.10 2.10 2.1 2.1 0.313 0.283 0.4137 0.3787 0.0056 0.0000 0.000000 -2.066494 -2.1259 0 4.1800 0  26 26 29 33 8 42 8 0  0 1 1 1 0 20 0 12.11 
0.025 2 2.10 2.10 2.1 2.1 0.264 0.259 0.4269 0.3936 0.0060 0.0000 0.000000 -2.066417 -2.1259 0 4.1800 0  21 -13 17 8 1 27 15 19  0 1 1 1 0 20 0 12.12 
0.026 2 2.10 2.10 2.1 2.1 0.253 0.257 0.3896 0.4225 0.0064 0.0000 0.000000 -2.066344 -2.1259 0 4.1800 0  6 11 -4 4 -11 12 -21 -12  0 1 1 1 0 20 0 12.12 
0.027 2 2.10 2.10 2.1 2.1 0.280 0.227 0.4181 0.3582 0.0068 0.0000 0.000000 -2.066279 -2.1259 0 4.1800 0  19 21 31 22 0 32 7 17  0 1 1 1 0 20 0 12.12 
0.028 2 2.10 2.10 2.1 2.1 0.291 0.295 0.4462 0.4097 0.0072 0.0000 0.000000 -2.066236 -2.1259 0 4.1800 0  13 4 31 30 8 45 28 28  0 1 1 1 0 20 0 12.12 
0.029 2 2.10 2.10 2.1 2.1 0.278 0.265 0.4562 0.4615 0.0078 0.0000 0.002591 -2.066212 -2.1259 0 4.1800 0  16 12 20 28 -5 37 12 9  0 1 1 1 0 20 0 12.12 
0.030 2 2.10 2.10 2.1 2.1 0.266 0.238 0.4562 0.3896 0.0082 0.0000 -0.002591 -2.066207 -2.1259 0 4.1800 0  27 36 24 12 1 30 28 12  0 1 1 1 0 20 0 12.12 
0.031 2 2.10 2.10 2.1 2.1 0.207 0.258 0.4562 0.4362 0.0088 0.0000 0.000000 -2.066221 -2.1259 0 4.1800 0  21 -5 -3 29 -1 41 11 19  0 1 1 1 0 20 0 12.13 
0.032 2 2.10 2.10 2.1 2.1 0.229 0.253 0.4779 0.4410 0.0092 0.0000 0.000000 -2.066251 -2.1259 0 4.1800 0  42 28 19 -10 -3 9 0 18  0 1 1 1 0 20 0 12.11 
0.033 2 2.10 2.10 2.1 2.1 0.255 0.227 0.5081 0.4836 0.0096 0.0000 0.000000 -2.066296 -2.1259 0 4.1800 0  24 20 18 19 12 69 59 41  0 1 1 1 0 20 0 12.12 
0.034 2 2.10 2.10 2.1 2.1 0.254 0.249 0.5081 0.4779 0.0100 0.0000 0.000000 -2.066348 -2.1259 0 4.1800 0  16 23 18 35 -11 18 10 0  0 1 1 1 0 20 0 12.12 
0.035 2 2.10 2.10 2.1 2.1 0.210 0.230 0.5149 0.5149 0.0108 0.0000 0.000000 -2.066396 -2.1259 0 4.1800 0  10 9 21 33 21 50 19 29  0 1 1 1 0 20 0 12.12 
0.036 2 2.10 2.10 2.1 2.1 0.226 0.204 0.5020 0.5354 0.0112 0.0000 0.000000 -2.066437 -2.1259 0 4.1800 0  20 15 16 20 15 38 4 0  0 1 1 1 0 20 0 12.12 
0.037 2 2.10 2.10 2.1 2.1 0.272 0.222 0.5213 0.4956 0.0116 0.0000 0.000000 -2.066463 -2.1259 0 4.1800 0  -5 -9 23 50 13 67 37 28  0 1 1 1 0 20 0 12.12 
0.038 2 2.10 2.10 2.1 2.1 0.234 0.214 0.5281 0.4723 0.0122 0.0000 -0.002591 -2.066472 -2.1259 0 4.1800 0  28 16 22 49 -7 35 -1 12  0 1 1 1 0 20 0 12.13 
0.039 2 2.10 2.10 2.1 2.1 0.194 0.201 0.5213 0.5281 0.0129 0.0000 0.000000 -2.066452 -2.1259 0 4.1800 0  23 7 25 21 21 51 32 18  0 1 1 1 0 20 0 12.13 
0.040 2 2.10 2.10 2.1 2.1 0.215 0.247 0.5354 0.5281 0.0133 0.0000 0.000000 -2.066410 -2.1259 0 4.1800 0  29 9 15 19 -10 16 -16 5  0 1 1 1 0 20 0 12.12 
0.041 2 2.10 2.10 2.1 2.1 0.200 0.177 0.5498 0.5213 0.0139 0.0000 -0.002591 -2.066361 -2.1259 0 4.1800 0  20 7 3 10 -7 13 18 -6  0 1 1 1 0 20 0 12.13 
0.042 2 2.10 2.10 2.1 2.1 0.230 0.175 0.5281 0.5575 0.0145 -0.0000 0.000000 -2.066305 -2.1259 0 4.1800 0  25 41 19 35 -10 34 0 25  0 1 1 1 0 20 0 12.12 
0.043 2 2.10 2.10 2.1 2.1 0.228 0.169 0.5498 0.5354 0.0149 -0.0000 0.000000 -2.066241 -2.1259 0 4.1800 0  17 14 10 30 -1 16 -21 15  0 1 1 1 0 20 0 12.12 
0.044 2 2.10 2.10 2.1 2.1 0.193 0.162 0.5655 0.5575 0.0157 -0.0000 0.000000 -2.066180 -2.1259 0 4.1800 0  15 -27 -14 6 -18 27 -10 -5  0 1 1 1 0 20 0 12.12 
0.045 2 2.10 2.10 2.1 2.1 0.176 0.175 0.5354 0.5820 0.0161 -0.0000 0.000000 -2.066134 -2.1259 0 4.1800 0  8 12 11 45 -9 16 31 13  0 1 1 1 0 20 0 12.13 
0.046 2 2.10 2.10 2.1 2.1 0.171 0.257 0.5426 0.5281 0.0165 -0.0000 0.000000 -2.066114 -2.1259 0 4.1800 0  19 -3 3 41 -15 32 -18 3  0 1 1 1 0 20 0 12.12 
0.047 2 2.10 2.10 2.1 2.1 0.215 0.194 0.5655 0.5820 0.0173 -0.0000 0.000000 -2.066114 -2.1259 0 4.1800 0  19 -20 8 22 -1 43 14 4  0 1 1 1 0 20 0 12.12 
0.048 2 2.10 2.10 2.1 2.1 0.226 0.154 0.5820 0.6085 0.0177 -0.0000 0.000000 -2.066124 -2.1259 0 4.1800 0  10 -23 8 19 -1 40 21 -5  0 1 1 1 0 20 0 12.13 
0.049 2 2.10 2.10 2.1 2.1 0.248 0.185 0.5655 0.5992 0.0185 -0.0000 0.000000 -2.066144 -2.1259 0 4.1800 0  8 -3 16 35 -2 53 -6 7  0 1 1 1 0 20 0 12.12 
0.050 2 2.10 2.10 2.1 2.1 0.196 0.159 0.5820 0.5735 0.0189 -0.0000 0.000000 -2.066174 -2.1259 0 4.1800 0  25 30 9 -2 13 8 51 16  0 1 1 1 0 20 0 12.12 
0.051 2 2.10 2.10 2.1 2.1 0.189 0.154 0.5904 0.5735 0.0197 -0.0000 0.000000 -2.066216 -2.1259 0 4.1800 0  5 -14 12 33 14 52 22 17  0 1 1 1 0 20 0 12.13 
0.052 2 2.10 2.10 2.1 2.1 0.158 0.204 0.5655 0.6085 0.0201 -0.0000 0.000000 -2.066256 -2.1259 0 4.1800 0  29 11 14 51 1 57 -28 -4  0 1 1 1 0 20 0 12.12 
0.053 2 2.10 2.10 2.1 2.1 0.192 0.166 0.5904 0.6177 0.0209 -0.0000 0.000000 -2.066288 -2.1259 0 4.1800 0  3 -42 -4 46 11 18 -9 18  0 1 1 1 0 20 0 12.12 
0.054 2 2.10 2.10 2.1 2.1 0.224 0.142 0.6085 0.5655 0.0213 -0.0000 0.000000 -2.066314 -2.1259 0 4.1800 0  24 16 19 7 -11 26 6 1  0 1 1 1 0 20 0 12.13 
0.055 2 2.10 2.10 2.1 2.1 0.162 0.154 0.6085 0.6085 0.0221 -0.0000 0.000000 -2.066326 -2.1259 0 4.1800 0  23 -18 20 -3 -7 39 40 27  0 1 1 1 0 20 0 12.14 
0.056 2 2.10 2.10 2.1 2.1 0.167 0.158 0.5904 0.6374 0.0225 -0.0000 0.000000 -2.066327 -2.1259 0 4.1800 0  14 10 11 37 16 42 1 18  0 1 1 1 0 20 0 12.13 
0.057 2 2.10 2.10 2.1 2.1 0.188 0.119 0.6085 0.6374 0.0233 -0.0000 0.000000 -2.066319 -2.1259 0 4.1800 0  28 46 15 13 -2 22 21 -9  0 1 1 1 0 20 0 12.12 
0.058 2 2.10 2.10 2.1 2.1 0.184 0.161 0.6177 0.6273 0.0237 -0.0000 0.000000 -2.066301 -2.1259 0 4.1800 0  16 20 6 21 -3 41 4 12  0 1 1 1 0 20 0 12.13 
0.059 2 2.10 2.10 2.1 2.1 0.175 0.128 0.6085 0.5904 0.0245 -0.0000 0.000000 -2.066284 -2.1259 0 4.1800 0  3 11 11 40 2 53 -26 13  0 1 1 1 0 20 0 12.13 
0.060 2 2.10 2.10 2.1 2.1 0.175 0.097 0.6374 0.6273 0.0249 -0.0000 0.000000 -2.066277 -2.1259 0 4.1800 0  19 25 22 36 6 31 6 10  0 1 1 1 0 20 0 12.13 
0.061 2 2.10 2.10 2.1 2.1 0.174 0.127 0.5904 0.6583 0.0257 -0.0000 0.000000 -2.066269 -2.1259 0 4.1800 0  10 21 27 20 -6 38 15 12  0 1 1 1 0 20 0 12.13 
0.062 2 2.10 2.10 2.1 2.1 0.150 0.149 0.6177 0.5820 0.0263 0.0000 0.002591 -2.066273 -2.1259 0 4.1800 0  35 17 3 73 -9 3 18 15  0 1 1 1 0 20 0 12.14 
0.063 2 2.10 2.10 2.1 2.1 0.192 0.136 0.6474 0.6474 0.0269 0.0000 0.000000 -2.066289 -2.1259 0 4.1800 0  34 48 25 30 -8 31 2 1  0 1 1 1 0 20 0 12.15 
0.064 2 2.10 2.10 2.1 2.1 0.195 0.177 0.5904 0.5904 0.0275 0.0000 0.002591 -2.066301 -2.1259 0 4.1800 0  18 34 29 24 11 28 25 4  0 1 1 1 0 20 0 12.14 
0.065 2 2.10 2.10 2.1 2.1 0.149 0.125 0.6085 0.6374 0.0281 0.0000 0.000000 -2.066316 -2.1259 0 4.1800 0  25 25 26 20 3 13 19 -9  0 1 1 1 0 20 0 12.14 
0.066 2 2.10 2.10 2.1 2.1 0.154 0.102 0.6273 0.6474 0.0287 0.0000 0.002591 -2.066340 -2.1259 0 4.1800 0  4 28 13 -13 -9 -19 16 7  0 1 1 1 0 20 0 12.13 
0.067 2 2.10 2.10 2.1 2.1 0.174 0.151 0.6583 0.6374 0.0293 0.0000 0.000000 -2.066370 -2.1259 0 4.1800 0  15 20 17 40 19 32 2 18  0 1 1 1 0 20 0 12.14 
0.068 2 2.10 2.10 2.1 2.1 0.173 0.166 0.6474 0.6583 0.0301 0.0000 0.000000 -2.066411 -2.1259 0 4.1800 0  35 24 15 6 -2 7 5 13  0 1 1 1 0 20 0 12.12 
0.069 2 2.10 2.10 2.1 2.1 0.154 0.128 0.6273 0.6273 0.0307 0.0000 0.002591 -2.066455 -2.1259 0 4.1800 0  34 39 3 -22 15 5 29 9  0 1 1 1 0 20 0 12.13 
0.070 2 2.10 2.10 2.1 2.1 0.207 0.150 0.6374 0.6583 0.0313 0.0000 0.000000 -2.066491 -2.1259 0 4.1800 0  24 5 12 14 2 25 15 -1  0 1 1 1 0 20 0 12.13 
0.071 2 2.10 2.10 2.1 2.1 0.201 0.130 0.6474 0.6474 0.0319 0.0000 0.002591 -2.066519 -2.1259 0 4.1800 0  22 4 21 33 -3 35 2 6  0 1 1 1 0 20 0 12.13 
0.072 2 2.10 2.10 2.1 2.1 0.126 0.097 0.6474 0.6474 0.0325 0.0000 0.000000 -2.066538 -2.1259 0 4.1800 0  18 3 7 23 -5 48 1 22  0 1 1 1 0 20 0 12.13 
0.073 2 2.10 2.10 2.1 2.1 0.143 0.117 0.6583 0.6374 0.0333 0.0000 0.000000 -2.066551 -2.1259 0 4.1800 0  25 39 14 42 7 56 -22 24  0 1 1 1 0 20 0 12.12 
0.074 2 2.10 2.10 2.1 2.1 0.174 0.117 0.6374 0.6374 0.0339 0.0000 0.002591 -2.066556 -2.1259 0 4.1800 0  20 -12 13 27 17 56 28 19  0 1 1 1 0 20 0 12.14 
0.075 2 2.10 2.10 2.1 2.1 0.146 0.088 0.6583 0.6804 0.0345 0.0000 0.000000 -2.066559 -2.1259 0 4.1800 0  12 -27 0 36 3 23 -12 24  0 1 1 1 0 20 0 12.13 
0.076 2 2.10 2.10 2.1 2.1 0.162 0.158 0.6691 0.6924 0.0351 0.0000 0.002591 -2.066562 -2.1259 0 4.1800 0  19 -29 9 46 20 73 9 17  0 1 1 1 0 20 0 12.14 
0.077 2 2.10 2.10 2.1 2.1 0.154 0.161 0.6474 0.6691 0.0359 0.0000 0.002591 -2.066563 -2.1259 0 4.1800 0  36 -8 11 -10 2 4 62 28  0 1 1 1 0 20 0 12.13 
0.078 2 2.10 2.10 2.1 2.1 0.142 0.172 0.6583 0.6804 0.0365 0.0000 0.000000 -2.066561 -2.1259 0 4.1800 0  1 -6 28 21 9 50 26 2  0 1 1 1 0 20 0 12.13 
0.079 2 2.10 2.10 2.1 2.1 0.149 0.091 0.6691 0.6474 0.0372 0.0000 0.002591 -2.066554 -2.1259 0 4.1800 0  36 4 11 13 1 17 -5 -1  0 1 1 1 0 20 0 12.12 
0.080 2 2.10 2.10 2.1 2.1 0.184 0.108 0.6474 0.6583 0.0380 0.0000 0.002591 -2.066549 -2.1259 0 4.1800 0  37 -22 2 22 -3 48 12 8  0 1 1 1 0 20 0 12.13 
0.081 2 2.10 2.10 2.1 2.1 0.168 0.159 0.6583 0.6924 0.0386 0.0000 0.000000 -2.066558 -2.1259 0 4.1800 0  -10 44 11 20 11 23 -11 3  0 1 1 1 0 20 0 12.14 
0.082 2 2.10 2.10 2.1 2.1 0.112 0.108 0.6691 0.6924 0.0392 0.0000 0.002591 -2.066570 -2.1259 0 4.1800 0  37 25 18 22 -3 24 2 18  0 1 1 1 0 20 0 12.13 
0.083 2 2.10 2.10 2.1 2.1 0.188 0.107 0.6583 0.7044 0.0400 0.0000 0.002591 -2.066573 -2.1259 0 4.1800 0  29 56 20 41 3 26 23 26  0 1 1 1 0 20 0 12.13 
0.084 2 2.10 2.10 2.1 2.1 0.177 0.140 0.6583 0.6474 0.0404 0.0000 0.002591 -2.066590 -2.1259 0 4.1800 0  27 -31 -9 43 -14 24 -11 13  0 1 1 1 0 20 0 12.15 
0.085 2 2.10 2.10 2.1 2.1 0.147 0.122 0.6583 0.6804 0.0412 0.0000 0.002591 -2.066615 -2.1259 0 4.1800 0  37 22 28 20 13 24 12 5  0 1 1 1 0 20 0 12.14 
0.086 2 2.10 2.10 2.1 2.1 0.142 0.112 0.6474 0.6474 0.0420 0.0000 0.002591 -2.066636 -2.1259 0 4.1800 0  9 -5 5 19 11 28 -13 9  0 1 1 1 0 20 0 12.14 
0.087 2 2.10 2.10 2.1 2.1 0.146 0.142 0.6691 0.6924 0.0424 0.0000 0.002591 -2.066654 -2.1259 0 4.1800 0  29 16 27 30 -2 44 5 0  0 1 1 1 0 20 0 12.15 
0.088 2 2.10 2.10 2.1 2.1 0.128 0.110 0.6804 0.7169 0.0432 0.0000 0.002591 -2.066667 -2.1259 0 4.1800 0  16 26 15 21 -2 46 2 15  0 1 1 1 0 20 0 12.14 
0.089 2 2.10 2.10 2.1 2.1 0.135 0.074 0.6691 0.6924 0.0440 0.0000 0.002591 -2.066679 -2.1259 0 4.1800 0  18 17 18 20 12 29 12 12  0 1 1 1 0 20 0 12.15 
0.090 2 2.10 2.10 2.1 2.1 0.156 0.124 0.7044 0.7169 0.0446 0.0000 0.005182 -2.066693 -2.1259 0 4.1800 0  19 -6 16 29 -1 36 28 36  0 1 1 1 0 20 0 12.14 
0.091 2 2.10 2.10 2.1 2.1 0.120 0.119 0.6583 0.6374 0.0452 0.0000 0.002591 -2.066709 -2.1259 0 4.1800 0  35 29 33 49 24 38 12 4  0 1 1 1 0 20 0 12.14 
0.092 2 2.10 2.10 2.1 2.1 0.156 0.120 0.6924 0.7044 0.0460 0.0000 0.002591 -2.066722 -2.1259 0 4.1800 0  28 14 18 45 -14 30 -29 1  0 1 1 1 0 20 0 12.13 
0.093 2 2.10 2.10 2.1 2.1 0.162 0.137 0.6924 0.6273 0.0464 0.0000 0.002591 -2.066727 -2.1259 0 4.1800 0  38 -8 0 -1 7 48 1 15  0 1 1 1 0 20 0 12.13 
0.094 2 2.10 2.10 2.1 2.1 0.130 0.104 0.6691 0.6924 0.0472 0.0000 0.002591 -2.066734 -2.1259 0 4.1800 0  17 -11 21 40 -11 55 -16 2  0 1 1 1 0 20 0 12.14 
0.095 2 2.10 2.10 2.1 2.1 0.139 0.066 0.6804 0.7044 0.0480 0.0000 0.002591 -2.066737 -2.1259 0 4.1800 0  26 -8 15 2 -8 39 30 11  0 1 1 1 0 20 0 12.13 
0.096 2 2.10 2.10 2.1 2.1 0.154 0.137 0.7169 0.7169 0.0486 0.0000 0.005182 -2.066734 -2.1259 0 4.1800 0  28 1 8 32 16 49 36 33  0 1 1 1 0 20 0 12.14 
0.097 2 2.10 2.10 2.1 2.1 0.156 0.159 0.6924 0.7044 0.0492 0.0000 0.002591 -2.066736 -2.1259 0 4.1800 0  26 1 6 7 13 9 26 25  0 1 1 1 0 20 0 12.13 
0.098 2 2.10 2.10 2.1 2.1 0.135 0.110 0.6691 0.6691 0.0500 0.0000 0.002591 -2.066744 -2.1259 0 4.1800 0  19 -6 3 -8 6 -3 22 24  0 1 1 1 0 20 0 12.13 
0.099 2 2.10 2.10 2.1 2.1 0.148 0.126 0.6691 0.6273 0.0508 0.0001 0.002591 -2.066748 -2.1259 0 4.1800 0  13 -1 9 3 12 36 12 10  0 1 1 1 0 20 0 12.14 
0.100 2 2.10 2.10 2.1 2.1 0.161 0.104 0.6924 0.6924 0.0512 0.0001 0.002591 -2.066754 -2.1259 0 4.1800 0  12 59 27 29 12 59 15 21  0 1 1 1 0 20 0 12.14 
0.101 2 2.10 2.10 2.1 2.1 0.139 0.139 0.6804 0.7169 0.0520 0.0001 0.002591 -2.066760 -2.1259 0 4.1800 0  18 1 3 51 1 33 -12 -3  0 1 1 1 0 20 0 12.14 
0.102 2 2.10 2.10 2.1 2.1 0.126 0.098 0.6924 0.7044 0.0528 0.0001 0.002591 -2.066771 -2.1259 0 4.1800 0  21 -20 23 -13 20 50 43 23  0 1 1 1 0 20 0 12.13 
0.103 2 2.10 2.10 2.1 2.1 0.166 0.082 0.6691 0.7169 0.0534 0.0001 0.005182 -2.066792 -2.1259 0 4.1800 0  33 51 20 32 -8 7 -10 0  0 1 1 1 0 20 0 12.14 
0.104 2 2.10 2.10 2.1 2.1 0.175 0.120 0.6924 0.7044 0.0540 0.0001 0.002591 -2.066810 -2.1259 0 4.1800 0  37 43 19 32 3 27 9 -1  0 1 1 1 0 20 0 12.14 
0.105 2 2.10 2.10 2.1 2.1 0.108 0.139 0.6583 0.6474 0.0548 0.0001 0.002591 -2.066815 -2.1259 0 4.1800 0  30 3 6 -10 -16 7 16 -2  0 1 1 1 0 20 0 12.14 
0.106 2 2.10 2.10 2.1 2.1 0.104 0.123 0.6804 0.7169 0.0554 0.0001 0.005182 -2.066814 -2.1259 0 4.1800 0  22 10 7 -22 7 16 12 -8  0 1 1 1 0 20 0 12.15 
0.107 2 2.10 2.10 2.1 2.1 0.108 0.105 0.6924 0.6804 0.0562 0.0001 0.005182 -2.066820 -2.1259 0 4.1800 0  27 -10 7 -2 -8 13 -7 16  0 1 1 1 0 20 0 12.14 
0.108 2 2.10 2.10 2.1 2.1 0.157 0.091 0.7044 0.7169 0.0568 0.0001 0.002591 -2.066829 -2.1259 0 4.1800 0  31 19 -3 34 11 49 32 18  0 1 1 1 0 20 0 12.14 
0.109 2 2.10 2.10 2.1 2.1 0.173 0.084 0.6691 0.7302 0.0574 0.0001 0.005182 -2.066833 -2.1259 0 4.1800 0  13 -14 33 15 -18 47 -3 21  0 1 1 1 0 20 0 12.14 
0.110 2 2.10 2.10 2.1 2.1 0.139 0.146 0.6804 0.7169 0.0582 0.0001 0.005182 -2.066833 -2.1259 0 4.1800 0  28 15 20 30 10 2 20 17  0 1 1 1 0 20 0 12.14 
0.111 2 2.10 2.10 2.1 2.1 0.141 0.105 0.6691 0.7302 0.0590 0.0001 0.005182 -2.066832 -2.1259 0 4.1800 0  28 -20 -1 25 -3 53 -7 -11  0 1 1 1 0 20 0 12.14 
0.112 2 2.10 2.10 2.1 2.1 0.139 0.087 0.6924 0.6691 0.0596 0.0001 0.002591 -2.066834 -2.1259 0 4.1800 0  17 -9 2 33 -9 50 14 10  0 1 1 1 0 20 0 12.15 
0.113 2 2.10 2.10 2.1 2.1 0.105 0.112 0.7044 0.7169 0.0602 0.0001 0.005182 -2.066836 -2.1259 0 4.1800 0  35 6 22 24 -3 40 48 11  0 1 1 1 0 20 0 12.14 
0.114 2 2.10 2.10 2.1 2.1 0.141 0.095 0.7044 0.6804 0.0610 0.0001 0.005182 -2.066824 -2.1259 0 4.1800 0  30 25 18 21 -5 2 12 12  0 1 1 1 0 20 0 12.13 
0.115 2 2.10 2.10 2.1 2.1 0.159 0.078 0.6924 0.7169 0.0618 0.0001 0.005182 -2.066813 -2.1259 0 4.1800 0  32 -15 11 41 -17 41 -4 3  0 1 1 1 0 20 0 12.14 
0.116 2 2.10 2.10 2.1 2.1 0.100 0.154 0.6924 0.7434 0.0623 0.0001 0.005182 -2.066806 -2.1259 0 4.1800 0  44 2 12 16 8 17 3 11  0 1 1 1 0 20 0 12.14 
0.117 2 2.10 2.10 2.1 2.1 0.128 0.086 0.6583 0.7169 0.0631 0.0001 0.005182 -2.066797 -2.1259 0 4.1800 0  33 7 2 20 1 58 3 13  0 1 1 1 0 20 0 12.15 
0.118 2 2.10 2.10 2.1 2.1 0.152 0.084 0.7169 0.7434 0.0639 0.0001 0.005182 -2.066783 -2.1259 0 4.1800 0  27 26 25 -44 19 13 37 23  0 1 1 1 0 20 0 12.15 
0.119 2 2.10 2.10 2.1 2.1 0.157 0.081 0.6474 0.7044 0.0645 0.0001 0.007773 -2.066769 -2.1259 0 4.1800 0  25 52 1 37 19 25 -24 19  0 1 1 1 0 20 0 12.14 
0.120 2 2.10 2.10 2.1 2.1 0.137 0.092 0.6924 0.7302 0.0651 0.0001 0.005182 -2.066766 -2.1259 0 4.1800 0  16 -9 6 60 -12 44 -8 -3  0 1 1 1 0 20 0 12.15 
0.121 2 2.10 2.10 2.1 2.1 0.132 0.129 0.7169 0.6583 0.0659 0.0001 0.005182 -2.066769 -2.1259 0 4.1800 0  14 -15 6 6 -4 19 46 21  0 1 1 1 0 20 0 12.14 
0.122 2 2.10 2.10 2.1 2.1 0.154 0.091 0.6804 0.6804 0.0667 0.0001 0.005182 -2.066775 -2.1259 0 4.1800 0  46 23 24 -34 1 27 58 13  0 1 1 1 0 20 0 12.14 
0.123 2 2.10 2.10 2.1 2.1 0.097 0.070 0.6691 0.6804 0.0673 0.0001 0.007773 -2.066775 -2.1259 0 4.1800 0  -1 -6 15 42 2 42 -19 14  0 1 1 1 0 20 0 12.14 
0.124 2 2.10 2.10 2.1 2.1 0.128 0.133 0.7302 0.7434 0.0679 0.0001 0.005182 -2.066771 -2.1259 0 4.1800 0  45 5 15 -11 -14 19 13 9  0 1 1 1 0 20 0 12.14 
0.125 2 2.10 2.10 2.1 2.1 0.139 0.118 0.7169 0.7575 0.0687 0.0001 0.005182 -2.066772 -2.1259 0 4.1800 0  27 13 20 27 2 16 0 -1  0 1 1 1 0 20 0 12.14 
0.126 2 2.10 2.10 2.1 2.1 0.099 0.067 0.6804 0.7302 0.0695 0.0001 0.005182 -2.066776 -2.1259 0 4.1800 0  25 3 19 -3 7 15 9 6  0 1 1 1 0 20 0 12.14 
0.127 2 2.10 2.10 2.1 2.1 0.135 0.112 0.6924 0.7169 0.0701 0.0001 0.007773 -2.066780 -2.1259 0 4.1800 0  35 16 30 13 10 33 -20 5  0 1 1 1 0 20 0 12.14 
0.128 2 2.10 2.10 2.1 2.1 0.135 0.093 0.7044 0.7044 0.0707 0.0001 0.005182 -2.066780 -2.1259 0 4.1800 0  18 1 9 -8 5 12 28 4  0 1 1 1 0 20 0 12.14 
0.129 2 2.10 2.10 2.1 2.1 0.135 0.075 0.7044 0.6924 0.0715 0.0001 0.005182 -2.066778 -2.1259 0 4.1800 0  16 11 5 23 -15 16 2 12  0 1 1 1 0 20 0 12.13 
0.130 2 2.10 2.10 2.1 2.1 0.127 0.105 0.6924 0.6924 0.0723 0.0002 0.005182 -2.066779 -2.1259 0 4.1800 0  37 6 22 5 2 27 15 15  0 1 1 1 0 20 0 12.15 
0.131 2 2.10 2.10 2.1 2.1 0.114 0.065 0.6804 0.7169 0.0729 0.0002 0.007773 -2.066777 -2.1259 0 4.1800 0  9 13 -15 39 -14 10 -36 -7  0 1 1 1 0 20 0 12.14 
0.132 2 2.10 2.10 2.1 2.1 0.129 0.083 0.7044 0.7434 0.0735 0.0002 0.005182 -2.066778 -2.1259 0 4.1800 0  28 -9 21 35 -12 67 3 5  0 1 1 1 0 20 0 12.14 
0.133 2 2.10 2.10 2.1 2.1 0.108 0.143 0.6691 0.7169 0.0743 0.0002 0.005182 -2.066774 -2.1259 0 4.1800 0  20 -4 11 24 -19 24 12 -8  0 1 1 1 0 20 0 12.14 
0.134 2 2.10 2.10 2.1 2.1 0.093 0.126 0.6924 0.7575 0.0749 0.0002 0.007773 -2.066756 -2.1259 0 4.1800 0  10 -16 -1 22 -2 53 -4 6  0 1 1 1 0 20 0 12.14 
0.135 2 2.10 2.10 2.1 2.1 0.137 0.026 0.7044 0.7302 0.0757 0.0002 0.007773 -2.066742 -2.1259 0 4.1800 0  3 -17 11 26 -11 29 8 5  0 1 1 1 0 20 0 12.13 
0.136 2 2.10 2.10 2.1 2.1 0.117 0.077 0.7169 0.7302 0.0765 0.0002 0.007773 -2.066731 -2.1259 0 4.1800 0  36 9 11 49 -6 50 -4 34  0 1 1 1 0 20 0 12.13 
0.137 2 2.10 2.10 2.1 2.1 0.127 0.093 0.7044 0.6924 0.0771 0.0002 0.005182 -2.066719 -2.1259 0 4.1800 0  4 5 23 39 21 48 -8 20  0 1 1 1 0 20 0 12.14 
0.138 2 2.10 2.10 2.1 2.1 0.145 0.094 0.6924 0.7044 0.0777 0.0002 0.007773 -2.066717 -2.1259 0 4.1800 0  29 37 28 -1 3 7 30 10  0 1 1 1 0 20 0 12.14 
0.139 2 2.10 2.10 2.1 2.1 0.143 0.128 0.6691 0.6804 0.0785 0.0002 0.007773 -2.066714 -2.1259 0 4.1800 0  21 41 30 66 34 41 -16 21  0 1 1 1 0 20 0 12.13 
0.140 2 2.10 2.10 2.1 2.1 0.141 0.073 0.6924 0.7169 0.0793 0.0002 0.007773 -2.066705 -2.1259 0 4.1800 0  15 12 22 20 -11 28 17 19  0 1 1 1 0 20 0 12.14 
0.141 2 2.10 2.10 2.1 2.1 0.120 0.064 0.7044 0.7434 0.0797 0.0002 0.007773 -2.066694 -2.1259 0 4.1800 0  28 -14 -1 6 -14 30 31 31  0 1 1 1 0 20 0 12.15 
0.142 2 2.10 2.10 2.1 2.1 0.141 0.124 0.7044 0.7302 0.0805 0.0002 0.007773 -2.066682 -2.1259 0 4.1800 0  9 24 8 35 -7 41 13 31  0 1 1 1 0 20 0 12.14 
0.143 2 2.10 2.10 2.1 2.1 0.107 0.105 0.7044 0.7575 0.0813 0.0002 0.007773 -2.066674 -2.1259 0 4.1800 0  16 28 30 29 28 58 32 23  0 1 1 1 0 20 0 12.14 
0.144 2 2.10 2.10 2.1 2.1 0.137 0.058 0.7169 0.7302 0.0821 0.0002 0.007773 -2.066661 -2.1259 0 4.1800 0  43 39 23 32 -2 16 15 24  0 1 1 1 0 20 0 12.14 
0.145 2 2.10 2.10 2.1 2.1 0.135 0.111 0.6691 0.7434 0.0827 0.0002 0.010364 -2.066641 -2.1259 0 4.1800 0  -1 15 7 -5 5 -11 20 11  0 1 1 1 0 20 0 12.15 
0.146 2 2.10 2.10 2.1 2.1 0.134 0.092 0.7169 0.6583 0.0833 0.0002 0.007773 -2.066624 -2.1259 0 4.1800 0  16 -1 0 -20 -14 2 -2 -8  0 1 1 1 0 20 0 12.15 
0.147 2 2.10 2.10 2.1 2.1 0.119 0.095 0.6804 0.7302 0.0841 0.0002 0.007773 -2.066619 -2.1259 0 4.1800 0  6 -1 35 6 0 36 16 13  0 1 1 1 0 20 0 12.14 
0.148 2 2.10 2.10 2.1 2.1 0.127 0.065 0.6924 0.6583 0.0849 0.0002 0.007773 -2.066614 -2.1259 0 4.1800 0  34 33 19 33 -1 49 15 6  0 1 1 1 0 20 0 12.13 
0.149 2 2.10 2.10 2.1 2.1 0.125 0.056 0.7169 0.7169 0.0853 0.0003 0.007773 -2.066607 -2.1259 0 4.1800 0  0 21 19 20 -7 34 9 10  0 1 1 1 0 20 0 12.14 
0.150 2 2.10 2.10 2.1 2.1 0.133 0.126 0.6924 0.7302 0.0861 0.0003 0.007773 -2.066609 -2.1259 0 4.1800 0  35 20 6 57 -9 10 -16 -10  0 1 1 1 0 20 0 12.13 
0.151 2 2.10 2.10 2.1 2.1 0.120 0.124 0.7044 0.7434 0.0870 0.0003 0.007773 -2.066614 -2.1259 0 4.1800 0  40 9 5 32 27 31 16 14  0 1 1 1 0 20 0 12.14 
0.152 2 2.10 2.10 2.1 2.1 0.133 0.108 0.7434 0.7575 0.0876 0.0003 0.010364 -2.066620 -2.1259 0 4.1800 0  36 24 18 49 14 42 -20 -11  0 1 1 1 0 20 0 12.15 
0.153 2 2.10 2.10 2.1 2.1 0.085 0.088 0.7169 0.7302 0.0884 0.0003 0.010364 -2.066627 -2.1259 0 4.1800 0  -11 11 27 -4 13 13 21 14  0 1 1 1 0 20 0 12.14 
0.154 2 2.10 2.10 2.1 2.1 0.113 0.067 0.6804 0.6474 0.0890 0.0003 0.007773 -2.066645 -2.1259 0 4.1800 0  15 -17 9 7 10 5 3 19  0 1 1 1 0 20 0 12.14 
0.155 2 2.10 2.10 2.1 2.1 0.173 0.073 0.6924 0.7044 0.0898 0.0003 0.007773 -2.066666 -2.1259 0 4.1800 0  32 13 12 36 -7 50 8 14  0 1 1 1 0 20 0 12.13 
0.156 2 2.10 2.10 2.1 2.1 0.112 0.105 0.7169 0.6924 0.0904 0.0003 0.010364 -2.066680 -2.1259 0 4.1800 0  17 34 19 -4 14 14 36 10  0 1 1 1 0 20 0 12.14 
0.157 2 2.10 2.10 2.1 2.1 0.097 0.062 0.7044 0.6691 0.0910 0.0003 0.007773 -2.066694 -2.1259 0 4.1800 0  31 -19 0 18 -10 31 2 20  0 1 1 1 0 20 0 12.14 
0.158 2 2.10 2.10 2.1 2.1 0.132 0.092 0.7169 0.7302 0.0918 0.0003 0.007773 -2.066707 -2.1259 0 4.1800 0  24 8 13 5 -22 19 -16 -1  0 1 1 1 0 20 0 12.14 
0.159 2 2.10 2.10 2.1 2.1 0.158 0.108 0.7044 0.7434 0.0926 0.0003 0.007773 -2.066707 -2.1259 0 4.1800 0  40 -11 9 10 -6 11 26 20  0 1 1 1 0 20 0 12.13 
0.160 2 2.10 2.10 2.1 2.1 0.137 0.089 0.7169 0.7169 0.0932 0.0003 0.010364 -2.066696 -2.1259 0 4.1800 0  21 13 27 10 5 12 38 16  0 1 1 1 0 20 0 12.14 
0.161 2 2.10 2.10 2.1 2.1 0.086 0.147 0.6691 0.7575 0.0940 0.0003 0.010364 -2.066683 -2.1259 0 4.1800 0  18 26 1 9 4 31 49 35  0 1 1 1 0 20 0 12.14 
0.162 2 2.10 2.10 2.1 2.1 0.082 0.083 0.6804 0.6924 0.0946 0.0003 0.007773 -2.066673 -2.1259 0 4.1800 0  32 42 7 30 -4 41 15 22  0 1 1 1 0 20 0 12.14 
0.163 2 2.10 2.10 2.1 2.1 0.103 0.050 0.7044 0.7044 0.0952 0.0003 0.010364 -2.066657 -2.1259 0 4.1800 0  41 -8 21 51 26 51 9 31  0 1 1 1 0 20 0 12.14 
0.164 2 2.10 2.10 2.1 2.1 0.097 0.122 0.7302 0.6924 0.0960 0.0003 0.010364 -2.066638 -2.1259 0 4.1800 0  19 -20 2 -12 -13 5 9 21  0 1 1 1 0 20 0 12.14 
0.165 2 2.10 2.10 2.1 2.1 0.106 0.098 0.7044 0.7044 0.0968 0.0004 0.010364 -2.066626 -2.1259 0 4.1800 0  31 22 24 59 20 65 28 13  0 1 1 1 0 20 0 12.13 
0.166 2 2.10 2.10 2.1 2.1 0.137 0.069 0.7044 0.6691 0.0974 0.0004 0.007773 -2.066619 -2.1259 0 4.1800 0  50 25 18 20 -3 22 -21 0  0 1 1 1 0 20 0 12.14 
0.167 2 2.10 2.10 2.1 2.1 0.127 0.096 0.6804 0.7302 0.0980 0.0004 0.010364 -2.066621 -2.1259 0 4.1800 0  38 20 31 24 12 35 -2 27  0 1 1 1 0 20 0 12.14 
0.168 2 2.10 2.10 2.1 2.1 0.119 0.075 0.6924 0.7434 0.0988 0.0004 0.010364 -2.066628 -2.1259 0 4.1800 0  21 18 12 31 -5 16 -37 5  0 1 1 1 0 20 0 12.14 
0.169 2 2.10 2.10 2.1 2.1 0.132 0.060 0.6924 0.7302 0.0996 0.0004 0.010364 -2.066637 -2.1259 0 4.1800 0  41 26 11 37 6 34 15 29  0 1 1 1 0 20 0 12.13 
0.170 2 2.10 2.10 2.1 2.1 0.125 0.121 0.6583 0.7575 0.1004 0.0004 0.010364 -2.066652 -2.1259 0 4.1800 0  16 -5 13 26 -9 12 -31 14  0 1 1 1 0 20 0 12.14 
0.171 2 2.10 2.10 2.1 2.1 0.117 0.086 0.7044 0.6924 0.1008 0.0004 0.010364 -2.066673 -2.1259 0 4.1800 0  30 66 8 -8 12 -9 30 25  0 1 1 1 0 20 0 12.14 
0.172 2 2.10 2.10 2.1 2.1 0.109 0.064 0.7169 0.7169 0.1016 0.0004 0.010364 -2.066692 -2.1259 0 4.1800 0  37 44 5 2 22 9 17 -8  0 1 1 1 0 20 0 12.14 
0.173 2 2.10 2.10 2.1 2.1 0.110 0.135 0.6924 0.6583 0.1024 0.0004 0.010364 -2.066704 -2.1259 0 4.1800 0  4 -11 33 37 -4 43 -2 31  0 1 1 1 0 20 0 12.14 
0.174 2 2.10 2.10 2.1 2.1 0.134 0.120 0.7302 0.7302 0.1032 0.0004 0.010364 -2.066715 -2.1259 0 4.1800 0  22 18 17 45 -10 38 23 30  0 1 1 1 0 20 0 12.14 
0.175 2 2.10 2.10 2.1 2.1 0.115 0.076 0.6804 0.6583 0.1036 0.0004 0.010364 -2.066724 -2.1259 0 4.1800 0  26 25 5 25 -4 13 19 11  0 1 1 1 0 20 0 12.15 
0.176 2 2.10 2.10 2.1 2.1 0.092 0.109 0.7302 0.7169 0.1044 0.0004 0.010364 -2.066731 -2.1259 0 4.1800 0  20 -22 14 5 -17 41 22 6  0 1 1 1 0 20 0 12.14 
0.177 2 2.10 2.10 2.1 2.1 0.165 0.101 0.6691 0.7302 0.1052 0.0004 0.010364 -2.066731 -2.1259 0 4.1800 0  33 8 6 1 19 20 41 33  0 1 1 1 0 20 0 12.13 
0.178 2 2.10 2.10 2.1 2.1 0.133 0.097 0.6924 0.7434 0.1058 0.0004 0.012956 -2.066724 -2.1259 0 4.1800 0  -8 38 12 34 12 44 -2 15  0 1 1 1 0 20 0 12.14 
0.179 2 2.10 2.10 2.1 2.1 0.136 0.149 0.7044 0.7575 0.1066 0.0005 0.012956 -2.066721 -2.1259 0 4.1800 0  18 -7 13 24 -1 31 33 1  0 1 1 1 0 20 0 12.14 
0.180 2 2.10 2.10 2.1 2.1 0.143 0.091 0.7434 0.7044 0.1072 0.0005 0.010364 -2.066719 -2.1259 0 4.1800 0  11 2 26 23 12 26 -25 -4  0 1 1 1 0 20 0 12.14 
0.181 2 2.10 2.10 2.1 2.1 0.169 0.058 0.7302 0.6583 0.1080 0.0005 0.010364 -2.066712 -2.1259 0 4.1800 0  31 32 22 38 29 68 13 3  0 1 1 1 0 20 0 12.15 
0.182 2 2.10 2.10 2.1 2.1 0.166 0.083 0.6924 0.7169 0.1086 0.0005 0.012956 -2.066711 -2.1259 0 4.1800 0  10 12 14 -16 -4 17 -18 -11  0 1 1 1 0 20 0 12.15 
0.183 2 2.10 2.10 2.1 2.1 0.138 0.075 0.7044 0.6924 0.1094 0.0005 0.012956 -2.066711 -2.1259 0 4.1800 0  32 55 17 27 12 25 -4 3  0 1 1 1 0 20 0 12.14 
0.184 2 2.10 2.10 2.1 2.1 0.127 0.070 0.6924 0.7302 0.1100 0.0005 0.010364 -2.066714 -2.1259 0 4.1800 0  18 11 24 31 -5 37 12 13  0 1 1 1 0 20 0 12.14 
0.185 2 2.10 2.10 2.1 2.1 0.116 0.124 0.7044 0.7302 0.1108 0.0005 0.010364 -2.066726 -2.1259 0 4.1800 0  -3 37 17 23 3 29 -17 28  0 1 1 1 0 20 0 12.14 
0.186 2 2.10 2.10 2.1 2.1 0.101 0.095 0.7169 0.7434 0.1114 0.0005 0.012956 -2.066736 -2.1259 0 4.1800 0  14 6 22 -17 14 16 15 14  0 1 1 1 0 20 0 12.13 
0.187 2 2.10 2.10 2.1 2.1 0.146 0.127 0.7044 0.7302 0.1123 0.0005 0.012956 -2.066736 -2.1259 0 4.1800 0  12 29 4 31 0 63 13 15  0 1 1 1 0 20 0 12.14 
0.188 2 2.10 2.10 2.1 2.1 0.189 0.122 0.7169 0.7575 0.1131 0.0005 0.012956 -2.066741 -2.1259 0 4.1800 0  20 33 31 20 16 13 -17 2  0 1 1 1 0 20 0 12.14 
0.189 2 2.10 2.10 2.1 2.1 0.118 0.089 0.7044 0.6924 0.1137 0.0005 0.010364 -2.066751 -2.1259 0 4.1800 0  26 1 8 23 4 33 26 27  0 1 1 1 0 20 0 12.14 
0.190 2 2.10 2.10 2.1 2.1 0.082 0.069 0.6804 0.7044 0.1143 0.0005 0.012956 -2.066751 -2.1259 0 4.1800 0  32 -7 11 2 4 11 15 5  0 1 1 1 0 20 0 12.14 
0.191 2 2.10 2.10 2.1 2.1 0.090 0.131 0.7169 0.6924 0.1151 0.0006 0.012956 -2.066749 -2.1259 0 4.1800 0  22 29 35 -19 15 24 36 33  0 1 1 1 0 20 0 12.14 
0.192 2 2.10 2.10 2.1 2.1 0.184 0.116 0.6924 0.7044 0.1159 0.0006 0.012956 -2.066743 -2.1259 0 4.1800 0  15 13 -1 25 -28 13 2 -7  0 1 1 1 0 20 0 12.14 
0.193 2 2.10 2.10 2.1 2.1 0.156 0.083 0.7044 0.7169 0.1165 0.0006 0.010364 -2.066731 -2.1259 0 4.1800 0  9 -19 22 30 -8 51 17 9  0 1 1 1 0 20 0 12.13 
0.194 2 2.10 2.10 2.1 2.1 0.134 0.091 0.7169 0.7302 0.1171 0.0006 0.012956 -2.066722 -2.1259 0 4.1800 0  23 -41 7 -2 -3 41 -1 -9  0 1 1 1 0 20 0 12.14 
0.195 2 2.10 2.10 2.1 2.1 0.129 0.086 0.7044 0.7575 0.1179 0.0006 0.012956 -2.066715 -2.1259 0 4.1800 0  29 48 -1 15 10 31 -28 20  0 1 1 1 0 20 0 12.13 
0.196 2 2.10 2.10 2.1 2.1 0.132 0.095 0.7169 0.7434 0.1187 0.0006 0.012956 -2.066704 -2.1259 0 4.1800 0  28 -26 17 49 -1 30 -5 1  0 1 1 1 0 20 0 12.13 
0.197 2 2.10 2.10 2.1 2.1 0.131 0.107 0.7169 0.7575 0.1195 0.0006 0.012956 -2.066696 -2.1259 0 4.1800 0  32 -17 12 14 10 40 13 12  0 1 1 1 0 20 0 12.14 
0.198 2 2.10 2.10 2.1 2.1 0.131 0.055 0.6924 0.6924 0.1199 0.0006 0.012956 -2.066691 -2.1259 0 4.1800 0  23 21 -1 21 -17 14 -5 -4  0 1 1 1 0 20 0 12.14 
0.199 2 2.10 2.10 2.1 2.1 0.121 0.031 0.7044 0.7302 0.1207 0.0006 0.012956 -2.066688 -2.1259 0 4.1800 0  35 26 29 11 11 31 -12 5  0 1 1 1 0 20 0 12.14 
0.200 4 4.10 4.10 4.1 4.1 0.132 0.153 0.6691 0.6691 0.1215 0.0006 0.012956 -2.066693 -2.1259 0 4.1800 0  27 42 14 25 -16 21 17 32  0 1 1 1 0 20 0 12.13 
0.201 4 4.10 4.10 4.1 4.1 0.318 0.311 0.7302 0.7434 0.1223 0.0006 0.012956 -2.066702 -2.1259 0 4.1800 0  20 11 3 21 8 27 15 31  0 1 1 1 0 20 0 12.05 
0.202 4 4.10 4.10 4.1 4.1 0.455 0.400 0.7434 0.6474 0.1227 0.0007 0.012956 -2.066705 -2.1259 0 4.1800 0  22 -4 19 40 35 53 37 33  0 1 1 1 0 20 0 12.01 
0.203 4 4.10 4.10 4.1 4.1 0.527 0.512 0.7302 0.7169 0.1235 0.0007 0.012956 -2.066705 -2.1259 0 4.1800 0  11 2 28 39 19 41 -10 23  0 1 1 1 0 20 0 11.98 
0.204 4 4.10 4.10 4.1 4.1 0.566 0.579 0.7723 0.7575 0.1243 0.0007 0.012956 -2.066714 -2.1259 0 4.1800 0  12 -1 -14 -10 6 15 7 -1  0 1 1 1 0 20 0 11.97 
0.205 4 4.10 4.10 4.1 4.1 0.626 0.622 0.7723 0.7872 0.1251 0.0007 0.012956 -2.066726 -2.1259 0 4.1800 0  29 -4 -8 15 24 31 23 33  0 1 1 1 0 20 0 11.99 
0.206 4 4.10 4.10 4.1 4.1 0.517 0.557 0.8032 0.7723 0.1259 0.0007 0.012956 -2.066735 -2.1259 0 4.1800 0  31 7 19 24 22 11 0 33  0 1 1 1 0 20 0 11.99 
0.207 4 4.10 4.10 4.1 4.1 0.557 0.519 0.8543 0.7169 0.1269 0.0007 0.015547 -2.066729 -2.1259 0 4.1800 0  21 -7 7 31 13 43 4 20  0 1 1 1 0 20 0 11.99 
0.208 4 4.10 4.10 4.1 4.1 0.546 0.515 0.8727 0.8366 0.1277 0.0007 0.015547 -2.066710 -2.1259 0 4.1800 0  0 26 24 28 -18 37 17 11  0 1 1 1 0 20 0 12.00 
0.209 4 4.10 4.10 4.1 4.1 0.562 0.456 0.8924 0.8727 0.1287 0.0007 0.012956 -2.066701 -2.1259 0 4.1800 0  2 0 25 -5 3 28 13 12  0 1 1 1 0 20 0 12.00 
0.210 4 4.10 4.10 4.1 4.1 0.500 0.439 0.9125 0.8924 0.1295 0.0007 0.012956 -2.066704 -2.1259 0 4.1800 0  16 39 41 43 20 30 3 16  0 1 1 1 0 20 0 12.00 
0.211 4 4.10 4.10 4.1 4.1 0.479 0.482 0.9338 0.9559 0.1305 0.0008 0.015547 -2.066703 -2.1259 0 4.1800 0  -1 15 15 63 18 60 17 13  0 1 1 1 0 20 0 12.00 
0.212 4 4.10 4.10 4.1 4.1 0.492 0.447 0.9796 0.9796 0.1315 0.0008 0.012956 -2.066706 -2.1259 0 4.1800 0  4 16 21 45 28 11 28 5  0 1 1 1 0 20 0 12.00 
0.213 4 4.10 4.10 4.1 4.1 0.409 0.420 0.9796 1.0041 0.1325 0.0008 0.015547 -2.066712 -2.1259 0 4.1800 0  3 15 -9 17 23 29 -25 9  0 1 1 1 0 20 0 12.02 
0.214 4 4.10 4.10 4.1 4.1 0.425 0.405 0.9796 1.0041 0.1333 0.0008 0.015547 -2.066719 -2.1259 0 4.1800 0  8 12 -2 -10 2 14 23 21  0 1 1 1 0 20 0 12.03 
0.215 4 4.10 4.10 4.1 4.1 0.394 0.419 1.0298 1.0298 0.1345 0.0008 0.015547 -2.066728 -2.1259 0 4.1800 0  7 13 33 43 21 36 -3 14  0 1 1 1 0 20 0 12.03 
0.216 4 4.10 4.10 4.1 4.1 0.536 0.393 1.0041 1.0567 0.1353 0.0008 0.015547 -2.066740 -2.1259 0 4.1800 0  11 28 10 36 2 25 29 -5  0 1 1 1 0 20 0 12.03 
0.217 4 4.10 4.10 4.1 4.1 0.455 0.447 1.0567 1.0567 0.1365 0.0009 0.015547 -2.066757 -2.1259 0 4.1800 0  21 8 19 10 10 14 0 12  0 1 1 1 0 20 0 12.03 
0.218 4 4.10 4.10 4.1 4.1 0.419 0.440 1.0567 1.0852 0.1376 0.0009 0.018138 -2.066772 -2.1259 0 4.1800 0  34 13 11 15 26 39 6 16  0 1 1 1 0 20 0 12.03 
0.219 4 4.10 4.10 4.1 4.1 0.392 0.343 1.0852 1.1153 0.1386 0.0009 0.015547 -2.066761 -2.1259 0 4.1800 0  14 19 22 28 6 29 14 17  0 1 1 1 0 20 0 12.04 
0.220 4 4.10 4.10 4.1 4.1 0.385 0.325 1.0852 1.1153 0.1398 0.0009 0.015547 -2.066725 -2.1259 0 4.1800 0  17 -1 8 2 -1 -5 11 4  0 1 1 1 0 20 0 12.05 
0.221 4 4.10 4.10 4.1 4.1 0.392 0.390 1.1153 1.1153 0.1408 0.0009 0.018138 -2.066677 -2.1259 0 4.1800 0  -3 -1 0 13 -4 28 -9 13  0 1 1 1 0 20 0 12.04 
0.222 4 4.10 4.10 4.1 4.1 0.405 0.355 1.1474 1.1153 0.1420 0.0009 0.018138 -2.066602 -2.1259 0 4.1800 0  2 -12 6 30 24 20 27 20  0 1 1 1 0 20 0 12.04 
0.223 4 4.10 4.10 4.1 4.1 0.378 0.373 1.1474 1.1474 0.1430 0.0010 0.015547 -2.066510 -2.1259 0 4.1800 0  -5 9 9 14 -11 32 37 4  0 1 1 1 0 20 0 12.04 
0.224 4 4.10 4.10 4.1 4.1 0.343 0.348 1.0298 1.2169 0.1440 0.0010 0.018138 -2.066417 -2.1259 0 4.1800 0  15 4 9 35 37 57 24 24  0 1 1 1 0 20 0 12.04 
0.225 4 4.10 4.10 4.1 4.1 0.345 0.325 1.1474 1.2169 0.1452 0.0010 0.018138 -2.066320 -2.1259 0 4.1800 0  5 17 6 6 1 22 -25 7  0 1 1 1 0 20 0 12.05 
0.226 4 4.10 4.10 4.1 4.1 0.346 0.302 1.1812 1.2169 0.1464 0.0010 0.018138 -2.066238 -2.1259 0 4.1800 0  20 -1 14 26 22 44 29 9  0 1 1 1 0 20 0 12.05 
0.227 4 4.10 4.10 4.1 4.1 0.313 0.337 1.1474 1.2169 0.1476 0.0010 0.018138 -2.066178 -2.1259 0 4.1800 0  14 36 13 26 21 1 22 22  0 1 1 1 0 20 0 12.05 
0.228 4 4.10 4.10 4.1 4.1 0.350 0.307 1.1812 1.2551 0.1488 0.0011 0.018138 -2.066136 -2.1259 0 4.1800 0  12 -9 25 43 11 49 17 10  0 1 1 1 0 20 0 12.06 
0.229 4 4.10 4.10 4.1 4.1 0.321 0.355 1.1812 1.2169 0.1500 0.0011 0.018138 -2.066122 -2.1259 0 4.1800 0  20 18 23 22 8 19 -2 4  0 1 1 1 0 20 0 12.05 
0.230 4 4.10 4.10 4.1 4.1 0.359 0.310 1.2169 1.2952 0.1512 0.0011 0.018138 -2.066138 -2.1259 0 4.1800 0  17 11 -1 19 21 48 15 29  0 1 1 1 0 20 0 12.05 
0.231 4 4.10 4.10 4.1 4.1 0.288 0.299 1.0852 1.2551 0.1524 0.0011 0.018138 -2.066190 -2.1259 0 4.1800 0  15 -4 0 15 2 10 6 5  0 1 1 1 0 20 0 12.06 
0.232 4 4.10 4.10 4.1 4.1 0.290 0.272 1.1812 1.2952 0.1534 0.0012 0.020729 -2.066276 -2.1259 0 4.1800 0  14 1 16 24 17 37 28 6  0 1 1 1 0 20 0 12.06 
0.233 4 4.10 4.10 4.1 4.1 0.345 0.285 1.2169 1.2952 0.1546 0.0012 0.020729 -2.066376 -2.1259 0 4.1800 0  8 -4 10 42 3 13 -2 2  0 1 1 1 0 20 0 12.06 
0.234 4 4.10 4.10 4.1 4.1 0.278 0.264 1.2169 1.3848 0.1558 0.0012 0.020729 -2.066474 -2.1259 0 4.1800 0  8 -12 -2 -7 12 -7 32 28  0 1 1 1 0 20 0 12.06 
0.235 4 4.10 4.10 4.1 4.1 0.314 0.283 1.2551 1.3848 0.1572 0.0012 0.023320 -2.066551 -2.1259 0 4.1800 0  16 12 -2 26 -4 2 -13 21  0 1 1 1 0 20 0 12.05 
0.236 4 4.10 4.10 4.1 4.1 0.316 0.245 1.2551 1.3386 0.1584 0.0013 0.023320 -2.066595 -2.1259 0 4.1800 0  25 2 14 42 2 30 4 14  0 1 1 1 0 20 0 12.07 
0.237 4 4.10 4.10 4.1 4.1 0.268 0.262 1.2551 1.3386 0.1596 0.0013 0.023320 -2.066607 -2.1259 0 4.1800 0  14 -30 7 32 8 26 28 15  0 1 1 1 0 20 0 12.07 
0.238 4 4.10 4.10 4.1 4.1 0.289 0.268 1.2169 1.2952 0.1608 0.0013 0.023320 -2.066588 -2.1259 0 4.1800 0  15 24 26 7 -8 -5 31 30  0 1 1 1 0 20 0 12.06 
0.239 4 4.10 4.10 4.1 4.1 0.289 0.264 1.2952 1.3386 0.1620 0.0013 0.023320 -2.066536 -2.1259 0 4.1800 0  12 22 29 35 18 38 0 3  0 1 1 1 0 20 0 12.06 
0.240 4 4.10 4.10 4.1 4.1 0.297 0.261 1.2952 1.3848 0.1635 0.0014 0.020729 -2.066451 -2.1259 0 4.1800 0  32 13 15 46 10 38 9 13  0 1 1 1 0 20 0 12.06 
0.241 4 4.10 4.10 4.1 4.1 0.319 0.253 1.2551 1.1812 0.1645 0.0014 0.023320 -2.066343 -2.1259 0 4.1800 0  21 -10 9 37 16 19 17 5  0 1 1 1 0 20 0 12.06 
0.242 4 4.10 4.10 4.1 4.1 0.283 0.247 1.3386 1.3848 0.1661 0.0014 0.023320 -2.066246 -2.1259 0 4.1800 0  13 9 30 42 16 44 7 27  0 1 1 1 0 20 0 12.07 
0.243 4 4.10 4.10 4.1 4.1 0.304 0.203 1.2952 1.3386 0.1673 0.0015 0.023320 -2.066163 -2.1259 0 4.1800 0  19 13 12 25 2 22 -3 -9  0 1 1 1 0 20 0 12.07 
0.244 4 4.10 4.10 4.1 4.1 0.264 0.203 1.2952 1.4342 0.1685 0.0015 0.023320 -2.066087 -2.1259 0 4.1800 0  9 18 11 14 -14 20 0 1  0 1 1 1 0 20 0 12.07 
0.245 4 4.10 4.10 4.1 4.1 0.279 0.253 1.2952 1.4342 0.1699 0.0015 0.025911 -2.066032 -2.1259 0 4.1800 0  5 0 21 36 19 38 26 -1  0 1 1 1 0 20 0 12.08 
0.246 4 4.10 4.10 4.1 4.1 0.306 0.221 1.2952 1.3848 0.1711 0.0016 0.025911 -2.066002 -2.1259 0 4.1800 0  18 22 -4 19 6 7 5 24  0 1 1 1 0 20 0 12.07 
0.247 4 4.10 4.10 4.1 4.1 0.245 0.230 1.2952 1.4342 0.1723 0.0016 0.025911 -2.066004 -2.1259 0 4.1800 0  28 16 21 18 11 20 -6 24  0 1 1 1 0 20 0 12.08 
0.248 4 4.10 4.10 4.1 4.1 0.226 0.212 1.2952 1.3848 0.1735 0.0016 0.025911 -2.066043 -2.1259 0 4.1800 0  17 3 14 33 14 23 36 4  0 1 1 1 0 20 0 12.07 
0.249 4 4.10 4.10 4.1 4.1 0.291 0.219 1.2952 1.3848 0.1751 0.0017 0.025911 -2.066099 -2.1259 0 4.1800 0  5 21 33 14 3 -11 18 14  0 1 1 1 0 20 0 12.07 
0.250 4 4.10 4.10 4.1 4.1 0.294 0.200 1.2952 1.4342 0.1763 0.0017 0.025911 -2.066161 -2.1259 0 4.1800 0  8 20 24 35 -20 16 25 3  0 1 1 1 0 20 0 12.08 
0.251 4 4.10 4.10 4.1 4.1 0.275 0.207 1.3386 1.4342 0.1777 0.0017 0.028502 -2.066228 -2.1259 0 4.1800 0  33 23 43 36 2 34 7 8  0 1 1 1 0 20 0 12.08 
0.252 4 4.10 4.10 4.1 4.1 0.246 0.202 1.3386 1.3848 0.1789 0.0018 0.028502 -2.066293 -2.1259 0 4.1800 0  15 4 5 42 35 48 23 29  0 1 1 1 0 20 0 12.08 
0.253 4 4.10 4.10 4.1 4.1 0.229 0.230 1.3386 1.3848 0.1801 0.0018 0.028502 -2.066342 -2.1259 0 4.1800 0  11 9 -9 27 13 21 20 26  0 1 1 1 0 20 0 12.06 
0.254 4 4.10 4.10 4.1 4.1 0.277 0.220 1.3848 1.4342 0.1817 0.0018 0.028502 -2.066369 -2.1259 0 4.1800 0  14 20 34 12 -25 10 14 9  0 1 1 1 0 20 0 12.08 
0.255 4 4.10 4.10 4.1 4.1 0.220 0.191 1.3386 1.4342 0.1829 0.0019 0.028502 -2.066380 -2.1259 0 4.1800 0  12 -5 6 8 -16 13 -2 14  0 1 1 1 0 20 0 12.08 
0.256 4 4.10 4.10 4.1 4.1 0.261 0.172 1.3386 1.4342 0.1841 0.0019 0.028502 -2.066373 -2.1259 0 4.1800 0  12 -18 20 44 3 10 -22 25  0 1 1 1 0 20 0 12.09 
0.257 4 4.10 4.10 4.1 4.1 0.257 0.184 1.3848 1.4342 0.1855 0.0020 0.031093 -2.066360 -2.1259 0 4.1800 0  28 -7 4 -3 -11 -10 -8 11  0 1 1 1 0 20 0 12.09 
0.258 4 4.10 4.10 4.1 4.1 0.222 0.146 1.2952 1.4342 0.1867 0.0020 0.031093 -2.066343 -2.1259 0 4.1800 0  17 1 0 10 0 -5 -10 11  0 1 1 1 0 20 0 12.08 
0.259 4 4.10 4.10 4.1 4.1 0.238 0.215 1.3386 1.4342 0.1881 0.0020 0.028502 -2.066316 -2.1259 0 4.1800 0  21 -3 1 31 -7 25 18 0  0 1 1 1 0 20 0 12.08 
0.260 4 4.10 4.10 4.1 4.1 0.221 0.203 1.3386 1.4872 0.1895 0.0021 0.031093 -2.066278 -2.1259 0 4.1800 0  2 36 20 23 4 12 20 8  0 1 1 1 0 20 0 12.09 
0.261 4 4.10 4.10 4.1 4.1 0.251 0.184 1.3848 1.4342 0.1908 0.0021 0.031093 -2.066248 -2.1259 0 4.1800 0  -9 11 24 32 -8 10 -15 -6  0 1 1 1 0 20 0 12.08 
0.262 4 4.10 4.10 4.1 4.1 0.223 0.192 1.3386 1.4342 0.1922 0.0022 0.033685 -2.066231 -2.1259 0 4.1800 0  4 19 6 4 -3 20 2 16  0 1 1 1 0 20 0 12.09 
0.263 4 4.10 4.10 4.1 4.1 0.179 0.219 1.3848 1.4872 0.1936 0.0022 0.031093 -2.066228 -2.1259 0 4.1800 0  4 4 18 13 13 -4 42 29  0 1 1 1 0 20 0 12.08 
0.264 4 4.10 4.10 4.1 4.1 0.234 0.202 1.3848 1.4872 0.1950 0.0023 0.033685 -2.066242 -2.1259 0 4.1800 0  21 0 21 18 -5 32 -6 14  0 1 1 1 0 20 0 12.08 
0.265 4 4.10 4.10 4.1 4.1 0.207 0.185 1.3386 1.4872 0.1962 0.0023 0.033685 -2.066270 -2.1259 0 4.1800 0  16 8 4 34 13 42 20 14  0 1 1 1 0 20 0 12.09 
0.266 4 4.10 4.10 4.1 4.1 0.265 0.167 1.3848 1.4342 0.1978 0.0023 0.033685 -2.066307 -2.1259 0 4.1800 0  6 -8 2 14 11 25 3 2  0 1 1 1 0 20 0 12.08 
0.267 4 4.10 4.10 4.1 4.1 0.239 0.158 1.3848 1.4342 0.1990 0.0024 0.033685 -2.066343 -2.1259 0 4.1800 0  18 27 7 25 10 27 21 29  0 1 1 1 0 20 0 12.09 
0.268 4 4.10 4.10 4.1 4.1 0.204 0.164 1.3386 1.4872 0.2004 0.0024 0.036276 -2.066393 -2.1259 0 4.1800 0  10 14 -1 15 -2 13 1 13  0 1 1 1 0 20 0 12.08 
0.269 4 4.10 4.10 4.1 4.1 0.253 0.207 1.2952 1.4872 0.2016 0.0025 0.036276 -2.066457 -2.1259 0 4.1800 0  27 39 -3 18 6 11 48 16  0 1 1 1 0 20 0 12.08 
0.270 4 4.10 4.10 4.1 4.1 0.222 0.181 1.4342 1.4342 0.2030 0.0025 0.033685 -2.066513 -2.1259 0 4.1800 0  14 -4 18 10 -3 -4 4 -5  0 1 1 1 0 20 0 12.09 
0.271 4 4.10 4.10 4.1 4.1 0.230 0.198 1.3848 1.5446 0.2044 0.0026 0.036276 -2.066566 -2.1259 0 4.1800 0  13 8 17 40 41 28 8 12  0 1 1 1 0 20 0 12.09 
0.272 4 4.10 4.10 4.1 4.1 0.195 0.165 1.4342 1.5446 0.2060 0.0026 0.036276 -2.066598 -2.1259 0 4.1800 0  16 13 19 18 -2 11 -2 1  0 1 1 1 0 20 0 12.09 
0.273 4 4.10 4.10 4.1 4.1 0.211 0.171 1.3848 1.5446 0.2072 0.0027 0.036276 -2.066616 -2.1259 0 4.1800 0  35 -12 16 40 5 23 27 2  0 1 1 1 0 20 0 12.08 
0.274 4 4.10 4.10 4.1 4.1 0.256 0.159 1.3848 1.3848 0.2086 0.0027 0.038867 -2.066626 -2.1259 0 4.1800 0  15 6 19 0 -4 -9 20 51  0 1 1 1 0 20 0 12.08 
0.275 4 4.10 4.10 4.1 4.1 0.184 0.207 1.3848 1.5446 0.2100 0.0028 0.036276 -2.066625 -2.1259 0 4.1800 0  15 -8 15 16 -7 26 -19 14  0 1 1 1 0 20 0 12.08 
0.276 4 4.10 4.10 4.1 4.1 0.242 0.184 1.4342 1.5446 0.2114 0.0028 0.038867 -2.066607 -2.1259 0 4.1800 0  3 10 28 38 2 32 -11 8  0 1 1 1 0 20 0 12.08 
0.277 4 4.10 4.10 4.1 4.1 0.202 0.214 1.3848 1.4872 0.2126 0.0029 0.038867 -2.066564 -2.1259 0 4.1800 0  18 14 15 16 15 28 30 14  0 1 1 1 0 20 0 12.09 
0.278 4 4.10 4.10 4.1 4.1 0.213 0.169 1.3848 1.4872 0.2142 0.0029 0.038867 -2.066531 -2.1259 0 4.1800 0  28 4 8 23 23 24 17 33  0 1 1 1 0 20 0 12.09 
0.279 4 4.10 4.10 4.1 4.1 0.213 0.144 1.4342 1.5446 0.2154 0.0030 0.038867 -2.066508 -2.1259 0 4.1800 0  19 20 10 12 4 19 0 26  0 1 1 1 0 20 0 12.10 
0.280 4 4.10 4.10 4.1 4.1 0.239 0.176 1.4342 1.5446 0.2168 0.0030 0.041458 -2.066486 -2.1259 0 4.1800 0  14 11 14 23 7 18 42 7  0 1 1 1 0 20 0 12.09 
0.281 4 4.10 4.10 4.1 4.1 0.219 0.181 1.3848 1.4342 0.2182 0.0031 0.038867 -2.066471 -2.1259 0 4.1800 0  22 23 -7 -3 10 19 15 9  0 1 1 1 0 20 0 12.10 
0.282 4 4.10 4.10 4.1 4.1 0.186 0.188 1.4342 1.5446 0.2196 0.0032 0.041458 -2.066468 -2.1259 0 4.1800 0  43 32 22 29 28 20 31 2  0 1 1 1 0 20 0 12.09 
0.283 4 4.10 4.10 4.1 4.1 0.212 0.191 1.4342 1.4342 0.2211 0.0032 0.038867 -2.066488 -2.1259 0 4.1800 0  8 21 11 36 16 13 26 11  0 1 1 1 0 20 0 12.09 
0.284 4 4.10 4.10 4.1 4.1 0.179 0.182 1.4342 1.5446 0.2225 0.0033 0.041458 -2.066531 -2.1259 0 4.1800 0  7 -5 7 5 8 -41 -21 33  0 1 1 1 0 20 0 12.08 
0.285 4 4.10 4.10 4.1 4.1 0.215 0.169 1.3848 1.4872 0.2239 0.0033 0.044049 -2.066589 -2.1259 0 4.1800 0  10 7 2 19 33 20 20 27  0 1 1 1 0 20 0 12.09 
0.286 4 4.10 4.10 4.1 4.1 0.238 0.160 1.4872 1.4872 0.2253 0.0034 0.041458 -2.066643 -2.1259 0 4.1800 0  3 15 17 49 2 39 5 16  0 1 1 1 0 20 0 12.09 
0.287 4 4.10 4.10 4.1 4.1 0.183 0.178 1.4342 1.4872 0.2267 0.0035 0.044049 -2.066699 -2.1259 0 4.1800 0  11 14 -11 23 13 29 42 28  0 1 1 1 0 20 0 12.09 
0.288 4 4.10 4.10 4.1 4.1 0.233 0.164 1.4342 1.5446 0.2281 0.0035 0.041458 -2.066752 -2.1259 0 4.1800 0  12 4 11 40 -16 32 7 8  0 1 1 1 0 20 0 12.09 
0.289 4 4.10 4.10 4.1 4.1 0.204 0.209 1.4342 1.5446 0.2295 0.0036 0.044049 -2.066799 -2.1259 0 4.1800 0  28 14 -10 37 23 51 51 12  0 1 1 1 0 20 0 12.09 
0.290 4 4.10 4.10 4.1 4.1 0.224 0.140 1.4342 1.5446 0.2309 0.0036 0.041458 -2.066840 -2.1259 0 4.1800 0  1 14 10 37 3 27 37 16  0 1 1 1 0 20 0 12.09 
0.291 4 4.10 4.10 4.1 4.1 0.167 0.163 1.4342 1.5446 0.2323 0.0037 0.044049 -2.066861 -2.1259 0 4.1800 0  13 33 3 30 54 23 27 39  0 1 1 1 0 20 0 12.09 
0.292 4 4.10 4.10 4.1 4.1 0.196 0.121 1.4342 1.6065 0.2337 0.0038 0.046640 -2.066856 -2.1259 0 4.1800 0  23 14 20 17 8 28 3 20  0 1 1 1 0 20 0 12.09 
0.293 4 4.10 4.10 4.1 4.1 0.219 0.180 1.4342 1.5446 0.2351 0.0038 0.044049 -2.066829 -2.1259 0 4.1800 0  -5 12 36 29 0 11 31 22  0 1 1 1 0 20 0 12.10 
0.294 4 4.10 4.10 4.1 4.1 0.210 0.145 1.4342 1.5446 0.2365 0.0039 0.046640 -2.066793 -2.1259 0 4.1800 0  7 19 -29 16 11 17 40 3  0 1 1 1 0 20 0 12.09 
0.295 4 4.10 4.10 4.1 4.1 0.150 0.192 1.4342 1.5446 0.2379 0.0040 0.044049 -2.066747 -2.1259 0 4.1800 0  20 -16 7 16 10 49 -1 19  0 1 1 1 0 20 0 12.09 
0.296 4 4.10 4.10 4.1 4.1 0.185 0.160 1.4342 1.5446 0.2393 0.0040 0.046640 -2.066710 -2.1259 0 4.1800 0  21 12 9 25 -13 7 -10 17  0 1 1 1 0 20 0 12.09 
0.297 4 4.10 4.10 4.1 4.1 0.237 0.157 1.4342 1.4872 0.2409 0.0041 0.046640 -2.066694 -2.1259 0 4.1800 0  4 1 15 14 -7 23 7 3  0 1 1 1 0 20 0 12.10 
0.298 4 4.10 4.10 4.1 4.1 0.200 0.145 1.4872 1.5446 0.2421 0.0041 0.046640 -2.066693 -2.1259 0 4.1800 0  20 15 12 1 -31 4 -2 3  0 1 1 1 0 20 0 12.08 
0.299 4 4.10 4.10 4.1 4.1 0.210 0.150 1.4342 1.6065 0.2435 0.0042 0.049231 -2.066705 -2.1259 0 4.1800 0  12 10 38 38 28 35 0 4  0 1 1 1 0 20 0 12.09 
0.300 4 4.10 4.10 4.1 4.1 0.202 0.165 1.4872 1.5446 0.2451 0.0043 0.049231 -2.066729 -2.1259 0 4.1800 0  34 16 13 6 31 38 21 13  0 1 1 1 0 20 0 12.09 
0.301 4 4.10 4.10 4.1 4.1 0.215 0.157 1.4342 1.5446 0.2463 0.0044 0.049231 -2.066776 -2.1259 0 4.1800 0  9 8 37 60 17 25 8 27  0 1 1 1 0 20 0 12.08 
0.302 4 4.10 4.10 4.1 4.1 0.210 0.139 1.4342 1.5446 0.2479 0.0044 0.049231 -2.066837 -2.1259 0 4.1800 0  20 15 1 26 20 35 12 11  0 1 1 1 0 20 0 12.09 
0.303 4 4.10 4.10 4.1 4.1 0.181 0.140 1.4342 1.5446 0.2491 0.0045 0.049231 -2.066895 -2.1259 0 4.1800 0  10 27 -20 -14 -11 14 17 0  0 1 1 1 0 20 0 12.10 
0.304 4 4.10 4.10 4.1 4.1 0.219 0.158 1.4872 1.6065 0.2507 0.0046 0.049231 -2.066940 -2.1259 0 4.1800 0  18 -2 23 20 18 52 6 32  0 1 1 1 0 20 0 12.10 
0.305 4 4.10 4.10 4.1 4.1 0.151 0.128 1.4342 1.6065 0.2521 0.0046 0.051822 -2.066971 -2.1259 0 4.1800 0  11 17 5 34 8 26 33 11  0 1 1 1 0 20 0 12.10 
0.306 4 4.10 4.10 4.1 4.1 0.181 0.111 1.3386 1.4872 0.2536 0.0047 0.049231 -2.066986 -2.1259 0 4.1800 0  10 2 7 8 -1 20 23 5  0 1 1 1 0 20 0 12.09 
0.307 4 4.10 4.10 4.1 4.1 0.211 0.162 1.4342 1.4872 0.2550 0.0048 0.051822 -2.066989 -2.1259 0 4.1800 0  8 -22 4 45 43 11 31 13  0 1 1 1 0 20 0 12.10 
0.308 4 4.10 4.10 4.1 4.1 0.195 0.135 1.4342 1.5446 0.2562 0.0048 0.051822 -2.066979 -2.1259 0 4.1800 0  10 21 -5 43 34 31 24 40  0 1 1 1 0 20 0 12.10 
0.309 4 4.10 4.10 4.1 4.1 0.202 0.153 1.4342 1.6065 0.2578 0.0049 0.051822 -2.066953 -2.1259 0 4.1800 0  19 7 -1 27 32 22 31 13  0 1 1 1 0 20 0 12.10 
0.310 4 4.10 4.10 4.1 4.1 0.180 0.120 1.4342 1.4872 0.2592 0.0050 0.054414 -2.066926 -2.1259 0 4.1800 0  15 0 18 21 -8 30 12 16  0 1 1 1 0 20 0 12.10 
0.311 4 4.10 4.10 4.1 4.1 0.210 0.154 1.4872 1.4872 0.2606 0.0051 0.051822 -2.066907 -2.1259 0 4.1800 0  11 15 0 23 8 20 11 2  0 1 1 1 0 20 0 12.09 
0.312 4 4.10 4.10 4.1 4.1 0.207 0.135 1.4872 1.5446 0.2620 0.0052 0.054414 -2.066891 -2.1259 0 4.1800 0  35 13 14 15 12 10 36 18  0 1 1 1 0 20 0 12.10 
0.313 4 4.10 4.10 4.1 4.1 0.180 0.180 1.4342 1.5446 0.2636 0.0052 0.054414 -2.066869 -2.1259 0 4.1800 0  15 12 11 20 20 6 26 23  0 1 1 1 0 20 0 12.08 
0.314 4 4.10 4.10 4.1 4.1 0.207 0.135 1.4872 1.5446 0.2648 0.0053 0.054414 -2.066863 -2.1259 0 4.1800 0  20 0 27 28 16 32 4 9  0 1 1 1 0 20 0 12.10 
0.315 4 4.10 4.10 4.1 4.1 0.169 0.155 1.4342 1.6065 0.2664 0.0054 0.054414 -2.066879 -2.1259 0 4.1800 0  5 30 20 22 4 20 19 27  0 1 1 1 0 20 0 12.08 
0.316 4 4.10 4.10 4.1 4.1 0.199 0.149 1.4342 1.5446 0.2678 0.0055 0.057005 -2.066890 -2.1259 0 4.1800 0  10 16 14 31 -18 19 8 17  0 1 1 1 0 20 0 12.09 
0.317 4 4.10 4.10 4.1 4.1 0.177 0.158 1.4342 1.5446 0.2692 0.0055 0.054414 -2.066900 -2.1259 0 4.1800 0  9 1 29 13 8 -3 33 11  0 1 1 1 0 20 0 12.10 
0.318 4 4.10 4.10 4.1 4.1 0.190 0.123 1.4342 1.5446 0.2706 0.0056 0.057005 -2.066915 -2.1259 0 4.1800 0  8 -9 -4 12 -7 -4 -1 3  0 1 1 1 0 20 0 12.10 
0.319 4 4.10 4.10 4.1 4.1 0.196 0.143 1.4342 1.3386 0.2720 0.0057 0.054414 -2.066931 -2.1259 0 4.1800 0  8 -8 15 8 -14 33 15 5  0 1 1 1 0 20 0 12.10 
0.320 4 4.10 4.10 4.1 4.1 0.212 0.127 1.4342 1.6065 0.2734 0.0058 0.057005 -2.066950 -2.1259 0 4.1800 0  25 -4 -7 -1 4 -7 15 15  0 1 1 1 0 20 0 12.10 
0.321 4 4.10 4.10 4.1 4.1 0.228 0.120 1.3848 1.5446 0.2748 0.0059 0.059596 -2.066954 -2.1259 0 4.1800 0  27 5 9 32 17 20 27 8  0 1 1 1 0 20 0 12.10 
0.322 4 4.10 4.10 4.1 4.1 0.203 0.163 1.4872 1.6065 0.2764 0.0060 0.059596 -2.066940 -2.1259 0 4.1800 0  15 -7 2 6 -10 5 24 20  0 1 1 1 0 20 0 12.09 
0.323 4 4.10 4.10 4.1 4.1 0.175 0.143 1.4342 1.4872 0.2776 0.0060 0.059596 -2.066916 -2.1259 0 4.1800 0  12 -5 19 -6 18 20 25 18  0 1 1 1 0 20 0 12.11 
0.324 4 4.10 4.10 4.1 4.1 0.168 0.097 1.4342 1.5446 0.2792 0.0061 0.059596 -2.066895 -2.1259 0 4.1800 0  15 -13 9 -11 -11 -26 -24 -7  0 1 1 1 0 20 0 12.10 
0.325 4 4.10 4.10 4.1 4.1 0.195 0.158 1.4872 1.5446 0.2804 0.0062 0.059596 -2.066883 -2.1259 0 4.1800 0  18 -1 24 35 15 42 14 6  0 1 1 1 0 20 0 12.10 
0.326 4 4.10 4.10 4.1 4.1 0.196 0.154 1.4872 1.5446 0.2820 0.0063 0.059596 -2.066867 -2.1259 0 4.1800 0  19 12 7 4 -12 -3 3 11  0 1 1 1 0 20 0 12.09 
0.327 4 4.10 4.10 4.1 4.1 0.210 0.143 1.4342 1.6065 0.2834 0.0064 0.062187 -2.066856 -2.1259 0 4.1800 0  -2 -4 -4 8 3 17 33 11  0 1 1 1 0 20 0 12.09 
0.328 4 4.10 4.10 4.1 4.1 0.155 0.142 1.4872 1.5446 0.2848 0.0065 0.059596 -2.066853 -2.1259 0 4.1800 0  15 5 6 27 14 54 43 25  0 1 1 1 0 20 0 12.10 
0.329 4 4.10 4.10 4.1 4.1 0.193 0.161 1.4342 1.5446 0.2862 0.0066 0.062187 -2.066859 -2.1259 0 4.1800 0  16 -12 16 5 11 3 28 7  0 1 1 1 0 20 0 12.09 
0.330 4 4.10 4.10 4.1 4.1 0.200 0.120 1.4872 1.5446 0.2878 0.0067 0.062187 -2.066864 -2.1259 0 4.1800 0  24 7 5 38 -3 28 33 35  0 1 1 1 0 20 0 12.09 
0.331 4 4.10 4.10 4.1 4.1 0.231 0.171 1.4342 1.5446 0.2890 0.0067 0.062187 -2.066870 -2.1259 0 4.1800 0  12 14 33 47 25 20 29 3  0 1 1 1 0 20 0 12.10 
0.332 4 4.10 4.10 4.1 4.1 0.156 0.110 1.4342 1.6065 0.2906 0.0068 0.062187 -2.066879 -2.1259 0 4.1800 0  12 23 24 17 -10 -6 28 27  0 1 1 1 0 20 0 12.10 
0.333 4 4.10 4.10 4.1 4.1 0.139 0.139 1.4872 1.6065 0.2920 0.0069 0.064778 -2.066881 -2.1259 0 4.1800 0  2 -2 20 28 -1 42 19 19  0 1 1 1 0 20 0 12.10 
0.334 4 4.10 4.10 4.1 4.1 0.211 0.148 1.4872 1.4872 0.2934 0.0070 0.062187 -2.066878 -2.1259 0 4.1800 0  18 17 5 9 19 25 5 7  0 1 1 1 0 20 0 12.09 
0.335 4 4.10 4.10 4.1 4.1 0.155 0.175 1.4342 1.6065 0.2948 0.0071 0.064778 -2.066866 -2.1259 0 4.1800 0  8 -15 9 26 39 18 19 5  0 1 1 1 0 20 0 12.09 
0.336 4 4.10 4.10 4.1 4.1 0.234 0.117 1.4342 1.4872 0.2965 0.0072 0.064778 -2.066855 -2.1259 0 4.1800 0  25 24 16 49 17 32 9 -2  0 1 1 1 0 20 0 12.10 
0.337 4 4.10 4.10 4.1 4.1 0.200 0.148 1.4342 1.5446 0.2977 0.0073 0.064778 -2.066840 -2.1259 0 4.1800 0  30 -18 15 19 -6 -3 36 30  0 1 1 1 0 20 0 12.10 
0.338 4 4.10 4.10 4.1 4.1 0.171 0.141 1.4342 1.5446 0.2993 0.0074 0.064778 -2.066824 -2.1259 0 4.1800 0  8 0 15 25 4 16 26 19  0 1 1 1 0 20 0 12.09 
0.339 4 4.10 4.10 4.1 4.1 0.198 0.150 1.4342 1.6065 0.3007 0.0075 0.067369 -2.066805 -2.1259 0 4.1800 0  9 18 -9 23 12 44 0 7  0 1 1 1 0 20 0 12.09 
0.340 4 4.10 4.10 4.1 4.1 0.200 0.124 1.4342 1.5446 0.3021 0.0076 0.064778 -2.066795 -2.1259 0 4.1800 0  5 10 28 39 0 38 9 4  0 1 1 1 0 20 0 12.09 
0.341 4 4.10 4.10 4.1 4.1 0.221 0.169 1.4872 1.5446 0.3035 0.0077 0.067369 -2.066793 -2.1259 0 4.1800 0  25 -9 4 27 20 35 40 7  0 1 1 1 0 20 0 12.10 
0.342 4 4.10 4.10 4.1 4.1 0.165 0.140 1.5446 1.2952 0.3051 0.0078 0.067369 -2.066791 -2.1259 0 4.1800 0  -1 2 9 31 13 29 6 29  0 1 1 1 0 20 0 12.10 
0.343 4 4.10 4.10 4.1 4.1 0.222 0.147 1.4872 1.6065 0.3063 0.0078 0.067369 -2.066794 -2.1259 0 4.1800 0  0 21 27 47 -5 46 -26 -8  0 1 1 1 0 20 0 12.08 
0.344 4 4.10 4.10 4.1 4.1 0.183 0.150 1.4872 1.6065 0.3079 0.0080 0.067369 -2.066794 -2.1259 0 4.1800 0  19 16 14 30 9 26 21 11  0 1 1 1 0 20 0 12.09 
0.345 4 4.10 4.10 4.1 4.1 0.174 0.082 1.4342 1.6065 0.3093 0.0081 0.069960 -2.066797 -2.1259 0 4.1800 0  20 -11 10 23 10 28 17 14  0 1 1 1 0 20 0 12.10 
0.346 4 4.10 4.10 4.1 4.1 0.196 0.151 1.4872 1.5446 0.3107 0.0081 0.067369 -2.066798 -2.1259 0 4.1800 0  12 -6 15 11 0 20 18 2  0 1 1 1 0 20 0 12.10 
0.347 4 4.10 4.10 4.1 4.1 0.157 0.161 1.4872 1.4872 0.3121 0.0082 0.069960 -2.066793 -2.1259 0 4.1800 0  20 -14 3 11 -18 -3 -13 15  0 1 1 1 0 20 0 12.10 
0.348 4 4.10 4.10 4.1 4.1 0.185 0.135 1.4872 1.6065 0.3137 0.0084 0.069960 -2.066774 -2.1259 0 4.1800 0  20 7 19 12 -16 19 5 5  0 1 1 1 0 20 0 12.09 
0.349 4 4.10 4.10 4.1 4.1 0.183 0.166 1.4342 1.6065 0.3149 0.0084 0.069960 -2.066747 -2.1259 0 4.1800 0  27 5 2 1 8 34 38 5  0 1 1 1 0 20 0 12.10 
0.350 4 4.10 4.10 4.1 4.1 0.193 0.134 1.4342 1.6065 0.3165 0.0086 0.069960 -2.066722 -2.1259 0 4.1800 0  43 28 -4 28 1 26 45 32  0 1 1 1 0 20 0 12.09 
0.351 4 4.10 4.10 4.1 4.1 0.172 0.139 1.4342 1.6065 0.3179 0.0087 0.072551 -2.066693 -2.1259 0 4.1800 0  18 8 -8 17 20 32 27 17  0 1 1 1 0 20 0 12.10 
0.352 4 4.10 4.10 4.1 4.1 0.186 0.143 1.4872 1.5446 0.3193 0.0088 0.069960 -2.066669 -2.1259 0 4.1800 0  9 4 9 17 29 50 30 14  0 1 1 1 0 20 0 12.09 
0.353 4 4.10 4.10 4.1 4.1 0.206 0.177 1.4872 1.5446 0.3207 0.0089 0.072551 -2.066648 -2.1259 0 4.1800 0  10 22 13 38 23 43 17 20  0 1 1 1 0 20 0 12.10 
0.354 4 4.10 4.10 4.1 4.1 0.162 0.110 1.4872 1.3848 0.3223 0.0090 0.072551 -2.066635 -2.1259 0 4.1800 0  9 9 8 -9 -14 7 32 17  0 1 1 1 0 20 0 12.09 
0.355 4 4.10 4.10 4.1 4.1 0.169 0.172 1.5446 1.6065 0.3235 0.0091 0.072551 -2.066638 -2.1259 0 4.1800 0  2 12 15 33 -10 4 -12 13  0 1 1 1 0 20 0 12.10 
0.356 4 4.10 4.10 4.1 4.1 0.183 0.122 1.4872 1.6065 0.3251 0.0092 0.072551 -2.066651 -2.1259 0 4.1800 0  12 16 14 56 24 28 -1 29  0 1 1 1 0 20 0 12.09 
0.357 4 4.10 4.10 4.1 4.1 0.193 0.141 1.4872 1.6065 0.3265 0.0093 0.075143 -2.066662 -2.1259 0 4.1800 0  -2 7 21 47 19 39 0 14  0 1 1 1 0 20 0 12.10 
0.358 4 4.10 4.10 4.1 4.1 0.203 0.126 1.4872 1.6065 0.3279 0.0094 0.072551 -2.066669 -2.1259 0 4.1800 0  16 27 46 47 28 57 24 6  0 1 1 1 0 20 0 12.10 
0.359 4 4.10 4.10 4.1 4.1 0.181 0.162 1.4872 1.5446 0.3293 0.0095 0.075143 -2.066687 -2.1259 0 4.1800 0  19 18 22 4 -11 -12 3 9  0 1 1 1 0 20 0 12.10 
0.360 4 4.10 4.10 4.1 4.1 0.196 0.138 1.4342 1.3848 0.3307 0.0096 0.072551 -2.066708 -2.1259 0 4.1800 0  13 15 16 39 14 37 26 -5  0 1 1 1 0 20 0 12.10 
0.361 4 4.10 4.10 4.1 4.1 0.190 0.192 1.4872 1.6065 0.3321 0.0097 0.075143 -2.066718 -2.1259 0 4.1800 0  37 8 26 -6 13 15 6 7  0 1 1 1 0 20 0 12.08 
0.362 4 4.10 4.10 4.1 4.1 0.173 0.152 1.4872 1.6065 0.3337 0.0098 0.075143 -2.066714 -2.1259 0 4.1800 0  32 19 -4 51 4 35 18 10  0 1 1 1 0 20 0 12.09 
0.363 4 4.10 4.10 4.1 4.1 0.205 0.129 1.4872 1.6065 0.3351 0.0099 0.077734 -2.066702 -2.1259 0 4.1800 0  17 13 48 33 8 19 1 25  0 1 1 1 0 20 0 12.09 
0.364 4 4.10 4.10 4.1 4.1 0.144 0.116 1.4342 1.5446 0.3365 0.0100 0.075143 -2.066693 -2.1259 0 4.1800 0  4 -29 1 1 17 15 9 4  0 1 1 1 0 20 0 12.10 
0.365 4 4.10 4.10 4.1 4.1 0.194 0.146 1.4872 1.5446 0.3379 0.0101 0.077734 -2.066686 -2.1259 0 4.1800 0  22 37 6 34 25 6 -20 31  0 1 1 1 0 20 0 12.10 
0.366 4 4.10 4.10 4.1 4.1 0.226 0.140 1.4872 1.5446 0.3395 0.0103 0.077734 -2.066677 -2.1259 0 4.1800 0  -6 14 28 53 14 46 0 -7  0 1 1 1 0 20 0 12.10 
0.367 4 4.10 4.10 4.1 4.1 0.201 0.156 1.4872 1.6065 0.3407 0.0104 0.077734 -2.066663 -2.1259 0 4.1800 0  4 15 37 37 -1 14 41 0  0 1 1 1 0 20 0 12.10 
0.368 4 4.10 4.10 4.1 4.1 0.219 0.130 1.4872 1.6065 0.3423 0.0105 0.077734 -2.066660 -2.1259 0 4.1800 0  -2 9 4 21 3 20 2 15  0 1 1 1 0 20 0 12.09 
0.369 4 4.10 4.10 4.1 4.1 0.181 0.116 1.4872 1.6065 0.3439 0.0106 0.077734 -2.066662 -2.1259 0 4.1800 0  20 33 40 30 -14 24 1 15  0 1 1 1 0 20 0 12.11 
0.370 4 4.10 4.10 4.1 4.1 0.195 0.157 1.4872 1.6065 0.3451 0.0107 0.077734 -2.066664 -2.1259 0 4.1800 0  7 17 -19 -2 -9 24 4 22  0 1 1 1 0 20 0 12.10 
0.371 4 4.10 4.10 4.1 4.1 0.190 0.129 1.4872 1.6065 0.3467 0.0108 0.077734 -2.066675 -2.1259 0 4.1800 0  31 18 -12 16 1 23 23 15  0 1 1 1 0 20 0 12.11 
0.372 4 4.10 4.10 4.1 4.1 0.162 0.106 1.4872 1.5446 0.3481 0.0109 0.080325 -2.066683 -2.1259 0 4.1800 0  16 27 18 21 -16 20 15 7  0 1 1 1 0 20 0 12.09 
0.373 4 4.10 4.10 4.1 4.1 0.188 0.137 1.3386 1.5446 0.3493 0.0110 0.080325 -2.066685 -2.1259 0 4.1800 0  19 3 -24 -2 -10 18 22 27  0 1 1 1 0 20 0 12.10 
0.374 4 4.10 4.10 4.1 4.1 0.120 0.150 1.4872 1.6065 0.3509 0.0112 0.080325 -2.066689 -2.1259 0 4.1800 0  27 -1 36 24 -9 11 39 -2  0 1 1 1 0 20 0 12.09 
0.375 4 4.10 4.10 4.1 4.1 0.226 0.148 1.4872 1.6065 0.3525 0.0113 0.080325 -2.066703 -2.1259 0 4.1800 0  25 14 8 46 -11 6 37 22  0 1 1 1 0 20 0 12.07 
0.376 4 4.10 4.10 4.1 4.1 0.172 0.106 1.4872 1.5446 0.3537 0.0114 0.080325 -2.066712 -2.1259 0 4.1800 0  10 -5 24 22 1 21 16 20  0 1 1 1 0 20 0 12.10 
0.377 4 4.10 4.10 4.1 4.1 0.196 0.159 1.4342 1.5446 0.3551 0.0115 0.082916 -2.066708 -2.1259 0 4.1800 0  -22 40 -10 38 7 24 -3 -12  0 1 1 1 0 20 0 12.10 
0.378 4 4.10 4.10 4.1 4.1 0.174 0.120 1.4342 1.3386 0.3565 0.0116 0.080325 -2.066690 -2.1259 0 4.1800 0  25 11 18 -3 21 30 28 6  0 1 1 1 0 20 0 12.10 
0.379 4 4.10 4.10 4.1 4.1 0.204 0.203 1.4342 1.6065 0.3579 0.0117 0.082916 -2.066670 -2.1259 0 4.1800 0  17 15 5 37 3 28 -16 4  0 1 1 1 0 20 0 12.09 
0.380 4 4.10 4.10 4.1 4.1 0.187 0.143 1.4342 1.6065 0.3595 0.0119 0.082916 -2.066663 -2.1259 0 4.1800 0  23 17 25 63 26 45 -11 16  0 1 1 1 0 20 0 12.10 
0.381 4 4.10 4.10 4.1 4.1 0.173 0.168 1.2551 1.6065 0.3609 0.0120 0.085507 -2.066663 -2.1259 0 4.1800 0  7 25 -21 11 -3 11 -1 11  0 1 1 1 0 20 0 12.10 
0.382 4 4.10 4.10 4.1 4.1 0.215 0.122 1.4872 1.6065 0.3623 0.0121 0.082916 -2.066669 -2.1259 0 4.1800 0  17 -21 11 34 34 5 3 12  0 1 1 1 0 20 0 12.10 
0.383 4 4.10 4.10 4.1 4.1 0.140 0.163 1.5446 1.6065 0.3639 0.0122 0.082916 -2.066666 -2.1259 0 4.1800 0  2 -3 3 43 0 22 -3 8  0 1 1 1 0 20 0 12.08 
0.384 4 4.10 4.10 4.1 4.1 0.217 0.120 1.4872 1.6065 0.3653 0.0123 0.085507 -2.066677 -2.1259 0 4.1800 0  31 30 38 49 4 24 -1 18  0 1 1 1 0 20 0 12.09 
0.385 4 4.10 4.10 4.1 4.1 0.200 0.165 1.4872 1.5446 0.3667 0.0125 0.082916 -2.066701 -2.1259 0 4.1800 0  25 -9 32 41 -24 2 -34 -13  0 1 1 1 0 20 0 12.09 
0.386 4 4.10 4.10 4.1 4.1 0.188 0.139 1.4872 1.5446 0.3681 0.0126 0.085507 -2.066713 -2.1259 0 4.1800 0  7 23 -9 -10 -31 9 -8 -2  0 1 1 1 0 20 0 12.10 
0.387 4 4.10 4.10 4.1 4.1 0.173 0.134 1.4342 1.6065 0.3697 0.0127 0.085507 -2.066716 -2.1259 0 4.1800 0  22 7 20 3 -36 18 -28 -2  0 1 1 1 0 20 0 12.08 
0.388 4 4.10 4.10 4.1 4.1 0.177 0.148 1.4872 1.5446 0.3709 0.0128 0.085507 -2.066719 -2.1259 0 4.1800 0  20 -8 6 43 -3 33 0 12  0 1 1 1 0 20 0 12.09 
