%% logfile from robot 16
%  1    time 0.000 sec
%  2    mission (0) state 2
%  3  4  5 Acc x,y,z [m/s2]: -9.211044 0.925420 2.596450
%  6  7  8 Gyro x,y,z [deg/s]: 0.091553 -0.152588 0.122070
%  9 10 Motor velocity ref left, right: 2.10 2.10
% 11 12 Motor voltage [V] left, right: 2.1 2.1
% 13 14 Motor current left, right [A]: -0.001 0.018
% 15 16 Encoder left, right: 4294967277 4294967275
% 17 18 Wheel velocity [m/s] left, right: 0.0000 0.0000
% 19    Turnrate [r/s]: 0.0000
% 20 21 22 23 Pose x,y,h,tilt [m,m,rad,rad]: 0.0000 0.0000 0.000000 1.843536
% 24    Battery voltage [V]: 12.20
0.001 2 -9.165493 0.913433 2.589258 -0.091553 -0.061035 0.183105 2.10 2.10 2.1 2.1 0.034 0.105 4294967277 4294967275 0.0000 0.0000 0.0000 0.0000 0.0000 0.000000 1.843540 12.14 
0.002 2 -9.136724 0.925420 2.548501 -0.091553 -0.061035 0.244141 2.10 2.10 2.1 2.1 0.354 0.261 4294967277 4294967275 0.0000 0.0000 0.0000 0.0000 0.0000 0.000000 1.843542 12.12 
0.003 2 -9.172686 0.863086 2.522129 0.000000 -0.030518 0.274658 2.10 2.10 2.1 2.1 0.541 0.390 4294967277 4294967275 0.0000 0.0000 0.0000 0.0000 0.0000 0.000000 1.843540 12.10 
0.004 2 -9.211044 0.903843 2.531719 0.030518 -0.183105 0.335693 2.10 2.10 2.1 2.1 0.570 0.457 4294967277 4294967275 0.0000 0.0000 0.0000 0.0000 0.0000 0.000000 1.843538 12.09 
0.005 2 -9.182275 0.915830 2.512539 0.061035 -0.122070 0.610352 2.10 2.10 2.1 2.1 0.515 0.472 4294967277 4294967275 0.0000 0.0000 0.0000 0.0000 0.0000 0.000000 1.843535 12.06 
0.006 2 -9.242211 0.865483 2.572475 -0.030518 -0.061035 0.488281 2.10 2.10 2.1 2.1 0.525 0.501 4294967278 4294967276 0.0000 0.0000 0.0000 0.0004 0.0000 0.000000 1.843534 12.06 
0.007 2 -9.211044 0.913433 2.601245 -0.061035 -0.061035 0.305176 2.10 2.10 2.1 2.1 0.487 0.453 4294967278 4294967276 0.0000 0.0000 0.0000 0.0004 0.0000 0.000000 1.843535 12.07 
0.008 2 -9.143916 0.966177 2.529321 -0.122070 -0.061035 0.305176 2.10 2.10 2.1 2.1 0.472 0.427 4294967279 4294967276 0.0000 0.0000 0.0000 0.0004 0.0000 0.000000 1.843536 12.08 
0.009 2 -9.117543 0.894253 2.495757 0.091553 0.122070 0.244141 2.10 2.10 2.1 2.1 0.426 0.436 4294967279 4294967277 0.1482 0.1325 -0.1011 0.0008 0.0000 0.000000 1.843531 12.08 
0.010 2 -9.131928 0.891855 2.646797 0.061035 0.244141 0.213623 2.10 2.10 2.1 2.1 0.382 0.420 4294967279 4294967277 0.1482 0.1325 -0.1011 0.0008 0.0000 0.000000 1.843530 12.08 
0.011 2 -9.143916 0.894253 2.630015 -0.305176 0.030518 0.213623 2.10 2.10 2.1 2.1 0.347 0.397 4294967280 4294967278 0.1940 0.1325 -0.3964 0.0010 -0.0000 -0.002591 1.843536 12.09 
0.012 2 -9.141519 0.896650 2.574873 -0.366211 -0.091553 0.183105 2.10 2.10 2.1 2.1 0.392 0.336 4294967281 4294967278 0.2478 0.1940 -0.3472 0.0014 -0.0000 -0.002591 1.843541 12.09 
0.013 2 -9.177480 0.949395 2.541308 0.000000 0.000000 0.183105 2.10 2.10 2.1 2.1 0.392 0.338 4294967281 4294967279 0.2478 0.1940 -0.3472 0.0014 -0.0000 -0.002591 1.843542 12.10 
0.014 2 -9.208647 0.946997 2.546103 0.183105 -0.030518 0.061035 2.10 2.10 2.1 2.1 0.370 0.306 4294967282 4294967279 0.2554 0.1940 -0.3964 0.0018 -0.0000 -0.002591 1.843539 12.09 
0.015 2 -9.175083 0.923022 2.534116 -0.061035 -0.274658 -0.183105 2.10 2.10 2.1 2.1 0.356 0.314 4294967283 4294967280 0.3113 0.2639 -0.3058 0.0022 -0.0000 -0.002591 1.843539 12.10 
0.016 2 -9.206249 0.899048 2.483769 -0.183105 -0.762939 -0.183105 2.10 2.10 2.1 2.1 0.302 0.339 4294967284 4294967280 0.3213 0.2639 -0.3705 0.0024 -0.0000 -0.005182 1.843541 12.10 
0.017 2 -9.208647 0.834316 2.488564 -0.091553 -1.159668 -0.091553 2.10 2.10 2.1 2.1 0.312 0.291 4294967285 4294967281 0.3213 0.2229 -0.6348 0.0026 -0.0000 -0.002591 1.843549 12.11 
0.018 2 -9.213442 0.851099 2.531719 -0.061035 -1.220703 -0.244141 2.10 2.10 2.1 2.1 0.310 0.285 4294967285 4294967282 0.3522 0.3213 -0.1995 0.0030 -0.0000 -0.002591 1.843563 12.13 
0.019 2 -9.131928 0.923022 2.526924 0.152588 -1.190186 -0.488281 2.10 2.10 2.1 2.1 0.286 0.287 4294967286 4294967283 0.3462 0.3040 -0.2721 0.0032 -0.0000 -0.005182 1.843581 12.12 
0.020 2 -9.141519 0.942202 2.452602 -0.183105 -1.800537 -0.671387 2.10 2.10 2.1 2.1 0.251 0.253 4294967287 4294967284 0.3751 0.3016 -0.4742 0.0036 -0.0000 -0.005182 1.843600 12.10 
0.021 2 -9.206249 0.889458 2.378281 -0.091553 -2.410889 -0.732422 2.10 2.10 2.1 2.1 0.192 0.250 4294967288 4294967284 0.3615 0.3490 -0.0803 0.0040 -0.0000 -0.005182 1.843621 12.11 
0.022 2 -9.218237 0.992549 2.476577 -0.030518 -2.960205 -0.732422 2.10 2.10 2.1 2.1 0.282 0.262 4294967289 4294967285 0.3823 0.3016 -0.5208 0.0044 -0.0000 -0.005182 1.843653 12.11 
0.023 2 -9.199058 0.994946 2.502949 -0.183105 -2.899170 -0.793457 2.10 2.10 2.1 2.1 0.305 0.277 4294967290 4294967286 0.3976 0.3751 -0.1451 0.0048 -0.0000 -0.005182 1.843695 12.12 
0.024 2 -9.122338 0.942202 2.529321 -0.061035 -2.563477 -0.915527 2.10 2.10 2.1 2.1 0.283 0.286 4294967291 4294967287 0.4181 0.3265 -0.5908 0.0052 -0.0000 -0.005182 1.843738 12.13 
0.025 2 -9.194263 0.896650 2.543706 -0.061035 -2.685547 -1.068115 2.10 2.10 2.1 2.1 0.242 0.236 4294967293 4294967288 0.3936 0.4016 0.0518 0.0056 -0.0000 -0.005182 1.843781 12.11 
0.026 2 -9.177480 0.860688 2.649194 -0.030518 -2.929688 -1.129150 2.10 2.10 2.1 2.1 0.146 0.196 4294967294 4294967289 0.4562 0.3751 -0.5234 0.0062 -0.0000 -0.007773 1.843833 12.13 
0.027 2 -9.148710 0.846304 2.570078 0.061035 -3.234863 -1.007080 2.10 2.10 2.1 2.1 0.218 0.203 4294967295 4294967290 0.4615 0.3976 -0.4120 0.0066 -0.0000 -0.007773 1.843891 12.12 
0.028 2 -9.165493 0.839111 2.543706 0.122070 -3.448486 -1.007080 2.10 2.10 2.1 2.1 0.261 0.209 0 4294967291 0.4462 0.3430 -0.6659 0.0068 -0.0000 -0.010364 1.843948 12.12 
0.029 2 -9.129531 0.949395 2.586860 0.122070 -3.570557 -0.885010 2.10 2.10 2.1 2.1 0.244 0.219 1 4294967292 0.4667 0.3823 -0.5441 0.0074 -0.0000 -0.007773 1.844010 12.13 
0.030 2 -9.172686 0.956587 2.555693 0.061035 -3.753662 -0.793457 2.10 2.10 2.1 2.1 0.233 0.203 2 4294967293 0.4896 0.4016 -0.5675 0.0078 -0.0000 -0.007773 1.844074 12.13 
0.031 2 -9.170288 0.863086 2.514936 0.030518 -4.302979 -0.854492 2.10 2.10 2.1 2.1 0.178 0.235 4 4294967294 0.4956 0.4269 -0.4431 0.0082 -0.0000 -0.007773 1.844141 12.12 
0.032 2 -9.136724 0.855894 2.584463 0.122070 -4.638672 -0.610352 2.10 2.10 2.1 2.1 0.185 0.178 5 4294967295 0.4896 0.3823 -0.6918 0.0088 -0.0000 -0.010364 1.844217 12.12 
0.033 2 -9.117543 0.841509 2.606040 0.061035 -4.791260 -0.396729 2.10 2.10 2.1 2.1 0.227 0.211 6 0 0.4896 0.4225 -0.4327 0.0092 -0.0000 -0.010364 1.844303 12.13 
0.034 2 -9.105556 0.887061 2.541308 -0.305176 -4.486084 -0.335693 2.10 2.10 2.1 2.1 0.179 0.202 8 1 0.5081 0.4225 -0.5519 0.0096 -0.0001 -0.010364 1.844386 12.11 
0.035 2 -9.134326 0.942202 2.541308 -0.396729 -4.211426 -0.274658 2.10 2.10 2.1 2.1 0.164 0.188 9 2 0.5426 0.4510 -0.5908 0.0102 -0.0001 -0.012956 1.844460 12.12 
0.036 2 -9.167891 0.879868 2.546103 -0.183105 -4.119873 -0.122070 2.10 2.10 2.1 2.1 0.140 0.177 10 3 0.5426 0.4362 -0.6866 0.0106 -0.0001 -0.012956 1.844530 12.14 
0.037 2 -9.153505 0.872676 2.574873 0.244141 -4.058838 0.091553 2.10 2.10 2.1 2.1 0.196 0.162 11 5 0.5498 0.4667 -0.5364 0.0110 -0.0001 -0.012956 1.844600 12.13 
0.038 2 -9.127133 0.877471 2.618027 0.335693 -3.601074 0.244141 2.10 2.10 2.1 2.1 0.226 0.207 13 6 0.5426 0.4836 -0.3809 0.0118 -0.0001 -0.012956 1.844670 12.14 
0.039 2 -9.134326 0.851099 2.716323 0.213623 -3.295898 0.396729 2.10 2.10 2.1 2.1 0.200 0.121 14 7 0.5426 0.4510 -0.5908 0.0122 -0.0001 -0.012956 1.844740 12.14 
0.040 2 -9.182275 0.932612 2.570078 0.091553 -3.204346 0.579834 2.10 2.10 2.1 2.1 0.142 0.192 16 8 0.5575 0.4836 -0.4768 0.0127 -0.0001 -0.012956 1.844804 12.11 
0.041 2 -9.158300 0.891855 2.574873 0.091553 -3.295898 0.854492 2.10 2.10 2.1 2.1 0.119 0.101 17 9 0.5575 0.4836 -0.4768 0.0133 -0.0001 -0.015547 1.844860 12.13 
0.042 2 -9.095966 0.903843 2.502949 0.091553 -3.234863 1.281738 2.10 2.10 2.1 2.1 0.199 0.184 18 11 0.5575 0.5081 -0.3187 0.0137 -0.0001 -0.015547 1.844914 12.13 
0.043 2 -9.057607 0.930215 2.546103 0.091553 -2.929688 1.281738 2.10 2.10 2.1 2.1 0.264 0.120 20 12 0.5655 0.5020 -0.4094 0.0143 -0.0001 -0.012956 1.844965 12.13 
0.044 2 -9.081582 0.896650 2.512539 -0.091553 -2.868652 1.159668 2.10 2.10 2.1 2.1 0.227 0.139 21 13 0.5735 0.5020 -0.4612 0.0149 -0.0001 -0.015547 1.845014 12.13 
0.045 2 -9.127133 0.958984 2.512539 -0.061035 -2.532959 1.098633 2.10 2.10 2.1 2.1 0.124 0.131 23 14 0.5820 0.5213 -0.3913 0.0153 -0.0001 -0.015547 1.845056 12.13 
0.046 2 -9.182275 0.949395 2.574873 0.183105 -2.532959 1.281738 2.10 2.10 2.1 2.1 0.019 0.152 24 16 0.5575 0.4779 -0.5130 0.0159 -0.0001 -0.018138 1.845097 12.13 
0.047 2 -9.124736 0.906240 2.589258 0.244141 -2.777100 1.464844 2.10 2.10 2.1 2.1 0.129 0.132 25 17 0.5735 0.5081 -0.4224 0.0165 -0.0002 -0.015547 1.845144 12.13 
0.048 2 -9.086377 0.887061 2.642002 0.335693 -2.471924 1.617432 2.10 2.10 2.1 2.1 0.135 0.143 27 18 0.5820 0.5281 -0.3472 0.0171 -0.0002 -0.018138 1.845195 12.13 
0.049 2 -9.148710 0.901445 2.634809 0.427246 -2.044678 1.678467 2.10 2.10 2.1 2.1 0.101 0.154 28 19 0.5992 0.4779 -0.7825 0.0175 -0.0002 -0.018138 1.845242 12.13 
0.050 2 -9.124736 0.918227 2.543706 0.244141 -1.831055 1.800537 2.10 2.10 2.1 2.1 0.089 0.157 30 21 0.5820 0.5281 -0.3472 0.0183 -0.0002 -0.018138 1.845277 12.14 
0.051 2 -9.139121 0.877471 2.524526 0.061035 -1.831055 2.044678 2.10 2.10 2.1 2.1 0.150 0.158 31 22 0.5992 0.5498 -0.3187 0.0187 -0.0002 -0.018138 1.845305 12.14 
0.052 2 -9.143916 0.894253 2.548501 0.183105 -2.044678 2.258301 2.10 2.10 2.1 2.1 0.174 0.124 33 23 0.5992 0.4896 -0.7074 0.0193 -0.0002 -0.020729 1.845335 12.14 
0.053 2 -9.148710 0.927817 2.514936 0.457764 -1.922607 2.532959 2.10 2.10 2.1 2.1 0.188 0.146 34 25 0.5820 0.5281 -0.3472 0.0197 -0.0002 -0.020729 1.845365 12.14 
0.054 2 -9.105556 0.913433 2.606040 0.579834 -2.014160 2.777100 2.10 2.10 2.1 2.1 0.153 0.136 36 26 0.6085 0.5426 -0.4249 0.0203 -0.0002 -0.018138 1.845398 12.14 
0.055 2 -9.098364 0.944600 2.644399 0.396729 -2.410889 2.807617 2.10 2.10 2.1 2.1 0.131 0.130 37 27 0.6177 0.5281 -0.5778 0.0209 -0.0002 -0.020729 1.845443 12.13 
0.056 2 -9.165493 0.877471 2.685156 0.366211 -2.349854 3.143311 2.10 2.10 2.1 2.1 0.192 0.166 39 29 0.6177 0.5575 -0.3887 0.0215 -0.0002 -0.023320 1.845494 12.14 
0.057 2 -9.170288 0.901445 2.649194 0.335693 -2.655029 3.570557 2.10 2.10 2.1 2.1 0.162 0.172 40 30 0.5904 0.5735 -0.1088 0.0221 -0.0003 -0.020729 1.845546 12.14 
0.058 2 -9.139121 0.879868 2.579668 0.457764 -2.929688 3.692627 2.10 2.10 2.1 2.1 0.139 0.172 42 31 0.6177 0.5281 -0.5778 0.0227 -0.0003 -0.023320 1.845598 12.15 
0.059 2 -9.136724 0.906240 2.701938 0.396729 -2.777100 3.845215 2.10 2.10 2.1 2.1 0.080 0.159 43 33 0.6273 0.5081 -0.7696 0.0231 -0.0003 -0.023320 1.845654 12.14 
0.060 2 -9.117543 0.932612 2.632412 0.396729 -2.655029 4.089355 2.10 2.10 2.1 2.1 0.133 0.172 45 34 0.6177 0.5498 -0.4379 0.0239 -0.0003 -0.023320 1.845711 12.13 
0.061 2 -9.189467 0.956587 2.577271 0.213623 -2.807617 4.272461 2.10 2.10 2.1 2.1 0.160 0.136 47 36 0.6474 0.5498 -0.6296 0.0243 -0.0003 -0.023320 1.845761 12.12 
0.062 2 -9.213442 0.923022 2.582065 0.427246 -2.899170 4.394531 2.10 2.10 2.1 2.1 0.162 0.121 48 37 0.6085 0.5426 -0.4249 0.0251 -0.0003 -0.023320 1.845809 12.13 
0.063 2 -9.218237 0.901445 2.613232 0.610352 -2.777100 4.486084 2.10 2.10 2.1 2.1 0.108 0.122 50 38 0.6273 0.5735 -0.3472 0.0255 -0.0003 -0.023320 1.845859 12.12 
0.064 2 -9.105556 0.946997 2.546103 0.762939 -2.166748 4.486084 2.10 2.10 2.1 2.1 -0.010 0.143 51 40 0.6474 0.5498 -0.6296 0.0261 -0.0004 -0.025911 1.845901 12.14 
0.065 2 -9.191865 0.884663 2.642002 0.274658 -2.227783 5.035400 2.10 2.10 2.1 2.1 0.202 0.109 53 41 0.5992 0.5735 -0.1658 0.0267 -0.0004 -0.023320 1.845941 12.14 
0.066 2 -9.232622 0.834316 2.630015 -0.152588 -2.929688 5.523682 2.10 2.10 2.1 2.1 0.171 0.088 54 42 0.6177 0.5992 -0.1192 0.0273 -0.0004 -0.025911 1.845989 12.13 
0.067 2 -9.160698 0.829521 2.498154 0.335693 -2.441406 5.432129 2.10 2.10 2.1 2.1 0.152 0.104 56 44 0.6691 0.5735 -0.6167 0.0281 -0.0004 -0.025911 1.846033 12.14 
0.068 2 -9.201455 0.899048 2.601245 0.396729 -2.044678 5.371094 2.10 2.10 2.1 2.1 0.063 0.134 58 45 0.6691 0.5820 -0.5623 0.0285 -0.0004 -0.025911 1.846067 12.14 
0.069 2 -9.158300 0.949395 2.536514 0.518799 -1.708984 5.187988 2.10 2.10 2.1 2.1 -0.079 0.150 59 47 0.6583 0.5655 -0.5985 0.0293 -0.0004 -0.025911 1.846098 12.13 
0.070 2 -9.151108 0.968574 2.423833 0.701904 -2.136230 5.340576 2.10 2.10 2.1 2.1 0.105 0.143 61 48 0.6273 0.5992 -0.1814 0.0297 -0.0004 -0.025911 1.846121 12.14 
0.071 2 -9.165493 0.956587 2.601245 0.946045 -2.136230 5.462646 2.10 2.10 2.1 2.1 0.132 0.143 62 50 0.6374 0.6085 -0.1866 0.0305 -0.0005 -0.025911 1.846150 12.14 
0.072 2 -9.107954 0.930215 2.694746 0.823975 -1.251221 5.340576 2.10 2.10 2.1 2.1 0.093 0.120 64 51 0.6273 0.5735 -0.3472 0.0311 -0.0005 -0.028502 1.846187 12.13 
0.073 2 -9.052813 0.937407 2.757080 0.549316 0.335693 5.371094 2.10 2.10 2.1 2.1 0.045 0.100 65 53 0.6474 0.6085 -0.2513 0.0315 -0.0005 -0.028502 1.846211 12.12 
0.074 2 -9.167891 0.920625 2.800234 0.061035 1.373291 5.615234 2.10 2.10 2.1 2.1 0.166 0.132 67 54 0.6583 0.6177 -0.2617 0.0323 -0.0005 -0.028502 1.846217 12.14 
0.075 2 -9.247006 0.860688 2.764272 -0.122070 1.770020 5.828857 2.10 2.10 2.1 2.1 0.177 0.078 69 56 0.6374 0.5655 -0.4638 0.0327 -0.0005 -0.028502 1.846207 12.14 
0.076 2 -9.242211 0.896650 2.653989 0.091553 2.593994 6.042480 2.10 2.10 2.1 2.1 0.139 0.089 70 57 0.6583 0.5992 -0.3809 0.0335 -0.0006 -0.028502 1.846179 12.14 
0.077 2 -9.182275 0.963779 2.706733 0.335693 3.662109 5.706787 2.10 2.10 2.1 2.1 -0.002 0.067 72 59 0.6273 0.6273 0.0000 0.0341 -0.0006 -0.031093 1.846132 12.15 
0.078 2 -9.225430 1.004536 2.759477 0.610352 3.814697 5.371094 2.10 2.10 2.1 2.1 0.147 0.131 73 60 0.6474 0.6177 -0.1917 0.0347 -0.0006 -0.028502 1.846080 12.11 
0.079 2 -9.287764 0.978164 2.586860 0.915527 3.143311 5.279541 2.10 2.10 2.1 2.1 0.137 0.059 75 62 0.6474 0.6085 -0.2513 0.0353 -0.0006 -0.031093 1.846025 12.13 
0.080 2 -9.306943 0.942202 2.431025 1.220703 1.251221 5.218506 2.10 2.10 2.1 2.1 0.100 0.103 77 63 0.6691 0.5820 -0.5623 0.0359 -0.0006 -0.028502 1.845975 12.13 
0.081 2 -9.268583 0.997344 2.577271 1.129150 -0.640869 5.249023 2.10 2.10 2.1 2.1 0.022 0.026 78 65 0.6374 0.6177 -0.1270 0.0365 -0.0006 -0.031093 1.845958 12.14 
0.082 2 -9.254199 0.949395 2.663579 0.701904 -2.044678 5.310059 2.10 2.10 2.1 2.1 0.108 0.098 80 66 0.6474 0.6374 -0.0648 0.0373 -0.0007 -0.031093 1.845982 12.14 
0.083 2 -9.230225 1.011729 2.632412 0.091553 -2.746582 5.126953 2.10 2.10 2.1 2.1 0.135 0.056 81 68 0.6691 0.5655 -0.6685 0.0377 -0.0007 -0.031093 1.846028 12.15 
0.084 2 -9.230225 0.978164 2.608438 -0.366211 -3.204346 4.974365 2.10 2.10 2.1 2.1 0.103 0.103 83 69 0.6583 0.6273 -0.1995 0.0385 -0.0007 -0.031093 1.846081 12.13 
0.085 2 -9.163095 0.994946 2.630015 -0.305176 -2.990723 4.608154 2.10 2.10 2.1 2.1 0.069 0.064 85 71 0.6583 0.5992 -0.3809 0.0392 -0.0007 -0.033685 1.846137 12.14 
0.086 2 -9.239814 1.018921 2.642002 -0.213623 -1.922607 4.119873 2.10 2.10 2.1 2.1 0.085 0.062 86 72 0.6583 0.6177 -0.2617 0.0398 -0.0007 -0.031093 1.846184 12.12 
0.087 2 -9.136724 0.978164 2.740298 0.061035 -0.091553 3.509521 2.10 2.10 2.1 2.1 0.171 0.022 88 74 0.6474 0.5904 -0.3679 0.0404 -0.0008 -0.033685 1.846211 12.13 
0.088 2 -9.146314 1.018921 2.807427 0.274658 1.708984 2.960205 2.10 2.10 2.1 2.1 0.139 0.064 90 75 0.6583 0.6177 -0.2617 0.0410 -0.0008 -0.031093 1.846216 12.11 
0.089 2 -9.225430 0.978164 2.759477 0.701904 2.777100 2.410889 2.10 2.10 2.1 2.1 0.135 0.023 91 77 0.6804 0.6374 -0.2773 0.0418 -0.0008 -0.031093 1.846195 12.12 
0.090 2 -9.278173 0.942202 2.701938 0.762939 3.540039 2.105713 2.10 2.10 2.1 2.1 0.034 0.029 93 78 0.6583 0.6583 0.0000 0.0424 -0.0008 -0.033685 1.846152 12.12 
0.091 2 -9.258994 0.992549 2.704336 0.427246 3.723145 1.892090 2.10 2.10 2.1 2.1 0.140 0.031 95 80 0.6924 0.6374 -0.3550 0.0430 -0.0008 -0.031093 1.846097 12.13 
0.092 2 -9.297353 0.992549 2.723516 0.000000 3.662109 1.892090 2.10 2.10 2.1 2.1 0.177 0.055 96 81 0.6474 0.5735 -0.4768 0.0436 -0.0009 -0.033685 1.846042 12.14 
0.093 2 -9.251801 0.992549 2.730708 -0.244141 3.356934 1.739502 2.10 2.10 2.1 2.1 0.172 0.029 98 83 0.6924 0.6177 -0.4819 0.0444 -0.0009 -0.033685 1.845991 12.14 
0.094 2 -9.242211 1.006934 2.606040 -0.396729 2.624512 1.281738 2.10 2.10 2.1 2.1 0.080 0.055 99 84 0.6924 0.6474 -0.2902 0.0448 -0.0009 -0.033685 1.845945 12.15 
0.095 2 -9.287764 1.028511 2.555693 -0.183105 1.831055 0.823975 2.10 2.10 2.1 2.1 -0.013 0.038 101 86 0.6583 0.6474 -0.0700 0.0456 -0.0009 -0.033685 1.845902 12.12 
0.096 2 -9.326122 1.014126 2.495757 0.152588 1.586914 -0.091553 2.10 2.10 2.1 2.1 0.085 0.069 103 88 0.6691 0.6177 -0.3317 0.0462 -0.0010 -0.036276 1.845863 12.12 
0.097 2 -9.244609 1.009331 2.488564 0.183105 1.708984 -1.068115 2.10 2.10 2.1 2.1 0.070 0.010 105 89 0.7044 0.6374 -0.4327 0.0468 -0.0010 -0.033685 1.845821 12.12 
0.098 2 -9.258994 1.033306 2.560488 0.518799 2.044678 -2.014160 2.10 2.10 2.1 2.1 0.064 0.013 106 91 0.6924 0.5904 -0.6581 0.0474 -0.0010 -0.036276 1.845779 12.14 
0.099 2 -9.179877 1.038101 2.565283 0.305176 2.288818 -2.838135 2.10 2.10 2.1 2.1 -0.066 0.017 108 92 0.6583 0.6374 -0.1347 0.0482 -0.0010 -0.036276 1.845738 12.14 
0.100 2 -9.141519 0.990151 2.646797 -0.122070 2.746582 -3.265381 2.10 2.10 2.1 2.1 -0.032 0.089 110 94 0.6804 0.6691 -0.0726 0.0488 -0.0010 -0.033685 1.845696 12.13 
0.101 2 -9.160698 0.982959 2.725913 -0.244141 3.570557 -3.753662 2.10 2.10 2.1 2.1 0.060 0.065 111 96 0.6804 0.6177 -0.4042 0.0494 -0.0011 -0.036276 1.845652 12.12 
0.102 2 -9.206249 0.958984 2.783452 -0.274658 4.058838 -4.089355 2.10 2.10 2.1 2.1 0.084 0.042 113 97 0.6804 0.6273 -0.3420 0.0502 -0.0011 -0.036276 1.845602 12.14 
0.103 2 -9.187070 0.968574 2.668374 -0.518799 4.211426 -4.516602 2.10 2.10 2.1 2.1 0.089 -0.004 115 99 0.6804 0.6583 -0.1425 0.0506 -0.0011 -0.036276 1.845543 12.15 
0.104 2 -9.208647 0.949395 2.663579 -0.579834 4.028320 -5.035400 2.10 2.10 2.1 2.1 0.019 0.062 116 100 0.6583 0.6583 0.0000 0.0514 -0.0011 -0.036276 1.845478 12.13 
0.105 2 -9.292559 0.975767 2.608438 -0.488281 3.784180 -5.279541 2.10 2.10 2.1 2.1 0.103 0.044 118 102 0.6924 0.6691 -0.1503 0.0522 -0.0012 -0.036276 1.845413 12.14 
0.106 2 -9.275776 1.033306 2.639604 -0.213623 4.119873 -5.584717 2.10 2.10 2.1 2.1 0.109 0.074 120 104 0.6924 0.6177 -0.4819 0.0526 -0.0012 -0.036276 1.845345 12.14 
0.107 2 -9.275776 1.071665 2.469385 -0.213623 4.364014 -5.737305 2.10 2.10 2.1 2.1 0.112 0.047 121 105 0.6691 0.6474 -0.1399 0.0534 -0.0012 -0.036276 1.845265 12.12 
0.108 2 -9.364482 1.002139 2.601245 -0.396729 3.967285 -5.920410 2.10 2.10 2.1 2.1 0.074 0.055 123 107 0.6804 0.6583 -0.1425 0.0540 -0.0012 -0.038867 1.845184 12.14 
0.109 2 -9.292559 1.050088 2.630015 -0.488281 3.814697 -5.920410 2.10 2.10 2.1 2.1 0.100 0.095 125 108 0.6924 0.6583 -0.2202 0.0546 -0.0013 -0.036276 1.845115 12.14 
0.110 2 -9.247006 1.016523 2.670771 -0.640869 4.089355 -5.828857 2.10 2.10 2.1 2.1 0.124 0.102 126 110 0.6691 0.6804 0.0726 0.0554 -0.0013 -0.036276 1.845050 12.13 
0.111 2 -9.270981 0.951792 2.591655 -0.610352 4.333496 -5.889893 2.10 2.10 2.1 2.1 0.139 0.082 128 112 0.6691 0.6273 -0.2695 0.0560 -0.0013 -0.038867 1.844979 12.13 
0.112 2 -9.280571 0.946997 2.553296 -0.640869 4.760742 -6.011963 2.10 2.10 2.1 2.1 0.133 0.074 130 113 0.6804 0.6583 -0.1425 0.0566 -0.0013 -0.036276 1.844896 12.14 
0.113 2 -9.294956 0.915830 2.637207 -0.610352 5.126953 -6.225586 2.10 2.10 2.1 2.1 0.011 0.095 131 115 0.6804 0.5820 -0.6348 0.0572 -0.0014 -0.038867 1.844808 12.13 
0.114 2 -9.263789 0.930215 2.610835 -0.396729 5.462646 -6.317139 2.10 2.10 2.1 2.1 0.167 0.042 133 116 0.6924 0.6474 -0.2902 0.0580 -0.0014 -0.038867 1.844717 12.14 
0.115 2 -9.220634 0.923022 2.572475 -0.549316 5.584717 -6.317139 2.10 2.10 2.1 2.1 0.172 0.112 135 118 0.6804 0.6924 0.0777 0.0586 -0.0014 -0.036276 1.844620 12.14 
0.116 2 -9.251801 0.923022 2.474180 -0.457764 5.676270 -6.500244 2.10 2.10 2.1 2.1 0.165 0.064 136 120 0.6691 0.6085 -0.3913 0.0592 -0.0014 -0.038867 1.844515 12.14 
0.117 2 -9.249404 0.923022 2.567681 -0.335693 5.462646 -6.591797 2.10 2.10 2.1 2.1 0.115 0.093 138 121 0.6924 0.6273 -0.4198 0.0600 -0.0015 -0.038867 1.844410 12.14 
0.118 2 -9.273378 0.913433 2.584463 -0.396729 5.157471 -6.500244 2.10 2.10 2.1 2.1 0.006 0.087 140 123 0.6924 0.6474 -0.2902 0.0606 -0.0015 -0.036276 1.844315 12.15 
0.119 2 -9.201455 0.896650 2.517334 -0.610352 4.821777 -6.469727 2.10 2.10 2.1 2.1 0.137 0.064 141 125 0.6804 0.6804 0.0000 0.0612 -0.0015 -0.038867 1.844224 12.15 
0.120 2 -9.187070 0.942202 2.546103 -0.671387 4.638672 -6.347656 2.10 2.10 2.1 2.1 0.123 0.082 143 126 0.7044 0.6924 -0.0777 0.0620 -0.0015 -0.038867 1.844137 12.12 
0.121 2 -9.237416 0.889458 2.620425 -0.610352 4.364014 -6.500244 2.10 2.10 2.1 2.1 0.115 0.080 145 128 0.6691 0.6691 0.0000 0.0626 -0.0016 -0.036276 1.844059 12.13 
0.122 2 -9.182275 0.908638 2.706733 -0.579834 4.211426 -6.561279 2.10 2.10 2.1 2.1 0.074 0.082 147 129 0.7044 0.5992 -0.6789 0.0632 -0.0016 -0.038867 1.843992 12.13 
0.123 2 -9.203853 0.961382 2.613232 -0.427246 4.333496 -6.347656 2.10 2.10 2.1 2.1 0.025 0.071 148 131 0.6474 0.6474 0.0000 0.0640 -0.0016 -0.038867 1.843926 12.14 
0.124 2 -9.218237 0.913433 2.606040 -0.335693 4.547119 -6.256104 2.10 2.10 2.1 2.1 0.109 0.057 150 133 0.6691 0.6804 0.0726 0.0646 -0.0016 -0.041458 1.843851 12.11 
0.125 2 -9.292559 0.867881 2.598848 -0.366211 4.608154 -6.195068 2.10 2.10 2.1 2.1 0.127 0.074 152 134 0.6924 0.6804 -0.0777 0.0652 -0.0017 -0.038867 1.843773 12.12 
0.126 2 -9.127133 0.817534 2.601245 -0.427246 4.730225 -5.981445 2.10 2.10 2.1 2.1 0.106 0.058 153 136 0.7169 0.6804 -0.2358 0.0660 -0.0017 -0.038867 1.843693 12.14 
0.127 2 -9.170288 0.875073 2.613232 -0.549316 5.035400 -5.889893 2.10 2.10 2.1 2.1 0.113 0.069 155 138 0.7044 0.6691 -0.2280 0.0666 -0.0017 -0.041458 1.843613 12.15 
0.128 2 -9.131928 0.891855 2.550898 -0.549316 5.187988 -5.920410 2.10 2.10 2.1 2.1 0.005 0.093 157 139 0.6804 0.6177 -0.4042 0.0672 -0.0017 -0.038867 1.843526 12.13 
0.129 2 -9.215839 0.872676 2.526924 -0.671387 5.065918 -5.676270 2.10 2.10 2.1 2.1 0.148 0.108 159 141 0.6924 0.6691 -0.1503 0.0680 -0.0018 -0.038867 1.843433 12.13 
0.130 2 -9.206249 0.865483 2.519731 -0.549316 4.577637 -5.645752 2.10 2.10 2.1 2.1 0.178 0.129 160 142 0.6804 0.6924 0.0777 0.0686 -0.0018 -0.041458 1.843344 12.14 
0.131 2 -9.237416 0.882266 2.534116 -0.457764 4.089355 -5.889893 2.10 2.10 2.1 2.1 0.143 0.064 162 144 0.6924 0.6804 -0.0777 0.0695 -0.0018 -0.041458 1.843263 12.14 
0.132 2 -9.215839 0.925420 2.546103 -0.518799 3.936768 -5.767822 2.10 2.10 2.1 2.1 0.102 0.075 164 146 0.7044 0.6474 -0.3679 0.0701 -0.0019 -0.038867 1.843189 12.14 
0.133 2 -9.148710 0.867881 2.562886 -0.305176 3.662109 -5.676270 2.10 2.10 2.1 2.1 -0.001 0.108 165 147 0.6924 0.6474 -0.2902 0.0707 -0.0019 -0.041458 1.843122 12.15 
0.134 2 -9.100761 0.925420 2.478975 -0.640869 3.479004 -5.737305 2.10 2.10 2.1 2.1 0.127 0.099 167 149 0.7044 0.6583 -0.2980 0.0715 -0.0019 -0.041458 1.843057 12.15 
0.135 2 -9.100761 0.949395 2.546103 -0.915527 3.204346 -5.859375 2.10 2.10 2.1 2.1 0.136 0.082 169 151 0.6691 0.6924 0.1503 0.0719 -0.0019 -0.041458 1.842995 12.14 
0.136 2 -9.088774 0.913433 2.526924 -0.976562 3.387451 -6.103516 2.10 2.10 2.1 2.1 0.108 0.054 170 152 0.6804 0.6804 0.0000 0.0727 -0.0020 -0.041458 1.842938 12.14 
0.137 2 -9.083980 0.889458 2.608438 -0.915527 3.570557 -6.317139 2.10 2.10 2.1 2.1 -0.017 0.067 172 154 0.7044 0.6924 -0.0777 0.0735 -0.0020 -0.041458 1.842880 12.15 
0.138 2 -9.136724 0.949395 2.550898 -0.701904 3.570557 -6.561279 2.10 2.10 2.1 2.1 0.021 0.045 174 156 0.6804 0.6474 -0.2125 0.0741 -0.0020 -0.044049 1.842822 12.14 
0.139 2 -9.129531 0.911035 2.502949 -0.823975 3.845215 -6.774902 2.10 2.10 2.1 2.1 0.092 0.084 176 157 0.6924 0.6691 -0.1503 0.0747 -0.0020 -0.041458 1.842755 12.13 
0.140 2 -9.141519 0.930215 2.546103 -0.885010 4.058838 -6.927490 2.10 2.10 2.1 2.1 0.101 0.070 177 159 0.6924 0.6374 -0.3550 0.0755 -0.0021 -0.041458 1.842684 12.12 
0.141 2 -9.143916 0.913433 2.639604 -0.823975 4.150391 -7.110596 2.10 2.10 2.1 2.1 0.081 0.064 179 161 0.6924 0.6804 -0.0777 0.0761 -0.0021 -0.044049 1.842616 12.12 
0.142 2 -9.160698 0.990151 2.594053 -0.793457 4.028320 -7.171631 2.10 2.10 2.1 2.1 -0.014 0.062 181 162 0.6924 0.6924 0.0000 0.0767 -0.0021 -0.041458 1.842552 12.12 
0.143 2 -9.110352 0.949395 2.505347 -0.793457 3.753662 -7.293701 2.10 2.10 2.1 2.1 0.042 0.075 182 164 0.7044 0.6691 -0.2280 0.0775 -0.0022 -0.041458 1.842484 12.13 
0.144 2 -9.079185 0.915830 2.428628 -0.732422 3.295898 -7.629395 2.10 2.10 2.1 2.1 0.074 0.062 184 166 0.6804 0.6804 0.0000 0.0781 -0.0022 -0.044049 1.842416 12.13 
0.145 2 -9.103159 0.930215 2.347114 -0.885010 2.777100 -7.843018 2.10 2.10 2.1 2.1 0.102 0.074 186 167 0.7044 0.6273 -0.4975 0.0789 -0.0022 -0.044049 1.842348 12.13 
0.146 2 -9.095966 0.877471 2.433423 -0.823975 2.380371 -7.934570 2.10 2.10 2.1 2.1 0.040 0.068 188 169 0.7044 0.6177 -0.5597 0.0793 -0.0022 -0.044049 1.842289 12.13 
0.147 2 -9.064799 0.930215 2.555693 -0.823975 2.014160 -8.026123 2.10 2.10 2.1 2.1 0.072 0.067 189 171 0.6924 0.6804 -0.0777 0.0801 -0.0023 -0.044049 1.842247 12.12 
0.148 2 -9.083980 0.896650 2.498154 -0.946045 1.373291 -8.117676 2.10 2.10 2.1 2.1 0.138 0.096 191 172 0.7302 0.6924 -0.2436 0.0809 -0.0023 -0.044049 1.842218 12.13 
0.149 2 -9.136724 0.855894 2.428628 -0.976562 1.129150 -8.056641 2.10 2.10 2.1 2.1 0.150 0.108 193 174 0.6804 0.7044 0.1555 0.0815 -0.0023 -0.041458 1.842189 12.14 
0.150 2 -9.031235 0.894253 2.589258 -0.915527 0.915527 -7.934570 2.10 2.10 2.1 2.1 0.070 0.099 195 176 0.7302 0.6474 -0.5338 0.0821 -0.0024 -0.044049 1.842169 12.13 
0.151 2 -9.067197 0.875073 2.543706 -0.915527 0.701904 -7.843018 2.10 2.10 2.1 2.1 -0.025 0.079 196 177 0.6691 0.6085 -0.3913 0.0829 -0.0024 -0.044049 1.842160 12.13 
0.152 2 -9.131928 0.877471 2.630015 -0.946045 0.701904 -7.507324 2.10 2.10 2.1 2.1 0.148 0.074 198 179 0.6804 0.6691 -0.0726 0.0835 -0.0024 -0.046640 1.842153 12.12 
0.153 2 -9.172686 0.824727 2.526924 -1.037598 0.793457 -7.080078 2.10 2.10 2.1 2.1 0.157 0.073 200 180 0.7044 0.6924 -0.0777 0.0843 -0.0025 -0.046640 1.842143 12.14 
0.154 2 -9.203853 0.863086 2.658784 -0.946045 1.007080 -6.652832 2.10 2.10 2.1 2.1 0.111 0.074 202 182 0.7302 0.6924 -0.2436 0.0849 -0.0025 -0.044049 1.842131 12.13 
0.155 2 -9.201455 0.834316 2.658784 -1.007080 1.220703 -6.225586 2.10 2.10 2.1 2.1 0.029 0.044 203 184 0.7169 0.6474 -0.4483 0.0857 -0.0025 -0.044049 1.842122 12.12 
0.156 2 -9.201455 0.870278 2.677964 -0.854492 1.495361 -5.737305 2.10 2.10 2.1 2.1 -0.067 0.040 205 186 0.7169 0.6804 -0.2358 0.0863 -0.0026 -0.046640 1.842109 12.13 
0.157 2 -9.191865 0.791162 2.591655 -0.854492 1.770020 -5.401611 2.10 2.10 2.1 2.1 0.122 0.056 207 187 0.7044 0.6273 -0.4975 0.0869 -0.0026 -0.044049 1.842088 12.15 
0.158 2 -9.148710 0.807944 2.651592 -0.793457 1.770020 -4.760742 2.10 2.10 2.1 2.1 0.112 0.069 209 189 0.6924 0.6804 -0.0777 0.0875 -0.0026 -0.046640 1.842064 12.13 
0.159 2 -9.201455 0.817534 2.663579 -0.579834 1.983643 -4.058838 2.10 2.10 2.1 2.1 0.139 0.070 210 190 0.7044 0.7044 0.0000 0.0883 -0.0026 -0.046640 1.842042 12.15 
0.160 2 -9.258994 0.815137 2.608438 -0.549316 2.258301 -3.540039 2.10 2.10 2.1 2.1 0.048 0.038 212 192 0.6924 0.6924 0.0000 0.0891 -0.0027 -0.046640 1.842012 12.14 
0.161 2 -9.194263 0.803149 2.606040 -0.488281 2.288818 -3.051758 2.10 2.10 2.1 2.1 -0.081 0.051 214 194 0.7044 0.6924 -0.0777 0.0897 -0.0027 -0.044049 1.841977 12.14 
0.162 2 -9.163095 0.798354 2.586860 -0.274658 2.014160 -2.807617 2.10 2.10 2.1 2.1 0.120 0.036 215 196 0.7169 0.6583 -0.3783 0.0903 -0.0027 -0.046640 1.841944 12.16 
0.163 2 -9.122338 0.831919 2.483769 -0.183105 1.556396 -2.471924 2.10 2.10 2.1 2.1 0.086 0.054 217 197 0.6924 0.6691 -0.1503 0.0911 -0.0028 -0.046640 1.841912 12.15 
0.164 2 -9.220634 0.851099 2.500552 -0.305176 1.312256 -2.227783 2.10 2.10 2.1 2.1 0.064 0.001 219 199 0.7044 0.6374 -0.4327 0.0917 -0.0028 -0.049231 1.841881 12.16 
0.165 2 -9.155903 0.846304 2.486167 -0.366211 1.251221 -2.044678 2.10 2.10 2.1 2.1 -0.081 0.052 221 200 0.7169 0.6924 -0.1581 0.0923 -0.0028 -0.046640 1.841852 12.13 
0.166 2 -9.191865 0.884663 2.577271 -0.213623 1.190186 -1.770020 2.10 2.10 2.1 2.1 -0.045 0.002 222 202 0.6924 0.7044 0.0777 0.0931 -0.0029 -0.046640 1.841829 12.14 
0.167 2 -9.208647 0.863086 2.524526 -0.274658 0.762939 -1.525879 2.10 2.10 2.1 2.1 0.056 0.056 224 204 0.6924 0.6924 0.0000 0.0939 -0.0029 -0.046640 1.841812 12.12 
0.168 2 -9.194263 0.858291 2.478975 -0.091553 0.213623 -1.403809 2.10 2.10 2.1 2.1 0.110 0.016 226 206 0.6924 0.6924 0.0000 0.0945 -0.0029 -0.049231 1.841798 12.13 
0.169 2 -9.165493 0.819932 2.488564 0.061035 -0.427246 -1.251221 2.10 2.10 2.1 2.1 0.120 0.036 228 207 0.7044 0.6474 -0.3679 0.0951 -0.0030 -0.046640 1.841793 12.13 
0.170 2 -9.141519 0.810342 2.486167 0.061035 -0.854492 -1.098633 2.10 2.10 2.1 2.1 -0.002 -0.013 229 209 0.7044 0.6804 -0.1555 0.0959 -0.0030 -0.046640 1.841798 12.15 
0.171 2 -9.107954 0.843906 2.498154 -0.091553 -1.281738 -1.190186 2.10 2.10 2.1 2.1 0.044 0.059 231 210 0.7169 0.7044 -0.0803 0.0965 -0.0030 -0.049231 1.841812 12.15 
0.172 2 -9.083980 0.836714 2.380679 -0.091553 -1.708984 -1.129150 2.10 2.10 2.1 2.1 0.042 0.041 233 212 0.7044 0.6691 -0.2280 0.0973 -0.0031 -0.049231 1.841829 12.13 
0.173 2 -9.062402 0.870278 2.438218 -0.061035 -2.380371 -1.068115 2.10 2.10 2.1 2.1 0.041 0.085 235 214 0.7169 0.7169 0.0000 0.0979 -0.0031 -0.046640 1.841854 12.12 
0.174 2 -9.057607 0.884663 2.411846 -0.244141 -2.838135 -1.129150 2.10 2.10 2.1 2.1 0.069 0.056 236 216 0.6804 0.6273 -0.3420 0.0985 -0.0031 -0.049231 1.841890 12.14 
0.175 2 -9.038427 0.894253 2.431025 -0.091553 -3.143311 -1.068115 2.10 2.10 2.1 2.1 0.002 0.050 238 217 0.7434 0.6474 -0.6193 0.0993 -0.0032 -0.049231 1.841932 12.12 
0.176 2 -9.076787 0.795957 2.395063 -0.061035 -3.601074 -1.312256 2.10 2.10 2.1 2.1 0.120 0.089 240 219 0.6924 0.6583 -0.2202 0.0999 -0.0032 -0.051822 1.841980 12.14 
0.177 2 -9.036030 0.858291 2.464590 -0.061035 -3.875732 -1.434326 2.10 2.10 2.1 2.1 0.128 0.068 242 221 0.7044 0.7044 0.0000 0.1005 -0.0032 -0.049231 1.842036 12.15 
0.178 2 -8.988081 0.863086 2.486167 -0.091553 -3.997803 -1.464844 2.10 2.10 2.1 2.1 0.128 0.095 243 222 0.7302 0.7169 -0.0855 0.1013 -0.0033 -0.049231 1.842102 12.14 
0.179 2 -9.033632 0.867881 2.356704 -0.183105 -4.028320 -1.617432 2.10 2.10 2.1 2.1 0.070 0.041 245 224 0.6924 0.6924 0.0000 0.1022 -0.0033 -0.049231 1.842163 12.12 
0.180 2 -9.079185 0.884663 2.361499 -0.122070 -3.784180 -1.708984 2.10 2.10 2.1 2.1 0.047 0.080 247 226 0.6924 0.6177 -0.4819 0.1028 -0.0033 -0.051822 1.842215 12.14 
0.181 2 -9.026441 0.870278 2.469385 -0.061035 -3.814697 -1.403809 2.10 2.10 2.1 2.1 0.102 0.103 249 227 0.7434 0.6691 -0.4794 0.1034 -0.0034 -0.049231 1.842270 12.12 
0.182 2 -9.103159 0.887061 2.433423 0.030518 -3.814697 -1.251221 2.10 2.10 2.1 2.1 0.093 0.100 251 229 0.7302 0.6273 -0.6633 0.1040 -0.0034 -0.051822 1.842330 12.12 
0.183 2 -9.131928 0.863086 2.378281 0.000000 -3.936768 -0.946045 2.10 2.10 2.1 2.1 0.083 0.107 252 230 0.7044 0.6924 -0.0777 0.1048 -0.0034 -0.051822 1.842384 12.14 
0.184 2 -9.076787 0.896650 2.428628 0.152588 -3.845215 -0.518799 2.10 2.10 2.1 2.1 0.029 0.022 254 232 0.7044 0.6924 -0.0777 0.1056 -0.0035 -0.051822 1.842438 12.14 
0.185 2 -9.086377 0.841509 2.584463 0.091553 -4.058838 0.122070 2.10 2.10 2.1 2.1 0.025 0.070 256 234 0.7169 0.7044 -0.0803 0.1062 -0.0035 -0.049231 1.842505 12.13 
0.186 2 -9.151108 0.819932 2.675566 0.274658 -4.058838 0.549316 2.10 2.10 2.1 2.1 0.113 0.064 257 236 0.7044 0.6374 -0.4327 0.1068 -0.0035 -0.051822 1.842584 12.14 
0.187 2 -9.091171 0.798354 2.661181 0.366211 -3.845215 1.251221 2.10 2.10 2.1 2.1 0.081 0.080 259 237 0.7169 0.6924 -0.1581 0.1076 -0.0036 -0.051822 1.842666 12.12 
0.188 2 -9.050415 0.788765 2.615630 0.396729 -3.875732 1.861572 2.10 2.10 2.1 2.1 0.126 0.091 261 239 0.7169 0.6583 -0.3783 0.1084 -0.0036 -0.051822 1.842745 12.14 
0.189 2 -9.071992 0.779175 2.541308 0.213623 -3.814697 2.319336 2.10 2.10 2.1 2.1 0.063 0.077 263 241 0.7169 0.6924 -0.1581 0.1088 -0.0037 -0.051822 1.842817 12.14 
0.190 2 -9.086377 0.812739 2.598848 0.305176 -3.509521 2.838135 2.10 2.10 2.1 2.1 0.018 0.101 264 242 0.6924 0.7044 0.0777 0.1096 -0.0037 -0.051822 1.842885 12.15 
0.191 2 -9.103159 0.803149 2.618027 0.457764 -3.326416 3.448486 2.10 2.10 2.1 2.1 0.133 0.082 266 244 0.6924 0.6924 0.0000 0.1104 -0.0037 -0.051822 1.842952 12.15 
0.192 2 -9.141519 0.791162 2.608438 0.701904 -3.295898 4.150391 2.10 2.10 2.1 2.1 0.079 0.100 268 246 0.7302 0.6691 -0.3939 0.1110 -0.0038 -0.054414 1.843016 12.13 
0.193 2 -9.079185 0.793560 2.615630 0.579834 -3.295898 4.791260 2.10 2.10 2.1 2.1 0.141 0.084 270 247 0.7302 0.6474 -0.5338 0.1116 -0.0038 -0.051822 1.843080 12.14 
0.194 2 -9.091171 0.817534 2.622822 0.396729 -3.326416 5.249023 2.10 2.10 2.1 2.1 0.089 0.065 271 249 0.7169 0.6804 -0.2358 0.1124 -0.0038 -0.051822 1.843147 12.13 
0.195 2 -9.091171 0.819932 2.577271 0.335693 -3.417969 5.859375 2.10 2.10 2.1 2.1 -0.015 0.064 273 251 0.7169 0.7044 -0.0803 0.1130 -0.0039 -0.054414 1.843212 12.14 
0.196 2 -9.091171 0.750405 2.445410 0.396729 -3.448486 6.378174 2.10 2.10 2.1 2.1 0.108 0.055 275 252 0.7169 0.6924 -0.1581 0.1138 -0.0039 -0.054414 1.843269 12.15 
0.197 2 -9.083980 0.779175 2.577271 0.518799 -3.509521 6.835938 2.10 2.10 2.1 2.1 0.114 0.095 277 254 0.7044 0.7169 0.0803 0.1144 -0.0039 -0.051822 1.843326 12.15 
0.198 2 -9.074389 0.771982 2.577271 0.549316 -3.692627 7.232666 2.10 2.10 2.1 2.1 0.084 0.003 278 256 0.7169 0.6924 -0.1581 0.1152 -0.0040 -0.051822 1.843393 12.14 
0.199 2 -9.158300 0.795957 2.510142 0.488281 -3.753662 7.781982 2.10 2.10 2.1 2.1 0.119 0.044 280 258 0.6924 0.6804 -0.0777 0.1158 -0.0040 -0.054414 1.843458 12.14 
0.200 2 -9.100761 0.779175 2.584463 0.671387 -3.753662 8.148193 2.10 2.10 2.1 2.1 -0.080 -0.006 282 259 0.7169 0.6273 -0.5778 0.1166 -0.0041 -0.054414 1.843523 12.13 
0.201 2 -9.139121 0.853496 2.601245 0.640869 -3.417969 8.270264 2.10 2.10 2.1 2.1 0.043 0.025 284 261 0.7169 0.6924 -0.1581 0.1172 -0.0041 -0.051822 1.843589 12.14 
0.202 2 -9.098364 0.827124 2.546103 0.762939 -3.326416 8.605957 2.10 2.10 2.1 2.1 0.059 0.055 286 262 0.7044 0.7169 0.0803 0.1178 -0.0041 -0.054414 1.843650 12.13 
0.203 2 -9.112749 0.829521 2.512539 0.915527 -2.990723 8.941650 2.10 2.10 2.1 2.1 0.102 -0.029 287 264 0.7302 0.6804 -0.3213 0.1186 -0.0042 -0.054414 1.843704 12.13 
0.204 2 -9.136724 0.824727 2.565283 0.823975 -2.960205 9.002686 2.10 2.10 2.1 2.1 0.096 0.062 289 266 0.7044 0.6924 -0.0777 0.1194 -0.0042 -0.054414 1.843754 12.15 
0.205 2 -9.071992 0.834316 2.459795 0.671387 -3.021240 9.002686 2.10 2.10 2.1 2.1 -0.075 0.029 291 268 0.7302 0.6804 -0.3213 0.1198 -0.0042 -0.054414 1.843802 12.14 
0.206 2 -9.129531 0.867881 2.522129 0.671387 -2.899170 9.063721 2.10 2.10 2.1 2.1 -0.006 0.067 292 269 0.6691 0.7044 0.2280 0.1206 -0.0043 -0.054414 1.843848 12.13 
0.207 2 -9.170288 0.872676 2.548501 0.701904 -2.685547 9.033203 2.10 2.10 2.1 2.1 0.076 0.053 294 271 0.6924 0.6691 -0.1503 0.1214 -0.0043 -0.054414 1.843894 12.12 
0.208 2 -9.155903 0.882266 2.538911 0.885010 -2.777100 9.063721 2.10 2.10 2.1 2.1 0.105 0.011 296 273 0.7434 0.7044 -0.2513 0.1220 -0.0044 -0.057005 1.843939 12.12 
0.209 2 -9.165493 0.927817 2.502949 1.159668 -2.807617 9.002686 2.10 2.10 2.1 2.1 0.063 0.065 298 274 0.7302 0.6804 -0.3213 0.1228 -0.0044 -0.057005 1.843983 12.13 
0.210 2 -9.165493 0.901445 2.541308 0.946045 -2.960205 8.789062 2.10 2.10 2.1 2.1 -0.098 0.052 300 276 0.7302 0.7169 -0.0855 0.1234 -0.0044 -0.054414 1.844029 12.13 
0.211 2 -9.131928 0.877471 2.572475 0.793457 -2.990723 8.911133 2.10 2.10 2.1 2.1 -0.069 0.080 301 278 0.7169 0.6691 -0.3083 0.1240 -0.0045 -0.057005 1.844080 12.12 
0.212 2 -9.194263 0.949395 2.555693 0.732422 -2.838135 8.819580 2.10 2.10 2.1 2.1 0.050 0.052 303 279 0.7302 0.6691 -0.3939 0.1248 -0.0045 -0.057005 1.844131 12.15 
0.213 2 -9.220634 0.951792 2.637207 0.701904 -3.082275 8.605957 2.10 2.10 2.1 2.1 0.079 0.086 305 281 0.7169 0.6924 -0.1581 0.1256 -0.0046 -0.057005 1.844184 12.13 
0.214 2 -9.218237 0.918227 2.541308 0.701904 -3.051758 8.483887 2.10 2.10 2.1 2.1 0.073 0.082 307 283 0.7169 0.6374 -0.5130 0.1260 -0.0046 -0.057005 1.844237 12.13 
0.215 2 -9.211044 0.911035 2.598848 0.823975 -3.143311 8.453369 2.10 2.10 2.1 2.1 -0.054 0.091 308 284 0.6924 0.6924 0.0000 0.1268 -0.0046 -0.057005 1.844290 12.15 
0.216 2 -9.134326 0.887061 2.570078 0.762939 -3.387451 8.270264 2.10 2.10 2.1 2.1 -0.081 0.114 310 286 0.7302 0.7169 -0.0855 0.1276 -0.0047 -0.057005 1.844348 12.13 
0.217 2 -9.179877 0.889458 2.630015 0.854492 -3.082275 7.812500 2.10 2.10 2.1 2.1 0.057 0.078 312 288 0.6924 0.7044 0.0777 0.1284 -0.0047 -0.057005 1.844408 12.15 
0.218 2 -9.206249 0.920625 2.596450 0.640869 -2.990723 7.568359 2.10 2.10 2.1 2.1 0.082 0.104 314 290 0.7044 0.6691 -0.2280 0.1288 -0.0047 -0.057005 1.844464 12.15 
0.219 2 -9.223032 0.887061 2.524526 0.823975 -2.990723 7.415771 2.10 2.10 2.1 2.1 0.083 0.086 315 291 0.7169 0.6691 -0.3083 0.1296 -0.0048 -0.057005 1.844513 12.15 
0.220 2 -9.167891 0.942202 2.517334 0.885010 -2.807617 7.202148 2.10 2.10 2.1 2.1 -0.040 0.074 317 293 0.7302 0.6804 -0.3213 0.1304 -0.0048 -0.057005 1.844558 12.13 
0.221 2 -9.227827 0.990151 2.598848 0.671387 -2.899170 6.713867 2.10 2.10 2.1 2.1 -0.061 0.105 319 295 0.7169 0.7169 0.0000 0.1310 -0.0049 -0.059596 1.844605 12.15 
0.222 2 -9.273378 0.930215 2.606040 0.518799 -2.868652 6.286621 2.10 2.10 2.1 2.1 0.077 0.102 321 296 0.7044 0.7044 0.0000 0.1316 -0.0049 -0.057005 1.844656 12.13 
0.223 2 -9.256597 0.961382 2.622822 0.518799 -2.685547 5.950928 2.10 2.10 2.1 2.1 0.061 0.101 322 298 0.6924 0.7169 0.1581 0.1324 -0.0050 -0.057005 1.844705 12.14 
0.224 2 -9.182275 0.956587 2.565283 0.366211 -2.532959 5.523682 2.10 2.10 2.1 2.1 0.148 0.100 324 300 0.7044 0.7044 0.0000 0.1332 -0.0050 -0.057005 1.844751 12.15 
0.225 2 -9.208647 0.980561 2.536514 0.427246 -2.563477 5.249023 2.10 2.10 2.1 2.1 0.011 0.082 326 302 0.7044 0.6924 -0.0777 0.1338 -0.0050 -0.059596 1.844792 12.14 
0.226 2 -9.201455 0.930215 2.507744 0.457764 -2.319336 4.577637 2.10 2.10 2.1 2.1 -0.105 0.065 328 303 0.7169 0.6583 -0.3783 0.1344 -0.0051 -0.057005 1.844828 12.13 
0.227 2 -9.208647 0.968574 2.598848 0.549316 -2.075195 4.150391 2.10 2.10 2.1 2.1 0.112 0.036 329 305 0.7044 0.6924 -0.0777 0.1352 -0.0051 -0.057005 1.844863 12.13 
0.228 2 -9.304545 0.932612 2.656387 0.488281 -1.983643 3.997803 2.10 2.10 2.1 2.1 0.120 0.086 331 307 0.7169 0.7169 0.0000 0.1358 -0.0052 -0.059596 1.844901 12.12 
0.229 2 -9.292559 0.966177 2.713926 0.396729 -1.861572 3.631592 2.10 2.10 2.1 2.1 0.132 0.105 333 308 0.6804 0.6804 0.0000 0.1366 -0.0052 -0.059596 1.844941 12.14 
0.230 2 -9.263789 0.961382 2.675566 0.335693 -1.708984 3.509521 2.10 2.10 2.1 2.1 0.086 0.075 335 310 0.7434 0.7302 -0.0855 0.1372 -0.0052 -0.057005 1.844981 12.14 
0.231 2 -9.244609 0.944600 2.625220 0.183105 -1.586914 3.356934 2.10 2.10 2.1 2.1 -0.068 0.050 336 312 0.6924 0.6474 -0.2902 0.1378 -0.0053 -0.059596 1.845014 12.13 
0.232 2 -9.275776 0.942202 2.646797 0.000000 -1.617432 3.051758 2.10 2.10 2.1 2.1 0.132 0.075 338 313 0.7302 0.6583 -0.4638 0.1386 -0.0053 -0.059596 1.845045 12.15 
0.233 2 -9.254199 0.925420 2.656387 0.183105 -1.342773 2.807617 2.10 2.10 2.1 2.1 0.129 0.082 340 315 0.6177 0.6804 0.4042 0.1394 -0.0054 -0.059596 1.845076 12.14 
0.234 2 -9.242211 0.968574 2.706733 0.366211 -1.190186 2.655029 2.10 2.10 2.1 2.1 0.117 0.089 342 317 0.6924 0.7044 0.0777 0.1400 -0.0054 -0.057005 1.845106 12.15 
0.235 2 -9.299750 0.882266 2.613232 0.122070 -1.068115 2.502441 2.10 2.10 2.1 2.1 -0.032 0.092 343 319 0.7044 0.7302 0.1658 0.1406 -0.0054 -0.059596 1.845131 12.13 
0.236 2 -9.311738 0.961382 2.596450 0.183105 -1.129150 2.288818 2.10 2.10 2.1 2.1 -0.130 0.059 345 320 0.7302 0.7044 -0.1658 0.1415 -0.0055 -0.059596 1.845149 12.13 
0.237 2 -9.294956 0.951792 2.618027 0.183105 -1.068115 2.136230 2.10 2.10 2.1 2.1 0.066 0.103 347 322 0.7302 0.6804 -0.3213 0.1423 -0.0055 -0.059596 1.845167 12.14 
0.238 2 -9.311738 0.958984 2.562886 0.244141 -1.037598 2.014160 2.10 2.10 2.1 2.1 0.087 0.098 349 324 0.6924 0.6804 -0.0777 0.1427 -0.0056 -0.059596 1.845182 12.12 
0.239 2 -9.285366 0.982959 2.606040 0.396729 -0.762939 1.708984 2.10 2.10 2.1 2.1 0.119 0.088 350 325 0.7044 0.6691 -0.2280 0.1435 -0.0056 -0.059596 1.845194 12.14 
0.240 2 -9.304545 0.918227 2.673169 0.061035 -0.915527 1.312256 2.10 2.10 2.1 2.1 -0.024 0.083 352 327 0.6924 0.6691 -0.1503 0.1443 -0.0057 -0.059596 1.845211 12.12 
0.241 2 -9.270981 0.870278 2.716323 -0.030518 -0.946045 1.251221 2.10 2.10 2.1 2.1 -0.130 0.051 354 329 0.7044 0.7044 0.0000 0.1449 -0.0057 -0.062187 1.845236 12.15 
0.242 2 -9.318931 0.937407 2.711528 -0.061035 -0.732422 0.976562 2.10 2.10 2.1 2.1 0.092 0.055 356 330 0.7169 0.7169 0.0000 0.1455 -0.0057 -0.059596 1.845260 12.16 
0.243 2 -9.297353 0.927817 2.620425 -0.091553 -0.396729 0.854492 2.10 2.10 2.1 2.1 0.139 0.121 357 332 0.7044 0.6924 -0.0777 0.1463 -0.0058 -0.059596 1.845274 12.14 
0.244 2 -9.261392 1.014126 2.677964 -0.152588 -0.305176 0.518799 2.10 2.10 2.1 2.1 0.083 0.068 359 334 0.7169 0.7169 0.0000 0.1471 -0.0058 -0.059596 1.845284 12.13 
0.245 2 -9.230225 0.987754 2.560488 -0.152588 -0.335693 0.305176 2.10 2.10 2.1 2.1 -0.023 0.083 361 336 0.7044 0.6691 -0.2280 0.1477 -0.0059 -0.062187 1.845291 12.14 
0.246 2 -9.230225 1.004536 2.620425 -0.061035 -0.213623 -0.213623 2.10 2.10 2.1 2.1 -0.126 0.064 363 337 0.6924 0.6804 -0.0777 0.1483 -0.0059 -0.059596 1.845295 12.13 
0.247 2 -9.266186 1.009331 2.642002 0.030518 0.091553 -0.610352 2.10 2.10 2.1 2.1 0.081 0.090 364 339 0.7169 0.6691 -0.3083 0.1491 -0.0059 -0.059596 1.845298 12.14 
0.248 2 -9.270981 0.927817 2.677964 0.030518 0.183105 -0.915527 2.10 2.10 2.1 2.1 0.129 0.087 366 341 0.6924 0.7044 0.0777 0.1497 -0.0060 -0.062187 1.845301 12.14 
0.249 2 -9.290161 0.987754 2.649194 -0.213623 0.000000 -1.586914 2.10 2.10 2.1 2.1 0.105 0.042 368 342 0.6924 0.7169 0.1581 0.1505 -0.0060 -0.062187 1.845304 12.14 
0.250 2 -9.254199 0.927817 2.601245 -0.274658 0.213623 -1.953125 2.10 2.10 2.1 2.1 -0.070 0.048 370 344 0.7169 0.7044 -0.0803 0.1511 -0.0061 -0.059596 1.845304 12.13 
0.251 2 -9.203853 0.978164 2.615630 -0.305176 0.518799 -2.349854 2.10 2.10 2.1 2.1 -0.017 0.005 371 346 0.7044 0.7302 0.1658 0.1519 -0.0061 -0.059596 1.845299 12.13 
0.252 2 -9.235020 0.937407 2.598848 -0.213623 0.671387 -2.868652 2.10 2.10 2.1 2.1 0.073 0.057 373 348 0.7169 0.6691 -0.3083 0.1525 -0.0061 -0.062187 1.845289 12.12 
0.253 2 -9.220634 0.968574 2.658784 -0.183105 0.549316 -3.356934 2.10 2.10 2.1 2.1 0.082 0.032 375 349 0.7169 0.7044 -0.0803 0.1533 -0.0062 -0.062187 1.845282 12.12 
0.254 2 -9.280571 0.930215 2.589258 -0.274658 0.640869 -3.845215 2.10 2.10 2.1 2.1 0.041 0.026 377 351 0.6924 0.6691 -0.1503 0.1539 -0.0062 -0.059596 1.845273 12.12 
0.255 2 -9.223032 0.937407 2.534116 -0.183105 0.823975 -4.150391 2.10 2.10 2.1 2.1 -0.103 -0.002 378 353 0.7169 0.7044 -0.0803 0.1545 -0.0063 -0.062187 1.845256 12.14 
0.256 2 -9.165493 0.956587 2.603642 -0.274658 0.946045 -4.669189 2.10 2.10 2.1 2.1 -0.017 -0.001 380 354 0.6804 0.7302 0.3213 0.1553 -0.0063 -0.062187 1.845238 12.15 
0.257 2 -9.177480 0.944600 2.586860 -0.274658 0.885010 -5.157471 2.10 2.10 2.1 2.1 0.051 0.019 382 356 0.7302 0.6924 -0.2436 0.1561 -0.0064 -0.062187 1.845224 12.14 
0.258 2 -9.182275 0.908638 2.653989 -0.396729 0.701904 -5.371094 2.10 2.10 2.1 2.1 0.069 -0.000 384 358 0.7302 0.7302 0.0000 0.1567 -0.0064 -0.059596 1.845214 12.13 
0.259 2 -9.189467 0.954189 2.577271 -0.518799 0.885010 -5.554199 2.10 2.10 2.1 2.1 0.116 0.041 385 360 0.7044 0.6474 -0.3679 0.1573 -0.0064 -0.062187 1.845203 12.14 
0.260 2 -9.203853 0.975767 2.582065 -0.366211 1.007080 -5.493164 2.10 2.10 2.1 2.1 -0.053 0.024 387 361 0.7302 0.6583 -0.4638 0.1581 -0.0065 -0.062187 1.845185 12.14 
0.261 2 -9.230225 0.980561 2.565283 -0.366211 1.007080 -5.798340 2.10 2.10 2.1 2.1 -0.004 0.086 389 363 0.6924 0.6804 -0.0777 0.1589 -0.0065 -0.062187 1.845166 12.14 
0.262 2 -9.230225 0.949395 2.555693 -0.335693 0.854492 -5.920410 2.10 2.10 2.1 2.1 0.072 0.108 391 365 0.6924 0.7169 0.1581 0.1593 -0.0066 -0.062187 1.845146 12.15 
0.263 2 -9.191865 0.937407 2.618027 -0.366211 0.885010 -5.828857 2.10 2.10 2.1 2.1 0.063 0.059 392 366 0.7434 0.7302 -0.0855 0.1601 -0.0066 -0.062187 1.845130 12.13 
0.264 2 -9.215839 0.899048 2.577271 -0.427246 0.946045 -5.767822 2.10 2.10 2.1 2.1 0.075 0.099 394 368 0.7302 0.7044 -0.1658 0.1609 -0.0067 -0.062187 1.845115 12.15 
0.265 2 -9.165493 0.891855 2.591655 -0.488281 1.220703 -5.737305 2.10 2.10 2.1 2.1 -0.082 0.027 396 370 0.6924 0.6924 0.0000 0.1617 -0.0067 -0.062187 1.845096 12.15 
0.266 2 -9.143916 0.894253 2.613232 -0.366211 1.342773 -5.676270 2.10 2.10 2.1 2.1 -0.059 0.100 398 372 0.7169 0.6924 -0.1581 0.1621 -0.0067 -0.062187 1.845076 12.15 
0.267 2 -9.139121 0.923022 2.584463 -0.213623 1.281738 -5.554199 2.10 2.10 2.1 2.1 0.099 0.025 399 373 0.7169 0.6691 -0.3083 0.1629 -0.0068 -0.062187 1.845056 12.15 
0.268 2 -9.187070 0.920625 2.443013 -0.305176 1.129150 -5.401611 2.10 2.10 2.1 2.1 0.146 0.113 401 375 0.7044 0.6804 -0.1555 0.1637 -0.0068 -0.062187 1.845028 12.15 
0.269 2 -9.160698 0.930215 2.613232 -0.396729 1.129150 -5.157471 2.10 2.10 2.1 2.1 0.112 0.035 403 377 0.7169 0.7169 0.0000 0.1643 -0.0069 -0.064778 1.845003 12.16 
0.270 2 -9.127133 0.887061 2.639604 -0.549316 1.098633 -4.943848 2.10 2.10 2.1 2.1 -0.014 0.100 405 378 0.6924 0.7302 0.2436 0.1649 -0.0069 -0.062187 1.844989 12.15 
0.271 2 -9.160698 0.930215 2.553296 -0.366211 1.129150 -4.852295 2.10 2.10 2.1 2.1 -0.108 0.086 406 380 0.7169 0.6924 -0.1581 0.1657 -0.0070 -0.062187 1.844972 12.15 
0.272 2 -9.177480 0.901445 2.538911 -0.335693 1.312256 -4.669189 2.10 2.10 2.1 2.1 0.089 0.084 408 382 0.6804 0.7302 0.3213 0.1665 -0.0070 -0.062187 1.844948 12.15 
0.273 2 -9.194263 0.867881 2.502949 -0.335693 1.495361 -4.455566 2.10 2.10 2.1 2.1 0.086 0.082 410 384 0.6924 0.6691 -0.1503 0.1671 -0.0071 -0.064778 1.844917 12.15 
0.274 2 -9.129531 0.901445 2.574873 -0.335693 1.525879 -4.333496 2.10 2.10 2.1 2.1 0.094 0.101 412 385 0.7044 0.6804 -0.1555 0.1677 -0.0071 -0.062187 1.844887 12.13 
0.275 2 -9.175083 0.908638 2.644399 -0.396729 1.403809 -4.150391 2.10 2.10 2.1 2.1 0.005 0.087 413 387 0.7302 0.6804 -0.3213 0.1685 -0.0071 -0.062187 1.844865 12.13 
0.276 2 -9.163095 0.848701 2.642002 -0.366211 1.342773 -3.967285 2.10 2.10 2.1 2.1 0.119 0.099 415 389 0.7044 0.7169 0.0803 0.1691 -0.0072 -0.064778 1.844848 12.14 
0.277 2 -9.141519 0.853496 2.610835 -0.274658 1.403809 -3.692627 2.10 2.10 2.1 2.1 0.069 0.087 417 390 0.7044 0.7169 0.0803 0.1699 -0.0072 -0.064778 1.844829 12.12 
0.278 2 -9.091171 0.877471 2.675566 -0.122070 1.373291 -3.723145 2.10 2.10 2.1 2.1 0.127 0.088 419 392 0.6804 0.7044 0.1555 0.1705 -0.0073 -0.062187 1.844813 12.15 
0.279 2 -9.112749 0.851099 2.567681 -0.183105 1.129150 -3.570557 2.10 2.10 2.1 2.1 0.109 0.087 420 394 0.7044 0.7302 0.1658 0.1713 -0.0073 -0.062187 1.844798 12.14 
0.280 2 -9.139121 0.824727 2.584463 -0.518799 1.251221 -3.295898 2.10 2.10 2.1 2.1 -0.025 0.095 422 396 0.7044 0.6691 -0.2280 0.1719 -0.0074 -0.064778 1.844778 12.13 
0.281 2 -9.127133 0.896650 2.658784 -0.427246 1.586914 -3.112793 2.10 2.10 2.1 2.1 0.044 0.088 424 398 0.6924 0.7044 0.0777 0.1725 -0.0074 -0.062187 1.844759 12.15 
0.282 2 -9.112749 0.855894 2.591655 -0.183105 1.525879 -3.143311 2.10 2.10 2.1 2.1 0.063 0.060 426 399 0.7044 0.6691 -0.2280 0.1733 -0.0075 -0.062187 1.844738 12.13 
0.283 2 -9.146314 0.870278 2.524526 -0.274658 1.373291 -3.082275 2.10 2.10 2.1 2.1 0.066 0.059 427 401 0.7169 0.7044 -0.0803 0.1741 -0.0075 -0.062187 1.844712 12.13 
0.284 2 -9.060004 0.836714 2.606040 -0.305176 1.373291 -2.807617 2.10 2.10 2.1 2.1 0.059 0.018 429 403 0.7044 0.7302 0.1658 0.1747 -0.0075 -0.064778 1.844689 12.12 
0.285 2 -9.119941 0.870278 2.687554 -0.213623 1.495361 -2.563477 2.10 2.10 2.1 2.1 0.006 0.090 431 404 0.7302 0.6924 -0.2436 0.1755 -0.0076 -0.064778 1.844673 12.13 
0.286 2 -9.091171 0.899048 2.598848 -0.244141 1.190186 -2.380371 2.10 2.10 2.1 2.1 0.145 0.087 433 406 0.6804 0.7302 0.3213 0.1761 -0.0076 -0.062187 1.844658 12.14 
0.287 2 -9.112749 0.911035 2.574873 -0.091553 1.434326 -2.258301 2.10 2.10 2.1 2.1 0.084 0.086 434 408 0.7302 0.6474 -0.5338 0.1767 -0.0077 -0.064778 1.844638 12.16 
0.288 2 -9.055210 0.887061 2.550898 -0.152588 1.708984 -2.014160 2.10 2.10 2.1 2.1 0.126 0.092 436 409 0.6691 0.6583 -0.0700 0.1775 -0.0077 -0.064778 1.844612 12.14 
0.289 2 -9.091171 0.882266 2.531719 -0.091553 1.708984 -1.861572 2.10 2.10 2.1 2.1 0.026 0.107 438 411 0.6924 0.6924 0.0000 0.1781 -0.0078 -0.062187 1.844582 12.13 
0.290 2 -9.115147 0.918227 2.505347 0.000000 1.770020 -1.617432 2.10 2.10 2.1 2.1 0.105 0.097 440 413 0.7044 0.7169 0.0803 0.1789 -0.0078 -0.062187 1.844548 12.13 
0.291 2 -9.131928 0.843906 2.579668 0.030518 1.708984 -1.403809 2.10 2.10 2.1 2.1 0.128 0.056 441 415 0.7302 0.7434 0.0855 0.1795 -0.0078 -0.064778 1.844515 12.13 
0.292 2 -9.124736 0.834316 2.445410 0.091553 1.861572 -1.007080 2.10 2.10 2.1 2.1 0.103 0.064 443 416 0.7302 0.7169 -0.0855 0.1803 -0.0079 -0.064778 1.844479 12.14 
0.293 2 -9.139121 0.860688 2.514936 -0.152588 1.953125 -0.823975 2.10 2.10 2.1 2.1 0.096 0.093 445 418 0.7169 0.6924 -0.1581 0.1811 -0.0080 -0.064778 1.844437 12.15 
0.294 2 -9.105556 0.863086 2.653989 0.061035 1.708984 -0.640869 2.10 2.10 2.1 2.1 -0.063 0.040 447 420 0.7169 0.6924 -0.1581 0.1815 -0.0080 -0.064778 1.844408 12.14 
0.295 2 -9.079185 0.851099 2.646797 0.183105 1.647949 -0.244141 2.10 2.10 2.1 2.1 0.139 0.017 448 422 0.6924 0.6804 -0.0777 0.1823 -0.0080 -0.064778 1.844388 12.15 
0.296 2 -9.117543 0.817534 2.584463 0.091553 1.525879 0.183105 2.10 2.10 2.1 2.1 0.082 0.010 450 423 0.7044 0.6804 -0.1555 0.1831 -0.0081 -0.064778 1.844367 12.13 
0.297 2 -9.083980 0.822329 2.582065 -0.061035 1.464844 0.396729 2.10 2.10 2.1 2.1 0.108 -0.014 452 425 0.6924 0.7044 0.0777 0.1839 -0.0081 -0.064778 1.844344 12.15 
0.298 2 -9.088774 0.853496 2.474180 0.091553 1.617432 0.488281 2.10 2.10 2.1 2.1 -0.067 0.056 454 427 0.7169 0.7302 0.0855 0.1843 -0.0082 -0.064778 1.844315 12.14 
0.299 2 -9.064799 0.843906 2.627617 0.061035 1.403809 0.793457 2.10 2.10 2.1 2.1 -0.018 0.129 455 428 0.7302 0.7044 -0.1658 0.1851 -0.0082 -0.064778 1.844289 12.14 
0.300 2 -9.098364 0.860688 2.522129 0.152588 1.098633 1.129150 2.10 2.10 2.1 2.1 0.077 0.074 457 430 0.7044 0.7302 0.1658 0.1859 -0.0083 -0.064778 1.844270 12.15 
0.301 4 -9.093569 0.867881 2.529321 0.091553 1.159668 1.312256 4.10 4.10 4.1 4.1 0.079 0.055 459 432 0.7044 0.7169 0.0803 0.1867 -0.0083 -0.064778 1.844247 12.15 
0.302 4 -9.131928 0.846304 2.594053 0.152588 1.281738 1.464844 4.10 4.10 4.1 4.1 0.317 0.234 461 434 0.7302 0.6804 -0.3213 0.1871 -0.0083 -0.064778 1.844227 12.07 
0.303 4 -9.196660 0.812739 2.594053 0.335693 1.098633 1.617432 4.10 4.10 4.1 4.1 0.377 0.344 462 435 0.7044 0.6804 -0.1555 0.1879 -0.0084 -0.064778 1.844208 12.03 
0.304 4 -9.163095 0.851099 2.572475 0.213623 0.732422 2.014160 4.10 4.10 4.1 4.1 0.512 0.416 464 437 0.7302 0.7169 -0.0855 0.1887 -0.0084 -0.064778 1.844193 11.99 
0.305 4 -9.182275 0.834316 2.613232 0.183105 0.793457 2.105713 4.10 4.10 4.1 4.1 0.530 0.443 466 439 0.7434 0.7169 -0.1710 0.1896 -0.0085 -0.064778 1.844182 11.98 
0.306 4 -9.131928 0.879868 2.546103 0.030518 0.885010 2.197266 4.10 4.10 4.1 4.1 0.556 0.479 468 441 0.7872 0.7723 -0.0959 0.1904 -0.0085 -0.064778 1.844168 11.96 
0.307 4 -9.117543 0.891855 2.625220 0.122070 0.976562 2.258301 4.10 4.10 4.1 4.1 0.484 0.467 470 443 0.8193 0.7723 -0.3032 0.1912 -0.0086 -0.064778 1.844155 11.97 
0.308 4 -9.141519 0.810342 2.562886 -0.061035 0.732422 2.380371 4.10 4.10 4.1 4.1 0.468 0.435 472 445 0.8193 0.8193 0.0000 0.1920 -0.0087 -0.064778 1.844144 11.98 
0.309 4 -9.235020 0.894253 2.522129 0.091553 0.793457 2.471924 4.10 4.10 4.1 4.1 0.439 0.433 475 447 0.8543 0.8193 -0.2254 0.1928 -0.0087 -0.064778 1.844127 11.98 
0.310 4 -9.158300 0.851099 2.601245 0.183105 0.732422 2.471924 4.10 4.10 4.1 4.1 0.477 0.447 477 450 0.8727 0.8727 0.0000 0.1936 -0.0088 -0.064778 1.844112 11.99 
0.311 4 -9.124736 0.872676 2.622822 0.305176 0.976562 2.441406 4.10 4.10 4.1 4.1 0.424 0.447 479 452 0.9338 0.8193 -0.7385 0.1946 -0.0088 -0.067369 1.844102 12.00 
0.312 4 -9.134326 0.860688 2.596450 0.274658 0.946045 2.471924 4.10 4.10 4.1 4.1 0.398 0.378 482 454 0.9338 0.9125 -0.1373 0.1956 -0.0089 -0.064778 1.844090 12.00 
0.313 4 -9.136724 0.860688 2.567681 0.000000 0.701904 2.441406 4.10 4.10 4.1 4.1 0.397 0.364 484 456 0.9125 0.8924 -0.1296 0.1964 -0.0089 -0.064778 1.844078 11.99 
0.314 4 -9.170288 0.877471 2.514936 -0.091553 0.610352 2.502441 4.10 4.10 4.1 4.1 0.421 0.376 486 459 0.9796 0.9338 -0.2954 0.1974 -0.0090 -0.067369 1.844064 11.99 
0.315 4 -9.124736 0.901445 2.522129 -0.122070 1.037598 2.502441 4.10 4.10 4.1 4.1 0.364 0.337 489 461 1.0298 0.9796 -0.3239 0.1984 -0.0091 -0.064778 1.844045 12.01 
0.316 4 -9.107954 0.901445 2.522129 -0.091553 1.037598 2.349854 4.10 4.10 4.1 4.1 0.375 0.309 491 464 1.0298 0.9796 -0.3239 0.1994 -0.0091 -0.067369 1.844024 12.02 
0.317 4 -9.158300 0.906240 2.572475 -0.030518 0.762939 1.953125 4.10 4.10 4.1 4.1 0.431 0.319 494 466 1.0567 1.0041 -0.3394 0.2006 -0.0092 -0.067369 1.844007 12.02 
0.318 4 -9.297353 0.906240 2.483769 -0.030518 0.244141 2.014160 4.10 4.10 4.1 4.1 0.380 0.272 497 469 1.0567 1.0298 -0.1736 0.2014 -0.0093 -0.067369 1.843992 12.04 
0.319 4 -9.285366 0.925420 2.531719 0.061035 -0.396729 1.861572 4.10 4.10 4.1 4.1 0.367 0.311 499 471 1.1153 1.0298 -0.5519 0.2026 -0.0094 -0.067369 1.843984 12.03 
0.320 4 -9.165493 0.923022 2.534116 0.213623 -0.915527 1.647949 4.10 4.10 4.1 4.1 0.375 0.287 502 474 1.1153 1.0852 -0.1943 0.2036 -0.0094 -0.064778 1.843990 12.02 
0.321 4 -9.098364 0.958984 2.541308 0.274658 -1.373291 1.403809 4.10 4.10 4.1 4.1 0.310 0.281 505 477 1.0852 1.0852 0.0000 0.2046 -0.0095 -0.067369 1.844008 12.04 
0.322 4 -9.194263 0.884663 2.486167 0.030518 -1.922607 1.312256 4.10 4.10 4.1 4.1 0.264 0.259 507 479 1.1153 1.1153 0.0000 0.2058 -0.0096 -0.067369 1.844032 12.04 
0.323 4 -9.187070 0.906240 2.478975 -0.213623 -2.807617 1.251221 4.10 4.10 4.1 4.1 0.337 0.242 510 482 1.1474 1.1474 0.0000 0.2070 -0.0097 -0.067369 1.844064 12.04 
0.324 4 -9.213442 0.915830 2.476577 -0.061035 -3.601074 1.190186 4.10 4.10 4.1 4.1 0.291 0.223 513 485 1.1474 1.1474 0.0000 0.2078 -0.0097 -0.067369 1.844109 12.04 
0.325 4 -9.211044 0.908638 2.553296 0.244141 -3.906250 0.915527 4.10 4.10 4.1 4.1 0.314 0.195 516 488 1.1474 1.1474 0.0000 0.2090 -0.0098 -0.067369 1.844168 12.04 
0.326 4 -9.151108 0.946997 2.536514 0.366211 -4.241943 0.640869 4.10 4.10 4.1 4.1 0.312 0.234 519 490 1.1812 1.2169 0.2306 0.2102 -0.0099 -0.067369 1.844236 12.04 
0.327 4 -9.160698 0.932612 2.541308 0.122070 -4.333496 0.549316 4.10 4.10 4.1 4.1 0.267 0.176 521 493 1.1812 1.2169 0.2306 0.2114 -0.0099 -0.067369 1.844308 12.06 
0.328 4 -9.251801 0.882266 2.457397 0.122070 -4.821777 0.396729 4.10 4.10 4.1 4.1 0.276 0.171 524 496 1.1474 1.2551 0.6944 0.2126 -0.0100 -0.067369 1.844379 12.06 
0.329 4 -9.292559 0.841509 2.517334 0.274658 -5.187988 0.213623 4.10 4.10 4.1 4.1 0.296 0.183 527 499 1.2169 1.1153 -0.6556 0.2136 -0.0101 -0.069960 1.844455 12.06 
0.330 4 -9.167891 0.887061 2.591655 0.213623 -5.462646 0.305176 4.10 4.10 4.1 4.1 0.289 0.148 530 502 1.2551 1.2169 -0.2462 0.2148 -0.0102 -0.069960 1.844544 12.06 
0.331 4 -9.045620 0.834316 2.536514 -0.122070 -5.035400 0.335693 4.10 4.10 4.1 4.1 0.288 0.229 533 505 1.2169 1.2169 0.0000 0.2160 -0.0103 -0.069960 1.844637 12.06 
0.332 4 -9.105556 0.848701 2.531719 -0.244141 -4.547119 0.213623 4.10 4.10 4.1 4.1 0.211 0.206 536 508 1.2551 1.2169 -0.2462 0.2172 -0.0104 -0.069960 1.844719 12.06 
0.333 4 -9.155903 0.872676 2.663579 0.000000 -4.394531 0.213623 4.10 4.10 4.1 4.1 0.186 0.248 539 511 1.2551 1.2952 0.2591 0.2184 -0.0104 -0.069960 1.844800 12.06 
0.334 4 -9.158300 0.923022 2.661181 -0.122070 -4.272461 0.335693 4.10 4.10 4.1 4.1 0.257 0.205 542 514 1.2551 1.1812 -0.4768 0.2196 -0.0105 -0.069960 1.844884 12.05 
0.335 4 -9.095966 0.899048 2.661181 -0.305176 -3.814697 0.274658 4.10 4.10 4.1 4.1 0.280 0.234 545 517 1.2551 1.2551 0.0000 0.2208 -0.0106 -0.069960 1.844965 12.06 
0.336 4 -9.131928 0.875073 2.596450 -0.122070 -3.143311 0.366211 4.10 4.10 4.1 4.1 0.314 0.249 548 520 1.2551 1.2169 -0.2462 0.2220 -0.0107 -0.069960 1.845032 12.07 
0.337 4 -9.172686 0.875073 2.644399 -0.091553 -2.502441 0.244141 4.10 4.10 4.1 4.1 0.268 0.225 551 523 1.2952 1.2952 0.0000 0.2232 -0.0108 -0.069960 1.845086 12.07 
0.338 4 -9.175083 0.853496 2.608438 0.061035 -2.197266 0.335693 4.10 4.10 4.1 4.1 0.193 0.275 554 526 1.2551 1.2952 0.2591 0.2244 -0.0109 -0.069960 1.845131 12.08 
0.339 4 -9.235020 0.822329 2.608438 0.061035 -2.288818 0.427246 4.10 4.10 4.1 4.1 0.166 0.223 558 529 1.2952 1.2952 0.0000 0.2256 -0.0109 -0.069960 1.845172 12.07 
0.340 4 -9.151108 0.841509 2.606040 -0.122070 -2.105713 0.549316 4.10 4.10 4.1 4.1 0.192 0.231 561 532 1.2952 1.3386 0.2798 0.2270 -0.0110 -0.067369 1.845212 12.07 
0.341 4 -9.095966 0.899048 2.632412 -0.183105 -2.105713 0.610352 4.10 4.10 4.1 4.1 0.188 0.206 564 535 1.2952 1.2952 0.0000 0.2282 -0.0111 -0.067369 1.845254 12.07 
0.342 4 -9.163095 0.836714 2.495757 -0.122070 -2.044678 0.610352 4.10 4.10 4.1 4.1 0.228 0.228 567 538 1.2952 1.3848 0.5778 0.2294 -0.0112 -0.067369 1.845290 12.08 
0.343 4 -9.218237 0.925420 2.428628 0.000000 -2.075195 0.610352 4.10 4.10 4.1 4.1 0.195 0.202 570 542 1.2952 1.3848 0.5778 0.2308 -0.0113 -0.069960 1.845313 12.08 
0.344 4 -9.158300 0.815137 2.526924 0.000000 -2.380371 0.549316 4.10 4.10 4.1 4.1 0.109 0.201 573 545 1.2952 1.3386 0.2798 0.2320 -0.0114 -0.069960 1.845341 12.07 
0.345 4 -9.182275 0.887061 2.505347 0.213623 -2.563477 0.732422 4.10 4.10 4.1 4.1 0.147 0.186 576 548 1.2952 1.2952 0.0000 0.2332 -0.0115 -0.069960 1.845377 12.08 
0.346 4 -9.112749 0.935010 2.512539 0.305176 -2.838135 0.762939 4.10 4.10 4.1 4.1 0.191 0.192 580 551 1.3848 1.1474 -1.5314 0.2344 -0.0115 -0.069960 1.845417 12.09 
0.347 4 -9.076787 0.891855 2.610835 0.122070 -2.746582 0.640869 4.10 4.10 4.1 4.1 0.212 0.219 583 554 1.3386 1.3386 0.0000 0.2358 -0.0116 -0.067369 1.845466 12.08 
0.348 4 -9.095966 0.875073 2.586860 0.152588 -2.471924 0.732422 4.10 4.10 4.1 4.1 0.192 0.191 586 558 1.3848 1.3848 0.0000 0.2372 -0.0117 -0.069960 1.845515 12.08 
0.349 4 -9.160698 0.853496 2.591655 0.213623 -2.380371 0.854492 4.10 4.10 4.1 4.1 0.162 0.177 589 561 1.3386 1.3848 0.2980 0.2384 -0.0118 -0.069960 1.845559 12.08 
0.350 4 -9.175083 0.841509 2.594053 0.274658 -2.258301 0.915527 4.10 4.10 4.1 4.1 0.118 0.196 593 564 1.3386 1.3386 0.0000 0.2396 -0.0119 -0.069960 1.845600 12.09 
0.351 4 -9.110352 0.836714 2.622822 0.274658 -2.288818 1.251221 4.10 4.10 4.1 4.1 0.192 0.132 596 567 1.3386 1.3386 0.0000 0.2410 -0.0120 -0.067369 1.845643 12.10 
0.352 4 -9.177480 0.863086 2.625220 0.061035 -2.166748 1.373291 4.10 4.10 4.1 4.1 0.189 0.154 599 570 1.3848 1.4342 0.3187 0.2424 -0.0121 -0.069960 1.845687 12.09 
0.353 4 -9.177480 0.841509 2.512539 0.122070 -1.953125 1.342773 4.10 4.10 4.1 4.1 0.190 0.104 602 574 1.3386 1.3848 0.2980 0.2436 -0.0122 -0.069960 1.845721 12.10 
0.354 4 -9.218237 0.884663 2.538911 0.366211 -2.105713 1.403809 4.10 4.10 4.1 4.1 0.127 0.120 606 577 1.3848 1.2952 -0.5778 0.2448 -0.0123 -0.069960 1.845749 12.09 
0.355 4 -9.165493 0.882266 2.505347 0.427246 -2.227783 1.586914 4.10 4.10 4.1 4.1 0.113 0.074 609 580 1.3848 1.4342 0.3187 0.2462 -0.0124 -0.067369 1.845780 12.09 
0.356 4 -9.184672 0.920625 2.517334 0.366211 -2.716064 1.678467 4.10 4.10 4.1 4.1 0.199 0.141 612 584 1.3848 1.3848 0.0000 0.2477 -0.0125 -0.069960 1.845815 12.09 
0.357 4 -9.117543 0.879868 2.490962 0.274658 -2.868652 1.617432 4.10 4.10 4.1 4.1 0.209 0.083 615 587 1.3848 1.3848 0.0000 0.2489 -0.0125 -0.069960 1.845856 12.09 
0.358 4 -9.136724 0.863086 2.524526 0.183105 -2.868652 1.586914 4.10 4.10 4.1 4.1 0.215 0.144 619 590 1.3848 1.4872 0.6607 0.2503 -0.0126 -0.067369 1.845899 12.09 
0.359 4 -9.086377 0.877471 2.584463 0.061035 -3.173828 1.525879 4.10 4.10 4.1 4.1 0.226 0.076 622 594 1.3848 1.4342 0.3187 0.2517 -0.0127 -0.069960 1.845950 12.08 
0.360 4 -9.083980 0.875073 2.644399 0.152588 -3.234863 1.586914 4.10 4.10 4.1 4.1 0.121 0.095 625 597 1.3848 1.4342 0.3187 0.2529 -0.0128 -0.069960 1.846011 12.09 
0.361 4 -9.153505 0.879868 2.584463 0.274658 -3.326416 1.739502 4.10 4.10 4.1 4.1 0.192 0.093 629 600 1.3848 1.4342 0.3187 0.2543 -0.0129 -0.067369 1.846072 12.08 
0.362 4 -9.131928 0.884663 2.572475 0.000000 -3.295898 1.892090 4.10 4.10 4.1 4.1 0.218 0.154 632 604 1.3848 1.4342 0.3187 0.2557 -0.0130 -0.069960 1.846129 12.10 
0.363 4 -9.091171 0.860688 2.651592 -0.061035 -2.929688 1.770020 4.10 4.10 4.1 4.1 0.188 0.124 635 607 1.4342 1.4342 0.0000 0.2571 -0.0131 -0.067369 1.846187 12.10 
0.364 4 -9.119941 0.863086 2.598848 0.244141 -2.532959 1.983643 4.10 4.10 4.1 4.1 0.206 0.146 639 610 1.3848 1.4342 0.3187 0.2583 -0.0132 -0.067369 1.846240 12.10 
0.365 4 -9.141519 0.896650 2.553296 0.274658 -2.288818 2.197266 4.10 4.10 4.1 4.1 0.186 0.078 642 614 1.3848 1.3848 0.0000 0.2597 -0.0133 -0.069960 1.846282 12.09 
0.366 4 -9.153505 0.879868 2.594053 0.457764 -2.349854 2.288818 4.10 4.10 4.1 4.1 0.106 0.044 646 617 1.3848 1.4342 0.3187 0.2611 -0.0134 -0.067369 1.846321 12.09 
0.367 4 -9.160698 0.913433 2.673169 0.244141 -2.105713 2.319336 4.10 4.10 4.1 4.1 0.050 0.026 649 621 1.3848 1.4342 0.3187 0.2623 -0.0135 -0.067369 1.846364 12.11 
0.368 4 -9.129531 0.927817 2.642002 0.213623 -1.953125 2.258301 4.10 4.10 4.1 4.1 0.152 0.048 652 624 1.3848 1.4342 0.3187 0.2637 -0.0136 -0.069960 1.846407 12.10 
0.369 4 -9.141519 0.889458 2.514936 0.305176 -1.983643 2.227783 4.10 4.10 4.1 4.1 0.146 0.078 656 628 1.3848 1.4342 0.3187 0.2651 -0.0137 -0.067369 1.846441 12.09 
0.370 4 -9.067197 0.884663 2.502949 0.427246 -2.136230 2.380371 4.10 4.10 4.1 4.1 0.217 -0.024 659 631 1.3848 1.4872 0.6607 0.2663 -0.0137 -0.067369 1.846470 12.09 
0.371 4 -9.160698 0.841509 2.522129 0.610352 -2.319336 2.502441 4.10 4.10 4.1 4.1 0.242 0.057 662 634 1.3848 1.4872 0.6607 0.2679 -0.0139 -0.067369 1.846502 12.10 
0.372 4 -9.131928 0.925420 2.577271 0.518799 -2.197266 2.380371 4.10 4.10 4.1 4.1 0.099 -0.008 666 638 1.3848 1.4872 0.6607 0.2691 -0.0139 -0.067369 1.846538 12.09 
0.373 4 -9.083980 0.918227 2.524526 0.396729 -1.586914 2.441406 4.10 4.10 4.1 4.1 0.184 -0.032 669 641 1.3386 1.4872 0.9587 0.2705 -0.0140 -0.064778 1.846568 12.09 
0.374 4 -9.100761 0.942202 2.627617 0.366211 -1.129150 2.410889 4.10 4.10 4.1 4.1 0.199 0.127 672 645 1.3848 1.4872 0.6607 0.2719 -0.0141 -0.067369 1.846592 12.10 
0.375 4 -9.079185 0.884663 2.677964 0.274658 -0.762939 2.716064 4.10 4.10 4.1 4.1 0.205 0.047 676 648 1.4342 1.4342 0.0000 0.2731 -0.0142 -0.067369 1.846617 12.10 
0.376 4 -9.105556 0.853496 2.651592 0.274658 -0.640869 2.929688 4.10 4.10 4.1 4.1 0.196 0.195 679 652 1.4342 1.4872 0.3420 0.2747 -0.0143 -0.067369 1.846638 12.09 
0.377 4 -9.055210 0.942202 2.697144 0.457764 -0.183105 2.929688 4.10 4.10 4.1 4.1 0.154 0.115 683 655 1.4872 1.3386 -0.9587 0.2759 -0.0144 -0.067369 1.846656 12.10 
0.378 4 -9.079185 0.889458 2.642002 0.335693 0.396729 2.990723 4.10 4.10 4.1 4.1 0.090 0.116 686 658 1.3386 1.4342 0.6167 0.2775 -0.0145 -0.067369 1.846665 12.10 
0.379 4 -9.141519 0.870278 2.615630 0.488281 0.427246 3.295898 4.10 4.10 4.1 4.1 0.065 0.145 690 662 1.4342 1.4342 0.0000 0.2787 -0.0146 -0.067369 1.846662 12.09 
0.380 4 -9.218237 0.839111 2.591655 0.610352 0.061035 3.753662 4.10 4.10 4.1 4.1 0.195 0.098 693 666 1.4342 1.4872 0.3420 0.2801 -0.0147 -0.064778 1.846659 12.11 
0.381 4 -9.196660 0.824727 2.625220 0.549316 -0.762939 4.058838 4.10 4.10 4.1 4.1 0.143 0.191 696 669 1.3848 1.4872 0.6607 0.2815 -0.0148 -0.067369 1.846665 12.11 
0.382 4 -9.170288 0.867881 2.567681 0.671387 -0.915527 4.241943 4.10 4.10 4.1 4.1 0.150 0.135 700 672 1.4342 1.4872 0.3420 0.2829 -0.0149 -0.064778 1.846680 12.10 
0.383 4 -9.167891 0.863086 2.546103 0.823975 -0.793457 4.425049 4.10 4.10 4.1 4.1 0.233 0.105 703 676 1.4342 1.4342 0.0000 0.2843 -0.0150 -0.067369 1.846691 12.10 
0.384 4 -9.105556 0.884663 2.565283 0.518799 -1.007080 4.821777 4.10 4.10 4.1 4.1 0.158 0.164 707 679 1.4342 1.4872 0.3420 0.2857 -0.0150 -0.064778 1.846703 12.10 
0.385 4 -9.189467 0.891855 2.601245 0.427246 -1.556396 5.554199 4.10 4.10 4.1 4.1 0.074 0.135 710 683 1.4342 1.5446 0.7126 0.2869 -0.0151 -0.064778 1.846725 12.09 
0.386 4 -9.170288 0.848701 2.649194 0.366211 -1.251221 5.889893 4.10 4.10 4.1 4.1 0.107 0.093 713 686 1.4342 1.5446 0.7126 0.2885 -0.0152 -0.064778 1.846752 12.09 
0.387 4 -9.153505 0.925420 2.644399 0.549316 0.091553 6.103516 4.10 4.10 4.1 4.1 0.126 0.063 717 690 1.3848 1.5446 1.0313 0.2897 -0.0153 -0.064778 1.846767 12.09 
0.388 4 -9.215839 0.836714 2.785850 0.671387 1.434326 6.225586 4.10 4.10 4.1 4.1 0.138 0.065 720 694 1.4342 1.4872 0.3420 0.2913 -0.0154 -0.064778 1.846765 12.10 
0.389 4 -9.275776 0.848701 2.769067 0.640869 1.831055 6.713867 4.10 4.10 4.1 4.1 0.173 -0.041 724 697 1.4872 1.4872 0.0000 0.2925 -0.0155 -0.064778 1.846753 12.10 
0.390 4 -9.302148 0.841509 2.737900 0.701904 1.922607 7.476807 4.10 4.10 4.1 4.1 0.177 0.029 727 701 1.4342 1.5446 0.7126 0.2941 -0.0156 -0.064778 1.846732 12.10 
0.391 4 -9.230225 0.906240 2.721118 0.671387 2.319336 7.873535 4.10 4.10 4.1 4.1 0.082 -0.025 731 704 1.4872 1.4872 0.0000 0.2955 -0.0157 -0.062187 1.846705 12.11 
0.392 4 -9.254199 0.915830 2.733105 0.518799 2.868652 7.812500 4.10 4.10 4.1 4.1 0.166 -0.012 734 708 1.4342 1.4872 0.3420 0.2969 -0.0158 -0.064778 1.846671 12.10 
0.393 4 -9.261392 0.867881 2.594053 0.488281 2.838135 7.965088 4.10 4.10 4.1 4.1 0.211 0.109 738 711 1.4342 1.3848 -0.3187 0.2981 -0.0158 -0.064778 1.846626 12.10 
0.394 4 -9.287764 0.944600 2.630015 0.457764 2.227783 8.209229 4.10 4.10 4.1 4.1 0.223 0.123 741 715 1.3848 1.5446 1.0313 0.2995 -0.0159 -0.062187 1.846580 12.10 
0.395 4 -9.326122 0.944600 2.606040 0.396729 1.281738 8.087158 4.10 4.10 4.1 4.1 0.184 0.153 744 718 1.3848 1.5446 1.0313 0.3011 -0.0160 -0.062187 1.846548 12.11 
0.396 4 -9.201455 0.992549 2.486167 0.518799 1.159668 7.629395 4.10 4.10 4.1 4.1 0.152 0.094 748 722 1.4342 1.4872 0.3420 0.3024 -0.0161 -0.062187 1.846519 12.11 
0.397 4 -9.160698 1.009331 2.522129 0.457764 1.586914 7.049561 4.10 4.10 4.1 4.1 0.032 0.142 751 725 1.4342 1.5446 0.7126 0.3040 -0.0162 -0.062187 1.846486 12.10 
0.398 4 -9.199058 0.985356 2.562886 0.427246 1.556396 6.500244 4.10 4.10 4.1 4.1 0.020 0.093 755 729 1.4342 1.5446 0.7126 0.3052 -0.0163 -0.062187 1.846453 12.10 
0.399 4 -9.191865 0.963779 2.541308 0.579834 1.403809 5.981445 4.10 4.10 4.1 4.1 0.190 0.103 758 733 1.4342 1.5446 0.7126 0.3068 -0.0164 -0.062187 1.846422 12.10 
0.400 4 -9.201455 1.014126 2.675566 0.549316 1.861572 5.187988 4.10 4.10 4.1 4.1 0.188 0.161 762 736 1.4342 1.4872 0.3420 0.3082 -0.0165 -0.059596 1.846394 12.10 
0.401 4 -9.184672 1.023716 2.682759 0.518799 2.777100 4.302979 4.10 4.10 4.1 4.1 0.184 0.073 765 740 1.4342 1.4872 0.3420 0.3096 -0.0166 -0.062187 1.846362 12.11 
0.402 4 -9.187070 1.054883 2.620425 0.152588 3.631592 3.509521 4.10 4.10 4.1 4.1 0.172 0.036 769 743 1.4342 1.4872 0.3420 0.3110 -0.0166 -0.059596 1.846311 12.10 
0.403 4 -9.187070 1.066870 2.584463 0.122070 3.692627 2.868652 4.10 4.10 4.1 4.1 0.141 0.017 772 747 1.2551 1.5446 1.8682 0.3122 -0.0167 -0.059596 1.846248 12.10 
0.404 4 -9.294956 0.980561 2.704336 0.183105 3.295898 2.258301 4.10 4.10 4.1 4.1 0.103 -0.051 776 750 1.4342 1.6065 1.1116 0.3138 -0.0168 -0.059596 1.846190 12.10 
0.405 4 -9.242211 0.975767 2.637207 0.152588 3.387451 1.464844 4.10 4.10 4.1 4.1 0.101 0.024 779 754 1.4872 1.4342 -0.3420 0.3152 -0.0169 -0.062187 1.846137 12.10 
0.406 4 -9.230225 0.954189 2.680361 0.183105 3.540039 0.610352 4.10 4.10 4.1 4.1 0.144 -0.062 783 758 1.4342 1.4872 0.3420 0.3166 -0.0170 -0.059596 1.846081 12.10 
0.407 4 -9.227827 0.997344 2.562886 -0.122070 3.417969 -0.061035 4.10 4.10 4.1 4.1 0.172 -0.036 786 761 1.3848 1.5446 1.0313 0.3182 -0.0171 -0.059596 1.846022 12.10 
0.408 4 -9.282969 0.966177 2.630015 -0.274658 3.173828 -0.518799 4.10 4.10 4.1 4.1 0.164 0.055 790 765 1.4342 1.5446 0.7126 0.3194 -0.0171 -0.059596 1.845963 12.10 
0.409 4 -9.290161 0.946997 2.555693 -0.152588 2.624512 -1.098633 4.10 4.10 4.1 4.1 0.025 -0.005 793 768 1.4342 1.6065 1.1116 0.3208 -0.0172 -0.057005 1.845910 12.10 
0.410 4 -9.285366 1.011729 2.644399 0.000000 2.319336 -1.922607 4.10 4.10 4.1 4.1 0.029 0.077 797 772 1.4872 1.4872 0.0000 0.3222 -0.0173 -0.059596 1.845864 12.13 
0.411 4 -9.208647 0.992549 2.550898 -0.152588 2.990723 -2.716064 4.10 4.10 4.1 4.1 0.104 0.031 800 776 1.4342 1.5446 0.7126 0.3236 -0.0174 -0.057005 1.845817 12.11 
0.412 4 -9.292559 0.987754 2.649194 -0.183105 3.143311 -3.387451 4.10 4.10 4.1 4.1 0.127 0.140 803 779 1.4342 1.2952 -0.8965 0.3252 -0.0175 -0.057005 1.845762 12.10 
0.413 4 -9.338110 0.985356 2.634809 -0.335693 3.112793 -3.784180 4.10 4.10 4.1 4.1 0.153 0.135 807 783 1.4342 1.5446 0.7126 0.3264 -0.0176 -0.057005 1.845709 12.10 
0.414 4 -9.311738 0.994946 2.610835 -0.305176 3.479004 -3.997803 4.10 4.10 4.1 4.1 0.024 0.086 810 786 1.4342 1.6065 1.1116 0.3280 -0.0176 -0.057005 1.845651 12.10 
0.415 4 -9.266186 1.006934 2.711528 -0.244141 4.272461 -4.394531 4.10 4.10 4.1 4.1 -0.036 0.134 814 790 1.4342 1.5446 0.7126 0.3294 -0.0177 -0.054414 1.845587 12.12 
0.416 4 -9.235020 0.923022 2.687554 -0.183105 4.730225 -4.791260 4.10 4.10 4.1 4.1 0.179 0.131 818 794 1.4342 1.4872 0.3420 0.3308 -0.0178 -0.057005 1.845518 12.11 
0.417 4 -9.292559 0.915830 2.653989 -0.335693 4.699707 -5.126953 4.10 4.10 4.1 4.1 0.187 0.138 821 797 1.4342 1.6065 1.1116 0.3322 -0.0179 -0.054414 1.845441 12.10 
0.418 4 -9.350098 0.942202 2.606040 -0.579834 4.394531 -5.157471 4.10 4.10 4.1 4.1 0.156 0.105 825 801 1.4872 1.5446 0.3705 0.3336 -0.0180 -0.057005 1.845362 12.10 
0.419 4 -9.275776 0.958984 2.675566 -0.427246 4.028320 -5.279541 4.10 4.10 4.1 4.1 0.145 0.059 828 804 1.4872 1.5446 0.3705 0.3350 -0.0180 -0.054414 1.845291 12.11 
