%% logfile from robot 18
%  1    time 0.000 sec
%  2    mission (0) state 2
%  3  4 Motor velocity ref left, right: 2.10 2.10
%  5  6 Motor voltage [V] left, right: 2.1 2.1
%  7  8 Motor current left, right [A]: 0.003 -0.000
%  9 10 Wheel velocity [m/s] left, right: 0.0000 0.0000
% 11    Turnrate [r/s]: 0.0000
% 12 13 14 15 Pose x,y,h,tilt [m,m,rad,rad]: 0.0000 0.0000 0.000000 -2.069804
% 16 .. 35 Line sensor: left 0.000000 0, right 0.000000 0, values -13 6 -13 4 -23 -2 -21 -28, white 0, used 0, LEDhigh=1, xb=0 xw=0 xbc=0 xwc=0
% 35    Battery voltage [V]: 12.18
0.001 2 2.10 2.10 2.1 2.1 0.063 -0.002 0.0000 0.0000 0.0000 0.0000 0.0000 0.000000 -2.069808 0.0000 0 0.0000 0  1 -15 -8 -28 15 4 36 -8  0 0 1 0 0 0 0 12.15 
0.002 2 2.10 2.10 2.1 2.1 0.297 -0.003 0.0000 0.0000 0.0000 0.0000 0.0000 0.000000 -2.069808 0.0000 0 0.0000 0  36 12 3 -35 2 13 18 -16  0 0 1 0 0 0 0 12.13 
0.003 2 2.10 2.10 2.1 2.1 0.393 -0.004 0.0000 0.0000 0.0000 0.0002 -0.0000 -0.002591 -2.069801 0.0000 0 0.0000 0  2 -21 -7 -17 -17 -8 35 -18  0 0 1 0 0 0 0 12.11 
0.004 2 2.10 2.10 2.1 2.1 0.472 -0.003 0.0000 0.0000 0.0000 0.0004 -0.0000 0.000000 -2.069792 0.0000 0 0.0000 0  -1 32 -10 -4 -4 28 57 -7  0 0 1 0 0 0 0 12.09 
0.005 2 2.10 2.10 2.1 2.1 0.502 -0.002 0.0000 0.0000 0.0000 0.0004 -0.0000 0.000000 -2.069790 0.0000 0 0.0000 0  3 12 -6 -5 21 20 32 -21  0 0 1 0 0 0 0 12.09 
0.006 2 2.10 2.10 2.1 2.1 0.507 -0.004 0.0000 0.0000 0.0000 0.0004 -0.0000 0.000000 -2.069792 0.0000 0 0.0000 0  22 24 8 -30 -21 -6 24 5  0 0 1 0 0 0 0 12.09 
0.007 2 2.10 2.10 2.1 2.1 0.498 -0.004 0.0000 0.0000 0.0000 0.0004 -0.0000 0.000000 -2.069796 0.0000 0 0.0000 0  2 -46 -22 -16 20 23 44 10  0 0 1 0 0 0 0 12.09 
0.008 2 2.10 2.10 2.1 2.1 0.498 -0.006 0.0908 0.1004 0.0622 0.0008 -0.0000 0.000000 -2.069800 0.0000 0 0.0000 0  23 -33 6 -9 28 14 26 25  0 0 1 0 0 0 0 12.09 
0.009 2 2.10 2.10 2.1 2.1 0.470 -0.002 0.0908 0.1004 0.0622 0.0008 -0.0000 0.000000 -2.069802 0.0000 0 0.0000 0  8 16 11 -15 -2 -19 32 -16  0 0 1 0 0 0 0 12.08 
0.010 2 2.10 2.10 2.1 2.1 0.478 -0.001 0.1639 0.2048 0.2643 0.0012 -0.0000 0.000000 -2.069800 0.0000 0 0.0000 0  -1 4 -17 1 6 17 32 -11  0 0 1 0 0 0 0 12.10 
0.011 2 2.10 2.10 2.1 2.1 0.451 -0.002 0.1639 0.2048 0.2643 0.0012 -0.0000 0.000000 -2.069796 0.0000 0 0.0000 0  19 1 -22 -14 -22 22 13 -27  0 0 1 0 0 0 0 12.11 
0.012 2 2.10 2.10 2.1 2.1 0.435 -0.002 0.2241 0.2133 -0.0700 0.0016 -0.0000 0.000000 -2.069793 0.0000 0 0.0000 0  3 -26 -35 -26 -31 3 12 -2  0 0 1 0 0 0 0 12.09 
0.013 2 2.10 2.10 2.1 2.1 0.427 -0.001 0.2241 0.2888 0.4172 0.0018 -0.0000 0.002591 -2.069789 0.0000 0 0.0000 0  40 41 16 0 12 23 21 -21  0 0 1 0 0 0 0 12.11 
0.014 2 2.10 2.10 2.1 2.1 0.413 -0.003 0.2374 0.2888 0.3317 0.0020 0.0000 0.000000 -2.069776 0.0000 0 0.0000 0  -8 -2 5 -25 3 4 -16 -38  0 0 1 0 0 0 0 12.10 
0.015 2 2.10 2.10 2.1 2.1 0.404 -0.002 0.2952 0.2787 -0.1062 0.0024 0.0000 0.000000 -2.069756 0.0000 0 0.0000 0  2 -27 -23 -3 -12 -3 18 -23  0 0 1 0 0 0 0 12.10 
0.016 2 2.10 2.10 2.1 2.1 0.409 -0.003 0.3040 0.3346 0.1969 0.0028 0.0000 0.000000 -2.069739 0.0000 0 0.0000 0  28 38 -1 -43 7 11 0 13  0 0 1 0 0 0 0 12.11 
0.017 2 2.10 2.10 2.1 2.1 0.400 -0.002 0.3402 0.3265 -0.0881 0.0032 0.0000 0.000000 -2.069724 0.0000 0 0.0000 0  18 35 18 13 -12 31 31 -18  0 0 1 0 0 0 0 12.10 
0.018 2 2.10 2.10 2.1 2.1 0.336 -0.001 0.3402 0.3683 0.1814 0.0034 0.0000 0.002591 -2.069706 0.0000 0 0.0000 0  1 38 27 -24 5 0 21 -14  0 0 1 0 0 0 0 12.12 
0.019 2 2.10 2.10 2.1 2.1 0.329 -0.002 0.3374 0.3651 0.1788 0.0036 0.0000 0.000000 -2.069691 0.0000 0 0.0000 0  -8 0 7 -24 -11 -6 53 0  0 0 1 0 0 0 0 12.11 
0.020 2 2.10 2.10 2.1 2.1 0.318 -0.002 0.3715 0.3213 -0.3239 0.0040 0.0000 0.000000 -2.069688 0.0000 0 0.0000 0  -51 34 2 -17 4 16 17 11  0 0 1 0 0 0 0 12.10 
0.021 2 2.10 2.10 2.1 2.1 0.332 -0.002 0.3522 0.3936 0.2669 0.0044 0.0000 0.000000 -2.069689 0.0000 0 0.0000 0  54 10 16 -26 28 5 45 3  0 0 1 0 0 0 0 12.11 
0.022 2 2.10 2.10 2.1 2.1 0.318 -0.002 0.3787 0.3185 -0.3887 0.0048 0.0000 0.000000 -2.069683 0.0000 0 0.0000 0  16 -28 7 -13 33 20 2 5  0 0 1 0 0 0 0 12.11 
0.023 2 2.10 2.10 2.1 2.1 0.310 -0.002 0.3936 0.3683 -0.1632 0.0052 0.0000 0.000000 -2.069664 0.0000 0 0.0000 0  19 9 30 6 -8 -26 6 -17  0 0 1 0 0 0 0 12.12 
0.024 2 2.10 2.10 2.1 2.1 0.296 -0.004 0.4137 0.4016 -0.0777 0.0056 0.0000 0.000000 -2.069633 0.0000 0 0.0000 0  18 -4 10 17 -51 -16 5 -15  0 0 1 0 0 0 0 12.11 
0.025 2 2.10 2.10 2.1 2.1 0.308 -0.002 0.3896 0.4269 0.2410 0.0060 0.0000 0.000000 -2.069594 0.0000 0 0.0000 0  31 9 -10 8 -7 -5 49 -9  0 0 1 0 0 0 0 12.12 
0.026 2 2.10 2.10 2.1 2.1 0.308 -0.002 0.4510 0.3896 -0.3964 0.0066 -0.0000 -0.002591 -2.069565 0.0000 0 0.0000 0  -18 6 5 -6 0 -10 5 0  0 0 1 0 0 0 0 12.12 
0.027 2 2.10 2.10 2.1 2.1 0.271 -0.003 0.4667 0.4269 -0.2565 0.0070 -0.0000 -0.002591 -2.069564 0.0000 0 0.0000 0  5 35 -1 -18 28 6 45 5  0 0 1 0 0 0 0 12.12 
0.028 2 2.10 2.10 2.1 2.1 0.246 -0.002 0.4462 0.4510 0.0311 0.0076 -0.0000 0.000000 -2.069591 0.0000 0 0.0000 0  43 -10 15 -45 -8 -14 13 -15  0 0 1 0 0 0 0 12.12 
0.029 2 2.10 2.10 2.1 2.1 0.269 -0.002 0.4667 0.4562 -0.0674 0.0080 -0.0000 0.000000 -2.069636 0.0000 0 0.0000 0  2 50 -5 -9 -3 1 14 -17  0 0 1 0 0 0 0 12.12 
0.030 2 2.10 2.10 2.1 2.1 0.249 -0.002 0.4896 0.4836 -0.0389 0.0084 -0.0000 0.000000 -2.069676 0.0000 0 0.0000 0  -2 -8 -8 -8 35 29 41 -5  0 0 1 0 0 0 0 12.13 
0.031 2 2.10 2.10 2.1 2.1 0.267 -0.002 0.4723 0.4410 -0.2021 0.0088 -0.0000 0.000000 -2.069695 0.0000 0 0.0000 0  11 7 8 -48 25 12 57 -10  0 0 1 0 0 0 0 12.11 
0.032 2 2.10 2.10 2.1 2.1 0.267 -0.002 0.4956 0.4836 -0.0777 0.0094 -0.0000 -0.002591 -2.069694 0.0000 0 0.0000 0  -15 38 -22 -35 6 13 7 -44  0 0 1 0 0 0 0 12.13 
0.033 2 2.10 2.10 2.1 2.1 0.242 -0.001 0.4896 0.5149 0.1632 0.0100 -0.0000 0.000000 -2.069670 0.0000 0 0.0000 0  -20 -5 -29 -37 -8 -20 -10 21  0 0 1 0 0 0 0 12.13 
0.034 2 2.10 2.10 2.1 2.1 0.256 -0.000 0.5149 0.4836 -0.2021 0.0104 -0.0000 0.000000 -2.069643 0.0000 0 0.0000 0  -38 7 2 -17 -27 -25 21 -22  0 0 1 0 0 0 0 12.12 
0.035 2 2.10 2.10 2.1 2.1 0.251 0.002 0.5498 0.5149 -0.2254 0.0110 -0.0000 -0.002591 -2.069632 0.0000 0 0.0000 0  34 47 19 -22 19 25 59 -30  0 0 1 0 0 0 0 12.13 
0.036 2 2.10 2.10 2.1 2.1 0.228 -0.001 0.5498 0.5020 -0.3083 0.0114 -0.0000 -0.002591 -2.069630 0.0000 0 0.0000 0  57 24 -9 -7 19 19 56 5  0 0 1 0 0 0 0 12.12 
0.037 2 2.10 2.10 2.1 2.1 0.232 -0.002 0.5498 0.5081 -0.2695 0.0120 -0.0000 0.000000 -2.069632 0.0000 0 0.0000 0  20 53 16 -1 27 1 7 -1  0 0 1 0 0 0 0 12.12 
0.038 2 2.10 2.10 2.1 2.1 0.224 -0.002 0.5498 0.5426 -0.0466 0.0127 -0.0000 -0.002591 -2.069632 0.0000 0 0.0000 0  38 44 12 -23 2 -2 31 7  0 0 1 0 0 0 0 12.12 
0.039 2 2.10 2.10 2.1 2.1 0.255 -0.001 0.5498 0.5281 -0.1399 0.0131 -0.0000 -0.002591 -2.069621 0.0000 0 0.0000 0  3 72 -27 -20 9 18 25 -16  0 0 1 0 0 0 0 12.12 
0.040 2 2.10 2.10 2.1 2.1 0.223 -0.000 0.5498 0.5149 -0.2254 0.0137 -0.0000 0.000000 -2.069599 0.0000 0 0.0000 0  -15 6 -25 -28 10 -21 -10 8  0 0 1 0 0 0 0 12.12 
0.041 2 2.10 2.10 2.1 2.1 0.217 -0.002 0.5655 0.5498 -0.1011 0.0143 -0.0000 -0.002591 -2.069564 0.0000 0 0.0000 0  34 50 14 1 6 16 -32 34  0 0 1 0 0 0 0 12.12 
0.042 2 2.10 2.10 2.1 2.1 0.192 -0.001 0.5655 0.5820 0.1062 0.0149 -0.0000 0.000000 -2.069535 0.0000 0 0.0000 0  36 25 -21 -49 -22 -7 36 -6  0 0 1 0 0 0 0 12.13 
0.043 2 2.10 2.10 2.1 2.1 0.230 -0.002 0.5655 0.5426 -0.1477 0.0155 -0.0000 -0.002591 -2.069533 0.0000 0 0.0000 0  8 39 29 0 13 6 2 -3  0 0 1 0 0 0 0 12.12 
0.044 2 2.10 2.10 2.1 2.1 0.234 -0.000 0.5820 0.5820 0.0000 0.0159 -0.0000 -0.002591 -2.069550 0.0000 0 0.0000 0  8 12 -6 -14 8 6 42 -1  0 0 1 0 0 0 0 12.13 
0.045 2 2.10 2.10 2.1 2.1 0.211 -0.001 0.5992 0.5992 0.0000 0.0167 -0.0000 -0.002591 -2.069577 0.0000 0 0.0000 0  1 -6 -25 -56 3 9 26 -40  0 0 1 0 0 0 0 12.13 
0.046 2 2.10 2.10 2.1 2.1 0.212 -0.002 0.5735 0.5575 -0.1036 0.0171 -0.0000 -0.002591 -2.069606 0.0000 0 0.0000 0  -17 4 29 10 35 11 -10 4  0 0 1 0 0 0 0 12.13 
0.047 2 2.10 2.10 2.1 2.1 0.178 -0.001 0.5820 0.5904 0.0544 0.0179 -0.0000 -0.002591 -2.069624 0.0000 0 0.0000 0  12 52 44 6 7 -10 -25 5  0 0 1 0 0 0 0 12.13 
0.048 2 2.10 2.10 2.1 2.1 0.194 -0.002 0.5992 0.6177 0.1192 0.0183 -0.0000 -0.002591 -2.069631 0.0000 0 0.0000 0  7 -20 -12 -29 8 -5 -15 5  0 0 1 0 0 0 0 12.13 
0.049 2 2.10 2.10 2.1 2.1 0.202 -0.004 0.6273 0.5904 -0.2384 0.0191 -0.0000 -0.002591 -2.069635 0.0000 0 0.0000 0  -51 38 29 -2 -26 -24 18 -22  0 0 1 0 0 0 0 12.12 
0.050 2 2.10 2.10 2.1 2.1 0.234 -0.002 0.5992 0.6085 0.0596 0.0195 -0.0000 -0.002591 -2.069635 0.0000 0 0.0000 0  21 6 -17 -47 -9 0 14 -2  0 0 1 0 0 0 0 12.13 
0.051 2 2.10 2.10 2.1 2.1 0.198 -0.002 0.6085 0.5213 -0.5623 0.0201 -0.0000 -0.005182 -2.069631 0.0000 0 0.0000 0  -20 15 34 4 4 1 8 -2  0 0 1 0 0 0 0 12.12 
0.052 2 2.10 2.10 2.1 2.1 0.162 -0.002 0.6177 0.5992 -0.1192 0.0207 -0.0000 -0.002591 -2.069628 0.0000 0 0.0000 0  -1 35 -6 -45 -26 -4 26 -10  0 0 1 0 0 0 0 12.13 
0.053 2 2.10 2.10 2.1 2.1 0.171 -0.002 0.6177 0.6177 0.0000 0.0215 -0.0000 -0.002591 -2.069624 0.0000 0 0.0000 0  -2 -13 -26 -22 -14 -4 12 9  0 0 1 0 0 0 0 12.13 
0.054 2 2.10 2.10 2.1 2.1 0.192 -0.003 0.6177 0.6085 -0.0596 0.0219 -0.0000 -0.002591 -2.069615 0.0000 0 0.0000 0  0 13 -7 -36 0 7 43 12  0 0 1 0 0 0 0 12.13 
0.055 2 2.10 2.10 2.1 2.1 0.196 -0.001 0.6273 0.6374 0.0648 0.0227 -0.0000 -0.002591 -2.069605 0.0000 0 0.0000 0  8 36 29 -12 33 21 58 -15  0 0 1 0 0 0 0 12.13 
0.056 2 2.10 2.10 2.1 2.1 0.201 -0.002 0.6374 0.6583 0.1347 0.0231 -0.0000 -0.002591 -2.069593 0.0000 0 0.0000 0  -12 11 14 -23 -13 -22 -2 -13  0 0 1 0 0 0 0 12.13 
0.057 2 2.10 2.10 2.1 2.1 0.154 -0.000 0.6374 0.6374 0.0000 0.0239 -0.0000 -0.002591 -2.069579 0.0000 0 0.0000 0  6 15 -12 -49 -11 -8 37 6  0 0 1 0 0 0 0 12.13 
0.058 2 2.10 2.10 2.1 2.1 0.158 -0.003 0.6474 0.5735 -0.4768 0.0245 -0.0000 -0.005182 -2.069569 0.0000 0 0.0000 0  11 36 26 6 0 -3 59 -7  0 0 1 0 0 0 0 12.13 
0.059 2 2.10 2.10 2.1 2.1 0.179 -0.002 0.6085 0.6273 0.1218 0.0251 -0.0000 -0.002591 -2.069563 0.0000 0 0.0000 0  11 61 21 -29 2 -9 -2 3  0 0 1 0 0 0 0 12.13 
0.060 2 2.10 2.10 2.1 2.1 0.203 -0.001 0.6691 0.6583 -0.0700 0.0257 -0.0000 -0.005182 -2.069563 0.0000 0 0.0000 0  -7 34 -25 -53 -3 7 44 -25  0 0 1 0 0 0 0 12.12 
0.061 2 2.10 2.10 2.1 2.1 0.187 -0.002 0.6691 0.6474 -0.1399 0.0263 -0.0000 -0.002591 -2.069568 0.0000 0 0.0000 0  -1 9 5 -32 -18 11 42 -10  0 0 1 0 0 0 0 12.12 
0.062 2 2.10 2.10 2.1 2.1 0.145 -0.002 0.6474 0.6583 0.0700 0.0271 -0.0000 -0.002591 -2.069575 0.0000 0 0.0000 0  19 44 24 -18 12 -27 -38 -8  0 0 1 0 0 0 0 12.13 
0.063 2 2.10 2.10 2.1 2.1 0.161 -0.001 0.6804 0.6474 -0.2125 0.0277 -0.0000 -0.005182 -2.069586 0.0000 0 0.0000 0  -22 7 -13 -5 2 44 80 24  0 0 1 0 0 0 0 12.14 
0.064 2 2.10 2.10 2.1 2.1 0.158 -0.003 0.6177 0.6085 -0.0596 0.0283 -0.0001 -0.002591 -2.069602 0.0000 0 0.0000 0  41 41 1 -46 -11 0 -25 -32  0 0 1 0 0 0 0 12.14 
0.065 2 2.10 2.10 2.1 2.1 0.152 -0.003 0.6374 0.6583 0.1347 0.0289 -0.0001 -0.005182 -2.069618 0.0000 0 0.0000 0  0 5 -31 -65 0 -16 -16 -10  0 0 1 0 0 0 0 12.13 
0.066 2 2.10 2.10 2.1 2.1 0.165 -0.003 0.6924 0.6924 0.0000 0.0297 -0.0001 -0.005182 -2.069630 0.0000 0 0.0000 0  -36 40 -1 -9 11 -2 20 19  0 0 1 0 0 0 0 12.13 
0.067 2 2.10 2.10 2.1 2.1 0.143 -0.003 0.6924 0.6691 -0.1503 0.0303 -0.0001 -0.002591 -2.069640 0.0000 0 0.0000 0  -6 23 8 -36 -1 13 41 3  0 0 1 0 0 0 0 12.14 
0.068 2 2.10 2.10 2.1 2.1 0.105 -0.002 0.6804 0.6474 -0.2125 0.0309 -0.0001 -0.005182 -2.069646 0.0000 0 0.0000 0  9 64 13 -13 -34 -1 23 -18  0 0 1 0 0 0 0 12.14 
0.069 2 2.10 2.10 2.1 2.1 0.117 -0.004 0.6804 0.6474 -0.2125 0.0317 -0.0001 -0.005182 -2.069649 0.0000 0 0.0000 0  16 22 2 -16 -13 1 37 -5  0 0 1 0 0 0 0 12.14 
0.070 2 2.10 2.10 2.1 2.1 0.126 -0.001 0.6691 0.6691 0.0000 0.0323 -0.0001 -0.002591 -2.069647 0.0000 0 0.0000 0  -11 11 21 -43 27 -6 58 11  0 0 1 0 0 0 0 12.15 
0.071 2 2.10 2.10 2.1 2.1 0.148 -0.002 0.6691 0.6924 0.1503 0.0329 -0.0001 -0.005182 -2.069638 0.0000 0 0.0000 0  37 33 -6 -32 -22 23 70 -7  0 0 1 0 0 0 0 12.13 
0.072 2 2.10 2.10 2.1 2.1 0.129 -0.001 0.6804 0.6804 0.0000 0.0337 -0.0001 -0.005182 -2.069618 0.0000 0 0.0000 0  -31 -35 -11 -44 -19 -3 -10 -17  0 0 1 0 0 0 0 12.13 
0.073 2 2.10 2.10 2.1 2.1 0.112 -0.003 0.6924 0.7044 0.0777 0.0343 -0.0001 -0.002591 -2.069605 0.0000 0 0.0000 0  16 8 30 -11 26 10 4 -24  0 0 1 0 0 0 0 12.13 
0.074 2 2.10 2.10 2.1 2.1 0.177 -0.002 0.6924 0.6474 -0.2902 0.0349 -0.0001 -0.005182 -2.069602 0.0000 0 0.0000 0  -12 -7 -11 -30 12 24 20 -35  0 0 1 0 0 0 0 12.13 
0.075 2 2.10 2.10 2.1 2.1 0.191 -0.000 0.7044 0.6924 -0.0777 0.0357 -0.0001 -0.005182 -2.069608 0.0000 0 0.0000 0  13 44 -9 -4 19 -25 32 -22  0 0 1 0 0 0 0 12.13 
0.076 2 2.10 2.10 2.1 2.1 0.140 -0.002 0.6583 0.6583 0.0000 0.0363 -0.0001 -0.002591 -2.069617 0.0000 0 0.0000 0  25 57 15 -17 -4 -15 -5 -16  0 0 1 0 0 0 0 12.14 
0.077 2 2.10 2.10 2.1 2.1 0.124 -0.003 0.6691 0.6924 0.1503 0.0369 -0.0001 -0.005182 -2.069629 0.0000 0 0.0000 0  9 -20 -24 -57 1 11 57 -8  0 0 1 0 0 0 0 12.14 
0.078 2 2.10 2.10 2.1 2.1 0.104 -0.001 0.7044 0.7044 0.0000 0.0378 -0.0001 -0.005182 -2.069639 0.0000 0 0.0000 0  2 5 -15 10 -1 -9 -7 28  0 0 1 0 0 0 0 12.13 
0.079 2 2.10 2.10 2.1 2.1 0.156 -0.002 0.7044 0.6924 -0.0777 0.0384 -0.0001 -0.002591 -2.069646 0.0000 0 0.0000 0  9 37 -5 -38 -8 0 -15 -51  0 0 1 0 0 0 0 12.12 
0.080 2 2.10 2.10 2.1 2.1 0.140 -0.001 0.6924 0.7044 0.0777 0.0390 -0.0001 -0.005182 -2.069649 0.0000 0 0.0000 0  37 -3 11 -33 -12 -24 41 -10  0 0 1 0 0 0 0 12.14 
0.081 2 2.10 2.10 2.1 2.1 0.131 -0.002 0.6924 0.6474 -0.2902 0.0398 -0.0001 -0.005182 -2.069654 0.0000 0 0.0000 0  -10 -1 1 -32 -15 -19 -15 -28  0 0 1 0 0 0 0 12.14 
0.082 2 2.10 2.10 2.1 2.1 0.092 -0.000 0.6691 0.6583 -0.0700 0.0406 -0.0001 -0.005182 -2.069665 0.0000 0 0.0000 0  20 45 -12 -33 -28 -29 68 11  0 0 1 0 0 0 0 12.14 
0.083 2 2.10 2.10 2.1 2.1 0.111 -0.002 0.6924 0.7044 0.0777 0.0410 -0.0001 -0.005182 -2.069674 0.0000 0 0.0000 0  1 15 12 44 -4 -5 31 -10  0 0 1 0 0 0 0 12.13 
0.084 2 2.10 2.10 2.1 2.1 0.117 -0.002 0.6924 0.7169 0.1581 0.0418 -0.0001 -0.005182 -2.069681 0.0000 0 0.0000 0  50 54 22 -19 26 14 35 -11  0 0 1 0 0 0 0 12.14 
0.085 2 2.10 2.10 2.1 2.1 0.128 -0.002 0.6804 0.7434 0.4068 0.0426 -0.0001 -0.005182 -2.069686 0.0000 0 0.0000 0  37 8 1 -7 6 -3 -2 -34  0 0 1 0 0 0 0 12.13 
0.086 2 2.10 2.10 2.1 2.1 0.102 -0.000 0.7044 0.7169 0.0803 0.0432 -0.0001 -0.002591 -2.069687 0.0000 0 0.0000 0  -8 -5 -3 -6 -1 18 -3 -32  0 0 1 0 0 0 0 12.14 
0.087 2 2.10 2.10 2.1 2.1 0.117 -0.002 0.7169 0.6374 -0.5130 0.0438 -0.0001 -0.005182 -2.069684 0.0000 0 0.0000 0  42 14 8 -17 -30 10 33 -4  0 0 1 0 0 0 0 12.14 
0.088 2 2.10 2.10 2.1 2.1 0.122 -0.002 0.6924 0.6924 0.0000 0.0446 -0.0001 -0.005182 -2.069681 0.0000 0 0.0000 0  -16 49 6 -25 -9 -20 28 -9  0 0 1 0 0 0 0 12.14 
0.089 2 2.10 2.10 2.1 2.1 0.132 -0.002 0.7302 0.6804 -0.3213 0.0454 -0.0001 -0.005182 -2.069675 0.0000 0 0.0000 0  -7 36 9 16 41 -5 -18 2  0 0 1 0 0 0 0 12.13 
0.090 2 2.10 2.10 2.1 2.1 0.112 -0.002 0.6804 0.6583 -0.1425 0.0458 -0.0001 -0.005182 -2.069664 0.0000 0 0.0000 0  -29 34 -14 -46 -5 -1 40 5  0 0 1 0 0 0 0 12.14 
0.091 2 2.10 2.10 2.1 2.1 0.107 -0.002 0.7302 0.7169 -0.0855 0.0466 -0.0001 -0.005182 -2.069658 0.0000 0 0.0000 0  29 58 9 0 33 25 -1 -4  0 0 1 0 0 0 0 12.13 
0.092 2 2.10 2.10 2.1 2.1 0.107 -0.001 0.6691 0.7302 0.3939 0.0474 -0.0001 -0.005182 -2.069658 0.0000 0 0.0000 0  -8 -10 8 -17 20 17 60 -16  0 0 1 0 0 0 0 12.14 
0.093 2 2.10 2.10 2.1 2.1 0.146 -0.001 0.6924 0.7044 0.0777 0.0480 -0.0001 -0.002591 -2.069659 0.0000 0 0.0000 0  2 3 -20 -31 4 -2 29 -26  0 0 1 0 0 0 0 12.14 
0.094 2 2.10 2.10 2.1 2.1 0.129 -0.004 0.7044 0.7434 0.2513 0.0488 -0.0001 -0.002591 -2.069665 0.0000 0 0.0000 0  -25 24 2 -70 31 40 29 -2  0 0 1 0 0 0 0 12.14 
0.095 2 2.10 2.10 2.1 2.1 0.087 -0.002 0.7434 0.6924 -0.3291 0.0494 -0.0001 -0.005182 -2.069676 0.0000 0 0.0000 0  14 13 40 7 -7 -12 23 -17  0 0 1 0 0 0 0 12.13 
0.096 2 2.10 2.10 2.1 2.1 0.078 -0.002 0.7302 0.6924 -0.2436 0.0502 -0.0002 -0.005182 -2.069691 0.0000 0 0.0000 0  42 9 -13 -40 39 29 20 19  0 0 1 0 0 0 0 12.13 
0.097 2 2.10 2.10 2.1 2.1 0.134 -0.002 0.7044 0.6924 -0.0777 0.0510 -0.0002 -0.005182 -2.069700 0.0000 0 0.0000 0  2 31 -17 -26 -31 -8 12 -27  0 0 1 0 0 0 0 12.13 
0.098 2 2.10 2.10 2.1 2.1 0.116 -0.002 0.7044 0.7044 0.0000 0.0516 -0.0002 -0.002591 -2.069705 0.0000 0 0.0000 0  -31 -14 7 -22 -15 -2 44 21  0 0 1 0 0 0 0 12.12 
0.099 2 2.10 2.10 2.1 2.1 0.117 -0.002 0.6924 0.7302 0.2436 0.0522 -0.0002 -0.005182 -2.069704 0.0000 0 0.0000 0  -14 30 18 18 40 3 -26 -14  0 0 1 0 0 0 0 12.13 
0.100 2 2.10 2.10 2.1 2.1 0.096 -0.002 0.7044 0.7169 0.0803 0.0530 -0.0002 -0.005182 -2.069699 0.0000 0 0.0000 0  8 -10 -13 -28 6 -12 39 -19  0 0 1 0 0 0 0 12.13 
0.101 2 2.10 2.10 2.1 2.1 0.112 -0.004 0.6924 0.7434 0.3291 0.0538 -0.0002 -0.005182 -2.069691 0.0000 0 0.0000 0  15 -17 -18 -24 23 0 20 -10  0 0 1 0 0 0 0 12.13 
0.102 2 2.10 2.10 2.1 2.1 0.132 -0.002 0.7169 0.7302 0.0855 0.0544 -0.0002 -0.002591 -2.069677 0.0000 0 0.0000 0  -10 25 -19 -45 15 5 44 10  0 0 1 0 0 0 0 12.13 
0.103 2 2.10 2.10 2.1 2.1 0.123 -0.002 0.7302 0.7575 0.1762 0.0552 -0.0002 -0.002591 -2.069667 0.0000 0 0.0000 0  1 31 7 -18 44 10 5 -19  0 0 1 0 0 0 0 12.13 
0.104 2 2.10 2.10 2.1 2.1 0.124 -0.004 0.7044 0.6924 -0.0777 0.0558 -0.0002 -0.005182 -2.069665 0.0000 0 0.0000 0  -10 11 17 5 40 30 42 -4  0 0 1 0 0 0 0 12.13 
0.105 2 2.10 2.10 2.1 2.1 0.112 -0.002 0.7169 0.7302 0.0855 0.0566 -0.0002 -0.005182 -2.069663 0.0000 0 0.0000 0  14 11 12 -36 -13 6 -22 14  0 0 1 0 0 0 0 12.13 
0.106 2 2.10 2.10 2.1 2.1 0.115 -0.000 0.7302 0.6691 -0.3939 0.0572 -0.0002 -0.002591 -2.069662 0.0000 0 0.0000 0  -7 -50 15 -8 21 6 16 -12  0 0 1 0 0 0 0 12.14 
0.107 2 2.10 2.10 2.1 2.1 0.124 -0.002 0.6924 0.7434 0.3291 0.0580 -0.0002 -0.002591 -2.069665 0.0000 0 0.0000 0  -2 -39 2 7 47 21 73 20  0 0 1 0 0 0 0 12.14 
0.108 2 2.10 2.10 2.1 2.1 0.112 -0.002 0.7044 0.7302 0.1658 0.0586 -0.0002 -0.005182 -2.069666 0.0000 0 0.0000 0  14 17 30 -11 14 -34 -42 6  0 0 1 0 0 0 0 12.13 
0.109 2 2.10 2.10 2.1 2.1 0.112 -0.001 0.6924 0.7169 0.1581 0.0594 -0.0002 -0.005182 -2.069665 0.0000 0 0.0000 0  -7 -53 19 -51 -1 -8 39 -38  0 0 1 0 0 0 0 12.13 
0.110 2 2.10 2.10 2.1 2.1 0.099 -0.002 0.7169 0.7302 0.0855 0.0600 -0.0002 -0.002591 -2.069669 0.0000 0 0.0000 0  2 1 -26 -30 21 9 -13 -31  0 0 1 0 0 0 0 12.13 
0.111 2 2.10 2.10 2.1 2.1 0.141 -0.002 0.7169 0.7575 0.2617 0.0608 -0.0002 -0.002591 -2.069679 0.0000 0 0.0000 0  3 -51 -4 -19 -4 10 46 -7  0 0 1 0 0 0 0 12.13 
0.112 2 2.10 2.10 2.1 2.1 0.118 -0.004 0.7169 0.7575 0.2617 0.0616 -0.0002 -0.002591 -2.069689 0.0000 0 0.0000 0  42 19 29 -18 6 -8 -20 -12  0 0 1 0 0 0 0 12.14 
0.113 2 2.10 2.10 2.1 2.1 0.135 -0.002 0.7169 0.7044 -0.0803 0.0623 -0.0002 -0.005182 -2.069689 0.0000 0 0.0000 0  -4 -26 2 -49 -32 47 14 -12  0 0 1 0 0 0 0 12.14 
0.114 2 2.10 2.10 2.1 2.1 0.145 -0.002 0.7169 0.6583 -0.3783 0.0631 -0.0002 -0.005182 -2.069689 0.0000 0 0.0000 0  4 30 30 -54 15 -7 36 10  0 0 1 0 0 0 0 12.13 
0.115 2 2.10 2.10 2.1 2.1 0.139 -0.002 0.6804 0.7169 0.2358 0.0637 -0.0002 -0.002591 -2.069690 0.0000 0 0.0000 0  20 41 -15 11 -29 21 54 33  0 0 1 0 0 0 0 12.13 
0.116 2 2.10 2.10 2.1 2.1 0.147 -0.000 0.7434 0.7044 -0.2513 0.0645 -0.0002 -0.002591 -2.069691 0.0000 0 0.0000 0  49 15 25 -23 38 5 11 9  0 0 1 0 0 0 0 12.14 
0.117 2 2.10 2.10 2.1 2.1 0.143 -0.002 0.6924 0.7434 0.3291 0.0651 -0.0002 -0.005182 -2.069699 0.0000 0 0.0000 0  23 -6 36 -49 13 14 26 2  0 0 1 0 0 0 0 12.14 
0.118 2 2.10 2.10 2.1 2.1 0.093 -0.001 0.7434 0.7434 0.0000 0.0659 -0.0002 -0.005182 -2.069705 0.0000 0 0.0000 0  -15 60 12 -1 32 4 16 -13  0 0 1 0 0 0 0 12.13 
0.119 2 2.10 2.10 2.1 2.1 0.122 -0.003 0.7434 0.7575 0.0907 0.0665 -0.0002 -0.002591 -2.069712 0.0000 0 0.0000 0  -2 68 -3 -5 -11 -2 -3 13  0 0 1 0 0 0 0 12.14 
0.120 2 2.10 2.10 2.1 2.1 0.146 -0.006 0.7044 0.7302 0.1658 0.0673 -0.0002 -0.002591 -2.069723 0.0000 0 0.0000 0  29 20 27 5 9 -4 -32 -1  0 0 1 0 0 0 0 12.13 
0.121 2 2.10 2.10 2.1 2.1 0.114 -0.002 0.7169 0.7723 0.3576 0.0681 -0.0002 -0.002591 -2.069730 0.0000 0 0.0000 0  16 14 36 -21 11 -15 44 -5  0 0 1 0 0 0 0 12.13 
0.122 2 2.10 2.10 2.1 2.1 0.100 -0.003 0.7434 0.7044 -0.2513 0.0687 -0.0002 -0.005182 -2.069732 0.0000 0 0.0000 0  7 9 7 -17 28 -23 -20 -2  0 0 1 0 0 0 0 12.13 
0.123 2 2.10 2.10 2.1 2.1 0.077 -0.002 0.7434 0.7169 -0.1710 0.0695 -0.0002 -0.005182 -2.069733 0.0000 0 0.0000 0  22 29 14 -31 47 -10 40 -37  0 0 1 0 0 0 0 12.13 
0.124 2 2.10 2.10 2.1 2.1 0.101 -0.002 0.7044 0.7044 0.0000 0.0701 -0.0002 -0.002591 -2.069732 0.0000 0 0.0000 0  35 18 -32 16 26 -13 -54 -5  0 0 1 0 0 0 0 12.13 
0.125 2 2.10 2.10 2.1 2.1 0.135 -0.002 0.7169 0.7169 0.0000 0.0709 -0.0002 -0.002591 -2.069730 0.0000 0 0.0000 0  -3 -13 17 -27 11 0 9 -19  0 0 1 0 0 0 0 12.13 
0.126 2 2.10 2.10 2.1 2.1 0.120 -0.002 0.7044 0.6924 -0.0777 0.0717 -0.0002 -0.002591 -2.069725 0.0000 0 0.0000 0  28 8 30 -4 1 11 -10 0  0 0 1 0 0 0 0 12.13 
0.127 2 2.10 2.10 2.1 2.1 0.103 -0.001 0.7169 0.7302 0.0855 0.0723 -0.0002 -0.005182 -2.069726 0.0000 0 0.0000 0  37 26 4 -1 -3 -25 21 -34  0 0 1 0 0 0 0 12.13 
0.128 2 2.10 2.10 2.1 2.1 0.092 -0.001 0.7302 0.7575 0.1762 0.0729 -0.0002 -0.002591 -2.069738 0.0000 0 0.0000 0  13 55 5 -16 48 -24 -45 14  0 0 1 0 0 0 0 12.13 
0.129 2 2.10 2.10 2.1 2.1 0.120 -0.002 0.7302 0.7434 0.0855 0.0737 -0.0002 -0.002591 -2.069753 0.0000 0 0.0000 0  0 53 3 13 -5 10 -54 -7  0 0 1 0 0 0 0 12.13 
0.130 2 2.10 2.10 2.1 2.1 0.098 -0.001 0.7434 0.7723 0.1866 0.0745 -0.0002 -0.002591 -2.069764 0.0000 0 0.0000 0  4 -37 -7 2 -4 14 56 -10  0 0 1 0 0 0 0 12.13 
0.131 2 2.10 2.10 2.1 2.1 0.104 -0.001 0.7169 0.7434 0.1710 0.0753 -0.0002 -0.002591 -2.069768 0.0000 0 0.0000 0  -4 36 -10 -26 21 21 -50 13  0 0 1 0 0 0 0 12.14 
0.132 2 2.10 2.10 2.1 2.1 0.072 -0.002 0.7044 0.7575 0.3420 0.0759 -0.0002 0.000000 -2.069766 0.0000 0 0.0000 0  23 43 0 5 9 19 -21 -13  0 0 1 0 0 0 0 12.14 
0.133 2 2.10 2.10 2.1 2.1 0.084 -0.002 0.7434 0.6804 -0.4068 0.0765 -0.0002 -0.002591 -2.069766 0.0000 0 0.0000 0  -29 -51 7 -47 -1 35 66 -17  0 0 1 0 0 0 0 12.14 
0.134 2 2.10 2.10 2.1 2.1 0.160 -0.001 0.7044 0.7434 0.2513 0.0773 -0.0002 -0.002591 -2.069765 0.0000 0 0.0000 0  27 9 -3 1 -12 -30 19 1  0 0 1 0 0 0 0 12.13 
0.135 2 2.10 2.10 2.1 2.1 0.134 -0.004 0.7169 0.6804 -0.2358 0.0781 -0.0002 -0.002591 -2.069761 0.0000 0 0.0000 0  -4 21 -21 20 -28 -3 17 -18  0 0 1 0 0 0 0 12.14 
0.136 2 2.10 2.10 2.1 2.1 0.105 -0.006 0.7044 0.6924 -0.0777 0.0789 -0.0003 -0.002591 -2.069758 0.0000 0 0.0000 0  -9 24 24 -16 4 -10 -8 -30  0 0 1 0 0 0 0 12.15 
0.137 2 2.10 2.10 2.1 2.1 0.105 -0.003 0.7169 0.7434 0.1710 0.0793 -0.0003 -0.002591 -2.069759 0.0000 0 0.0000 0  -1 -22 -17 -8 -11 -12 43 -9  0 0 1 0 0 0 0 12.14 
0.138 2 2.10 2.10 2.1 2.1 0.129 -0.002 0.7302 0.7575 0.1762 0.0801 -0.0003 -0.002591 -2.069755 0.0000 0 0.0000 0  6 78 -23 -10 9 -40 -6 1  0 0 1 0 0 0 0 12.14 
0.139 2 2.10 2.10 2.1 2.1 0.125 -0.001 0.7302 0.7723 0.2721 0.0809 -0.0003 -0.002591 -2.069752 0.0000 0 0.0000 0  -26 -25 2 -16 34 -18 -24 -8  0 0 1 0 0 0 0 12.14 
0.140 2 2.10 2.10 2.1 2.1 0.093 -0.002 0.7169 0.7434 0.1710 0.0817 -0.0003 -0.002591 -2.069754 0.0000 0 0.0000 0  22 2 30 -26 8 4 -7 5  0 0 1 0 0 0 0 12.13 
0.141 2 2.10 2.10 2.1 2.1 0.091 -0.002 0.7302 0.7302 0.0000 0.0825 -0.0003 -0.002591 -2.069755 0.0000 0 0.0000 0  11 17 -10 2 -9 -1 22 14  0 0 1 0 0 0 0 12.13 
0.142 2 2.10 2.10 2.1 2.1 0.141 -0.001 0.6924 0.7575 0.4198 0.0831 -0.0003 0.000000 -2.069762 0.0000 0 0.0000 0  26 43 -30 -18 -19 31 -43 8  0 0 1 0 0 0 0 12.14 
0.143 2 2.10 2.10 2.1 2.1 0.126 -0.003 0.7434 0.7169 -0.1710 0.0837 -0.0003 -0.002591 -2.069769 0.0000 0 0.0000 0  -5 -17 17 -27 -15 -15 45 -19  0 0 1 0 0 0 0 12.14 
0.144 2 2.10 2.10 2.1 2.1 0.124 -0.005 0.6924 0.7169 0.1581 0.0845 -0.0003 -0.002591 -2.069769 0.0000 0 0.0000 0  15 37 22 -47 8 11 2 -25  0 0 1 0 0 0 0 12.14 
0.145 2 2.10 2.10 2.1 2.1 0.111 -0.004 0.7434 0.7434 0.0000 0.0853 -0.0003 -0.002591 -2.069772 0.0000 0 0.0000 0  14 13 21 -14 6 16 -36 11  0 0 1 0 0 0 0 12.13 
0.146 2 2.10 2.10 2.1 2.1 0.095 -0.002 0.6924 0.6804 -0.0777 0.0859 -0.0003 0.000000 -2.069778 0.0000 0 0.0000 0  -6 35 -8 -23 -17 3 44 -20  0 0 1 0 0 0 0 12.14 
0.147 2 2.10 2.10 2.1 2.1 0.124 -0.002 0.7169 0.7434 0.1710 0.0868 -0.0003 0.000000 -2.069780 0.0000 0 0.0000 0  -27 -26 -8 -35 -14 0 25 -7  0 0 1 0 0 0 0 12.13 
0.148 2 2.10 2.10 2.1 2.1 0.095 -0.001 0.7302 0.7723 0.2721 0.0874 -0.0003 -0.002591 -2.069783 0.0000 0 0.0000 0  20 47 14 -33 56 -3 -17 -13  0 0 1 0 0 0 0 12.13 
0.149 2 2.10 2.10 2.1 2.1 0.096 -0.002 0.7575 0.7434 -0.0907 0.0882 -0.0003 -0.002591 -2.069789 0.0000 0 0.0000 0  26 24 20 -47 9 -18 -11 -44  0 0 1 0 0 0 0 12.14 
0.150 4 4.10 4.10 4.1 4.1 0.063 -0.003 0.7434 0.7575 0.0907 0.0890 -0.0003 -0.002591 -2.069793 0.0000 0 0.0000 0  8 1 -12 8 1 -27 -45 -9  0 0 1 0 0 0 0 12.14 
0.151 4 4.10 4.10 4.1 4.1 0.296 -0.005 0.7169 0.7575 0.2617 0.0898 -0.0003 -0.002591 -2.069797 0.0000 0 0.0000 0  16 26 18 6 -19 -5 -8 -9  0 0 1 0 0 0 0 12.07 
0.152 4 4.10 4.10 4.1 4.1 0.411 -0.005 0.7302 0.7723 0.2721 0.0904 -0.0003 0.000000 -2.069805 0.0000 0 0.0000 0  9 58 1 11 12 12 2 4  0 0 1 0 0 0 0 12.01 
0.153 4 4.10 4.10 4.1 4.1 0.500 -0.006 0.7434 0.7575 0.0907 0.0912 -0.0003 0.000000 -2.069810 0.0000 0 0.0000 0  -26 51 -38 6 -19 7 15 -27  0 0 1 0 0 0 0 12.00 
0.154 4 4.10 4.10 4.1 4.1 0.571 -0.005 0.7723 0.8032 0.1995 0.0920 -0.0003 0.000000 -2.069809 0.0000 0 0.0000 0  -32 46 -54 -11 -2 -22 28 15  0 0 1 0 0 0 0 11.98 
0.155 4 4.10 4.10 4.1 4.1 0.599 -0.010 0.7723 0.8032 0.1995 0.0928 -0.0003 0.000000 -2.069807 0.0000 0 0.0000 0  3 32 -18 -13 -17 33 -6 -24  0 0 1 0 0 0 0 11.95 
0.156 4 4.10 4.10 4.1 4.1 0.566 -0.009 0.8193 0.8543 0.2254 0.0936 -0.0003 0.000000 -2.069802 0.0000 0 0.0000 0  2 26 12 -43 -12 7 5 8  0 0 1 0 0 0 0 11.98 
0.157 4 4.10 4.10 4.1 4.1 0.532 -0.010 0.8032 0.8543 0.3291 0.0944 -0.0003 0.000000 -2.069804 0.0000 0 0.0000 0  -13 18 6 -28 2 -15 24 10  0 0 1 0 0 0 0 11.96 
0.158 4 4.10 4.10 4.1 4.1 0.517 -0.007 0.8727 0.8924 0.1270 0.0954 -0.0003 -0.002591 -2.069808 0.0000 0 0.0000 0  0 14 -10 -30 51 35 -11 24  0 0 1 0 0 0 0 11.95 
0.159 4 4.10 4.10 4.1 4.1 0.582 -0.006 0.9125 0.8727 -0.2565 0.0962 -0.0003 -0.002591 -2.069810 0.0000 0 0.0000 0  5 -1 8 -14 16 55 4 -21  0 0 1 0 0 0 0 11.99 
0.160 4 4.10 4.10 4.1 4.1 0.515 -0.008 0.9338 0.8543 -0.5130 0.0972 -0.0003 0.000000 -2.069816 0.0000 0 0.0000 0  8 19 -15 12 15 13 -35 2  0 0 1 0 0 0 0 12.00 
0.161 4 4.10 4.10 4.1 4.1 0.476 -0.007 0.9559 0.8924 -0.4094 0.0982 -0.0003 -0.002591 -2.069818 0.0000 0 0.0000 0  20 -16 -22 2 0 -19 42 -11  0 0 1 0 0 0 0 11.99 
0.162 4 4.10 4.10 4.1 4.1 0.482 -0.008 0.9796 0.9796 0.0000 0.0992 -0.0003 0.000000 -2.069818 0.0000 0 0.0000 0  33 14 -6 2 22 -1 10 -12  0 0 1 0 0 0 0 11.99 
0.163 4 4.10 4.10 4.1 4.1 0.454 -0.008 1.0041 1.0298 0.1658 0.1002 -0.0003 -0.002591 -2.069818 0.0000 0 0.0000 0  19 -10 -25 -15 -18 21 -14 -7  0 0 1 0 0 0 0 12.01 
0.164 4 4.10 4.10 4.1 4.1 0.420 -0.005 1.0298 0.8924 -0.8862 0.1010 -0.0003 -0.002591 -2.069823 0.0000 0 0.0000 0  18 17 3 -21 -13 -5 -3 -38  0 0 1 0 0 0 0 12.00 
0.165 4 4.10 4.10 4.1 4.1 0.428 -0.007 0.9796 1.0298 0.3239 0.1020 -0.0003 0.000000 -2.069824 0.0000 0 0.0000 0  -4 2 -11 -26 -11 7 -51 -23  0 0 1 0 0 0 0 12.01 
0.166 4 4.10 4.10 4.1 4.1 0.456 -0.007 1.0852 1.0567 -0.1840 0.1032 -0.0003 0.000000 -2.069822 0.0000 0 0.0000 0  6 30 -51 23 -21 -14 -10 -5  0 0 1 0 0 0 0 12.01 
0.167 4 4.10 4.10 4.1 4.1 0.430 -0.005 1.0852 1.0852 0.0000 0.1042 -0.0003 -0.002591 -2.069820 0.0000 0 0.0000 0  -16 48 -1 -9 -1 30 11 31  0 0 1 0 0 0 0 12.03 
0.168 4 4.10 4.10 4.1 4.1 0.420 -0.004 1.1153 1.0852 -0.1943 0.1052 -0.0003 0.000000 -2.069816 0.0000 0 0.0000 0  -17 21 22 -15 -29 -22 10 -13  0 0 1 0 0 0 0 12.02 
0.169 4 4.10 4.10 4.1 4.1 0.386 -0.005 1.0852 1.1474 0.4016 0.1064 -0.0003 0.000000 -2.069811 0.0000 0 0.0000 0  -10 0 20 -13 -7 -11 29 10  0 0 1 0 0 0 0 12.01 
0.170 4 4.10 4.10 4.1 4.1 0.367 -0.002 1.1474 1.1153 -0.2073 0.1074 -0.0003 -0.002591 -2.069800 0.0000 0 0.0000 0  -15 -33 36 -15 16 -16 -33 9  0 0 1 0 0 0 0 12.03 
0.171 4 4.10 4.10 4.1 4.1 0.370 -0.004 1.1153 1.1474 0.2073 0.1086 -0.0003 -0.002591 -2.069784 0.0000 0 0.0000 0  -6 13 -8 -15 -16 -4 -5 -8  0 0 1 0 0 0 0 12.03 
0.172 4 4.10 4.10 4.1 4.1 0.428 -0.007 1.1474 1.1812 0.2177 0.1096 -0.0003 0.000000 -2.069775 0.0000 0 0.0000 0  -14 -5 -19 1 29 1 -31 15  0 0 1 0 0 0 0 12.02 
0.173 4 4.10 4.10 4.1 4.1 0.371 -0.006 1.1474 1.1812 0.2177 0.1108 -0.0003 0.000000 -2.069774 0.0000 0 0.0000 0  26 -1 -10 -1 9 24 25 9  0 0 1 0 0 0 0 12.03 
0.174 4 4.10 4.10 4.1 4.1 0.363 -0.006 1.1474 1.2169 0.4483 0.1121 -0.0003 0.000000 -2.069773 0.0000 0 0.0000 0  -3 -13 2 -16 2 8 -1 -14  0 0 1 0 0 0 0 12.03 
0.175 4 4.10 4.10 4.1 4.1 0.339 -0.005 1.1812 1.2169 0.2306 0.1133 -0.0003 0.000000 -2.069771 0.0000 0 0.0000 0  -10 -18 -37 -41 15 4 49 -11  0 0 1 0 0 0 0 12.05 
0.176 4 4.10 4.10 4.1 4.1 0.306 -0.006 1.1812 1.2952 0.7359 0.1145 -0.0003 0.000000 -2.069772 0.0000 0 0.0000 0  39 12 18 -26 -19 7 19 -7  0 0 1 0 0 0 0 12.04 
0.177 4 4.10 4.10 4.1 4.1 0.331 -0.005 1.2169 1.2551 0.2462 0.1157 -0.0003 0.000000 -2.069782 0.0000 0 0.0000 0  27 -18 31 -4 29 5 -14 9  0 0 1 0 0 0 0 12.05 
0.178 4 4.10 4.10 4.1 4.1 0.323 -0.006 1.2169 1.2551 0.2462 0.1169 -0.0003 0.000000 -2.069791 0.0000 0 0.0000 0  -46 18 -18 -16 -25 1 18 15  0 0 1 0 0 0 0 12.06 
0.179 4 4.10 4.10 4.1 4.1 0.300 -0.004 1.2169 1.2551 0.2462 0.1181 -0.0003 0.000000 -2.069795 0.0000 0 0.0000 0  -2 1 19 -12 -11 37 -8 -23  0 0 1 0 0 0 0 12.06 
0.180 4 4.10 4.10 4.1 4.1 0.323 -0.002 1.2169 1.3386 0.7851 0.1193 -0.0003 0.000000 -2.069809 0.0000 0 0.0000 0  18 2 -2 -24 30 10 24 -16  0 0 1 0 0 0 0 12.06 
0.181 4 4.10 4.10 4.1 4.1 0.307 -0.002 1.2551 1.2169 -0.2462 0.1205 -0.0003 0.000000 -2.069830 0.0000 0 0.0000 0  37 36 18 -27 -7 8 43 7  0 0 1 0 0 0 0 12.06 
0.182 4 4.10 4.10 4.1 4.1 0.276 -0.004 1.0852 1.2952 1.3552 0.1217 -0.0003 0.000000 -2.069840 0.0000 0 0.0000 0  -9 -4 0 -30 9 7 4 3  0 0 1 0 0 0 0 12.05 
0.183 4 4.10 4.10 4.1 4.1 0.296 -0.006 1.2952 1.2551 -0.2591 0.1229 -0.0003 0.000000 -2.069837 0.0000 0 0.0000 0  -24 -37 2 -44 28 20 58 -7  0 0 1 0 0 0 0 12.04 
0.184 4 4.10 4.10 4.1 4.1 0.301 -0.004 1.3386 1.3386 0.0000 0.1241 -0.0003 0.000000 -2.069827 0.0000 0 0.0000 0  -7 -13 4 -42 -13 1 28 29  0 0 1 0 0 0 0 12.05 
0.185 4 4.10 4.10 4.1 4.1 0.302 -0.005 1.2952 1.2952 0.0000 0.1253 -0.0003 0.000000 -2.069815 0.0000 0 0.0000 0  47 -7 12 14 -3 -7 11 -6  0 0 1 0 0 0 0 12.06 
0.186 4 4.10 4.10 4.1 4.1 0.277 -0.006 1.3386 1.3386 0.0000 0.1265 -0.0003 0.000000 -2.069807 0.0000 0 0.0000 0  28 26 8 -4 36 9 33 -17  0 0 1 0 0 0 0 12.07 
0.187 4 4.10 4.10 4.1 4.1 0.265 -0.003 1.3386 1.2952 -0.2798 0.1277 -0.0003 0.000000 -2.069799 0.0000 0 0.0000 0  38 -3 -31 -6 19 19 14 -3  0 0 1 0 0 0 0 12.07 
0.188 4 4.10 4.10 4.1 4.1 0.329 -0.003 1.2952 1.3386 0.2798 0.1291 -0.0003 0.002591 -2.069796 0.0000 0 0.0000 0  -3 -5 -18 -8 -28 -25 -10 -5  0 0 1 0 0 0 0 12.07 
0.189 4 4.10 4.10 4.1 4.1 0.283 -0.005 1.2952 1.3848 0.5778 0.1303 -0.0003 0.002591 -2.069800 0.0000 0 0.0000 0  -10 3 11 23 48 20 -4 -19  0 0 1 0 0 0 0 12.07 
0.190 4 4.10 4.10 4.1 4.1 0.284 -0.003 1.2952 1.3848 0.5778 0.1315 -0.0003 0.002591 -2.069807 0.0000 0 0.0000 0  9 16 14 -8 8 -23 23 -10  0 0 1 0 0 0 0 12.07 
0.191 4 4.10 4.10 4.1 4.1 0.254 -0.010 1.2952 1.3848 0.5778 0.1329 -0.0003 0.000000 -2.069813 0.0000 0 0.0000 0  -9 20 2 -6 5 20 21 12  0 0 1 0 0 0 0 12.07 
0.192 4 4.10 4.10 4.1 4.1 0.261 -0.004 1.3386 1.3848 0.2980 0.1343 -0.0003 0.002591 -2.069817 0.0000 0 0.0000 0  -17 24 -15 -58 -5 -39 1 -33  0 0 1 0 0 0 0 12.08 
0.193 4 4.10 4.10 4.1 4.1 0.300 -0.002 1.3386 1.3386 0.0000 0.1355 -0.0003 0.002591 -2.069824 0.0000 0 0.0000 0  -6 29 -19 -19 5 12 21 -13  0 0 1 0 0 0 0 12.06 
0.194 4 4.10 4.10 4.1 4.1 0.257 -0.002 1.3386 1.3848 0.2980 0.1368 -0.0003 0.002591 -2.069835 0.0000 0 0.0000 0  10 20 40 -7 41 9 8 -20  0 0 1 0 0 0 0 12.06 
0.195 4 4.10 4.10 4.1 4.1 0.253 -0.004 1.3386 1.4342 0.6167 0.1382 -0.0003 0.005182 -2.069846 0.0000 0 0.0000 0  44 36 -3 -33 49 -29 27 -25  0 0 1 0 0 0 0 12.07 
0.196 4 4.10 4.10 4.1 4.1 0.196 -0.004 1.3386 1.3386 0.0000 0.1396 -0.0003 0.002591 -2.069849 0.0000 0 0.0000 0  1 43 -10 -24 26 -4 15 -25  0 0 1 0 0 0 0 12.08 
0.197 4 4.10 4.10 4.1 4.1 0.222 -0.004 1.3848 1.4342 0.3187 0.1408 -0.0003 0.002591 -2.069847 0.0000 0 0.0000 0  4 -23 39 -9 53 9 20 -26  0 0 1 0 0 0 0 12.06 
0.198 4 4.10 4.10 4.1 4.1 0.239 -0.002 1.4342 1.3848 -0.3187 0.1420 -0.0003 0.002591 -2.069846 0.0000 0 0.0000 0  -11 36 -8 -42 14 -31 16 2  0 0 1 0 0 0 0 12.07 
0.199 4 4.10 4.10 4.1 4.1 0.243 -0.005 1.3848 1.3848 0.0000 0.1434 -0.0003 0.005182 -2.069847 0.0000 0 0.0000 0  -29 -12 -11 -19 39 12 12 2  0 0 1 0 0 0 0 12.08 
0.200 4 4.10 4.10 4.1 4.1 0.269 -0.005 1.3848 1.4872 0.6607 0.1448 -0.0002 0.002591 -2.069849 0.0000 0 0.0000 0  -28 2 11 -12 -16 -1 -29 -6  0 0 1 0 0 0 0 12.08 
0.201 4 4.10 4.10 4.1 4.1 0.257 -0.002 1.4342 1.4342 0.0000 0.1460 -0.0002 0.002591 -2.069850 0.0000 0 0.0000 0  -20 -13 11 4 24 -3 -1 19  0 0 1 0 0 0 0 12.06 
0.202 4 4.10 4.10 4.1 4.1 0.226 -0.005 1.4342 1.4342 0.0000 0.1474 -0.0002 0.005182 -2.069856 0.0000 0 0.0000 0  14 20 -32 -32 -1 21 40 -1  0 0 1 0 0 0 0 12.07 
0.203 4 4.10 4.10 4.1 4.1 0.236 -0.004 1.3848 1.4342 0.3187 0.1488 -0.0002 0.002591 -2.069859 0.0000 0 0.0000 0  -8 -2 -3 -60 1 -23 -27 -37  0 0 1 0 0 0 0 12.08 
0.204 4 4.10 4.10 4.1 4.1 0.234 -0.003 1.3848 1.4342 0.3187 0.1502 -0.0002 0.005182 -2.069849 0.0000 0 0.0000 0  -2 -28 20 -2 3 9 -2 -14  0 0 1 0 0 0 0 12.08 
0.205 4 4.10 4.10 4.1 4.1 0.222 -0.002 1.3848 1.4342 0.3187 0.1514 -0.0002 0.005182 -2.069831 0.0000 0 0.0000 0  -17 26 -28 -34 21 5 -1 -2  0 0 1 0 0 0 0 12.08 
0.206 4 4.10 4.10 4.1 4.1 0.203 -0.001 1.3848 1.2952 -0.5778 0.1528 -0.0002 0.002591 -2.069815 0.0000 0 0.0000 0  -13 46 22 -26 -20 -17 -27 -15  0 0 1 0 0 0 0 12.09 
0.207 4 4.10 4.10 4.1 4.1 0.191 -0.004 1.3848 1.4872 0.6607 0.1542 -0.0002 0.005182 -2.069806 0.0000 0 0.0000 0  -29 43 5 -15 1 -8 -37 -8  0 0 1 0 0 0 0 12.08 
0.208 4 4.10 4.10 4.1 4.1 0.203 -0.002 1.3848 1.4342 0.3187 0.1554 -0.0002 0.005182 -2.069805 0.0000 0 0.0000 0  40 26 4 -36 -20 8 -15 6  0 0 1 0 0 0 0 12.07 
0.209 4 4.10 4.10 4.1 4.1 0.200 -0.003 1.3848 1.5446 1.0313 0.1570 -0.0002 0.005182 -2.069808 0.0000 0 0.0000 0  -30 -2 -25 -28 4 25 33 6  0 0 1 0 0 0 0 12.08 
0.210 4 4.10 4.10 4.1 4.1 0.216 -0.002 1.3848 1.4872 0.6607 0.1582 -0.0002 0.005182 -2.069809 0.0000 0 0.0000 0  9 -20 -8 -42 9 4 -12 -11  0 0 1 0 0 0 0 12.08 
0.211 4 4.10 4.10 4.1 4.1 0.215 -0.002 1.3848 1.4872 0.6607 0.1596 -0.0002 0.007773 -2.069809 0.0000 0 0.0000 0  -39 24 8 -47 17 21 3 21  0 0 1 0 0 0 0 12.08 
0.212 4 4.10 4.10 4.1 4.1 0.223 -0.002 1.3848 1.4342 0.3187 0.1611 -0.0002 0.005182 -2.069810 0.0000 0 0.0000 0  -26 44 -18 14 4 -10 11 19  0 0 1 0 0 0 0 12.08 
0.213 4 4.10 4.10 4.1 4.1 0.222 -0.002 1.3848 1.4342 0.3187 0.1625 -0.0002 0.007773 -2.069817 0.0000 0 0.0000 0  -47 36 -23 -36 2 9 -12 -9  0 0 1 0 0 0 0 12.08 
0.214 4 4.10 4.10 4.1 4.1 0.205 -0.002 1.3848 1.4872 0.6607 0.1639 -0.0002 0.005182 -2.069832 0.0000 0 0.0000 0  -2 0 21 -5 -38 -15 20 -19  0 0 1 0 0 0 0 12.08 
0.215 4 4.10 4.10 4.1 4.1 0.196 -0.005 1.3848 1.4872 0.6607 0.1653 -0.0001 0.007773 -2.069844 0.0000 0 0.0000 0  -10 -34 50 -15 6 26 55 -28  0 0 1 0 0 0 0 12.09 
0.216 4 4.10 4.10 4.1 4.1 0.188 -0.004 1.4342 1.4872 0.3420 0.1667 -0.0001 0.005182 -2.069857 0.0000 0 0.0000 0  21 31 -20 -26 23 -4 22 12  0 0 1 0 0 0 0 12.10 
0.217 4 4.10 4.10 4.1 4.1 0.233 -0.005 1.4342 1.4872 0.3420 0.1681 -0.0001 0.007773 -2.069872 0.0000 0 0.0000 0  40 29 -12 -17 5 12 -5 24  0 0 1 0 0 0 0 12.08 
0.218 4 4.10 4.10 4.1 4.1 0.203 -0.004 1.4342 1.5446 0.7126 0.1693 -0.0001 0.007773 -2.069880 0.0000 0 0.0000 0  -29 64 -12 -11 29 -4 7 -12  0 0 1 0 0 0 0 12.08 
0.219 4 4.10 4.10 4.1 4.1 0.189 -0.005 1.4342 1.4872 0.3420 0.1709 -0.0001 0.007773 -2.069878 0.0000 0 0.0000 0  11 37 18 -28 6 -19 -54 31  0 0 1 0 0 0 0 12.09 
0.220 4 4.10 4.10 4.1 4.1 0.200 -0.005 1.3848 1.4342 0.3187 0.1721 -0.0001 0.007773 -2.069872 0.0000 0 0.0000 0  1 8 4 -13 7 -15 9 -1  0 0 1 0 0 0 0 12.10 
0.221 4 4.10 4.10 4.1 4.1 0.160 -0.005 1.4342 1.4872 0.3420 0.1737 -0.0001 0.007773 -2.069867 0.0000 0 0.0000 0  13 -8 13 12 -10 22 -12 -49  0 0 1 0 0 0 0 12.10 
0.222 4 4.10 4.10 4.1 4.1 0.177 -0.002 1.4342 1.4872 0.3420 0.1749 -0.0001 0.007773 -2.069864 0.0000 0 0.0000 0  -20 -1 4 18 15 3 -4 -33  0 0 1 0 0 0 0 12.10 
0.223 4 4.10 4.10 4.1 4.1 0.196 -0.001 1.4342 1.5446 0.7126 0.1765 -0.0001 0.007773 -2.069861 0.0000 0 0.0000 0  -22 34 -8 -26 42 -27 18 -29  0 0 1 0 0 0 0 12.10 
0.224 4 4.10 4.10 4.1 4.1 0.219 -0.001 1.4342 1.4342 0.0000 0.1777 -0.0001 0.007773 -2.069853 0.0000 0 0.0000 0  -15 0 31 -13 -6 31 41 12  0 0 1 0 0 0 0 12.11 
0.225 4 4.10 4.10 4.1 4.1 0.184 -0.002 1.4342 1.4872 0.3420 0.1793 -0.0000 0.007773 -2.069845 0.0000 0 0.0000 0  5 24 3 -30 41 -13 34 22  0 0 1 0 0 0 0 12.10 
0.226 4 4.10 4.10 4.1 4.1 0.179 -0.002 1.4342 1.5446 0.7126 0.1807 -0.0000 0.010364 -2.069834 0.0000 0 0.0000 0  17 56 -17 -7 41 6 7 20  0 0 1 0 0 0 0 12.09 
0.227 4 4.10 4.10 4.1 4.1 0.166 -0.003 1.4342 1.5446 0.7126 0.1821 -0.0000 0.007773 -2.069831 0.0000 0 0.0000 0  22 1 7 -27 -16 7 -5 -38  0 0 1 0 0 0 0 12.08 
0.228 4 4.10 4.10 4.1 4.1 0.151 -0.003 1.4342 1.5446 0.7126 0.1835 -0.0000 0.010364 -2.069846 0.0000 0 0.0000 0  48 47 -3 -15 22 21 16 -26  0 0 1 0 0 0 0 12.08 
0.229 4 4.10 4.10 4.1 4.1 0.182 -0.003 1.4872 1.4872 0.0000 0.1849 0.0000 0.007773 -2.069872 0.0000 0 0.0000 0  -2 14 19 -26 -9 22 11 -9  0 0 1 0 0 0 0 12.09 
0.230 4 4.10 4.10 4.1 4.1 0.196 -0.004 1.4872 1.4872 0.0000 0.1864 0.0000 0.010364 -2.069898 0.0000 0 0.0000 0  19 45 23 4 54 40 56 27  0 0 1 0 0 0 0 12.08 
0.231 4 4.10 4.10 4.1 4.1 0.222 -0.005 1.4872 1.4872 0.0000 0.1880 0.0000 0.010364 -2.069918 0.0000 0 0.0000 0  -9 -11 12 -6 36 34 10 -6  0 0 1 0 0 0 0 12.08 
0.232 4 4.10 4.10 4.1 4.1 0.189 -0.002 1.4872 1.5446 0.3705 0.1892 0.0001 0.010364 -2.069930 0.0000 0 0.0000 0  -44 23 -7 -30 27 3 11 7  0 0 1 0 0 0 0 12.10 
0.233 4 4.10 4.10 4.1 4.1 0.199 -0.006 1.4872 1.6065 0.7696 0.1908 0.0001 0.010364 -2.069939 0.0000 0 0.0000 0  27 12 4 -45 11 -13 6 10  0 0 1 0 0 0 0 12.09 
0.234 4 4.10 4.10 4.1 4.1 0.193 -0.004 1.4342 1.5446 0.7126 0.1922 0.0001 0.012956 -2.069949 0.0000 0 0.0000 0  18 36 -14 -4 63 38 64 -25  0 0 1 0 0 0 0 12.10 
0.235 4 4.10 4.10 4.1 4.1 0.148 -0.002 1.4872 1.4872 0.0000 0.1936 0.0001 0.010364 -2.069947 0.0000 0 0.0000 0  11 19 -13 -22 1 0 43 2  0 0 1 0 0 0 0 12.10 
0.236 4 4.10 4.10 4.1 4.1 0.191 -0.003 1.4872 1.5446 0.3705 0.1950 0.0001 0.012956 -2.069935 0.0000 0 0.0000 0  -14 46 -11 -15 2 12 16 -8  0 0 1 0 0 0 0 12.09 
0.237 4 4.10 4.10 4.1 4.1 0.175 -0.004 1.4872 1.6065 0.7696 0.1964 0.0001 0.010364 -2.069921 0.0000 0 0.0000 0  -22 19 -2 -33 -3 -19 -20 -18  0 0 1 0 0 0 0 12.09 
0.238 4 4.10 4.10 4.1 4.1 0.202 -0.002 1.4872 1.6065 0.7696 0.1978 0.0002 0.012956 -2.069904 0.0000 0 0.0000 0  -14 15 33 14 39 24 29 3  0 0 1 0 0 0 0 12.11 
0.239 4 4.10 4.10 4.1 4.1 0.172 -0.003 1.4872 1.6065 0.7696 0.1994 0.0002 0.012956 -2.069887 0.0000 0 0.0000 0  3 57 -15 -1 -12 9 59 22  0 0 1 0 0 0 0 12.11 
0.240 4 4.10 4.10 4.1 4.1 0.194 -0.004 1.4872 1.5446 0.3705 0.2006 0.0002 0.012956 -2.069869 0.0000 0 0.0000 0  24 -15 -18 -16 21 29 -2 7  0 0 1 0 0 0 0 12.09 
0.241 4 4.10 4.10 4.1 4.1 0.187 -0.005 1.4872 1.5446 0.3705 0.2022 0.0002 0.012956 -2.069854 0.0000 0 0.0000 0  -28 26 -22 -52 16 -12 41 -20  0 0 1 0 0 0 0 12.08 
0.242 4 4.10 4.10 4.1 4.1 0.195 -0.006 1.4872 1.4342 -0.3420 0.2034 0.0002 0.012956 -2.069848 0.0000 0 0.0000 0  -3 21 30 -17 57 22 21 -57  0 0 1 0 0 0 0 12.09 
0.243 4 4.10 4.10 4.1 4.1 0.201 -0.003 1.5446 1.5446 0.0000 0.2050 0.0002 0.012956 -2.069844 0.0000 0 0.0000 0  -12 25 -13 -33 11 -4 5 -3  0 0 1 0 0 0 0 12.04 
0.244 4 4.10 4.10 4.1 4.1 0.167 -0.003 1.4872 1.6065 0.7696 0.2064 0.0003 0.015547 -2.069844 0.0000 0 0.0000 0  18 38 -11 -21 4 13 39 -16  0 0 1 0 0 0 0 12.09 
0.245 4 4.10 4.10 4.1 4.1 0.228 -0.005 1.4872 1.6065 0.7696 0.2080 0.0003 0.015547 -2.069856 0.0000 0 0.0000 0  11 30 -29 -55 2 0 44 -3  0 0 1 0 0 0 0 12.08 
0.246 4 4.10 4.10 4.1 4.1 0.211 -0.005 1.4872 1.6065 0.7696 0.2092 0.0003 0.015547 -2.069876 0.0000 0 0.0000 0  -35 21 13 -11 48 27 30 -2  0 0 1 0 0 0 0 12.10 
0.247 4 4.10 4.10 4.1 4.1 0.187 -0.003 1.4872 1.5446 0.3705 0.2108 0.0003 0.015547 -2.069894 0.0000 0 0.0000 0  28 13 -44 2 -34 -5 13 43  0 0 1 0 0 0 0 12.10 
0.248 4 4.10 4.10 4.1 4.1 0.182 -0.003 1.4872 1.5446 0.3705 0.2121 0.0004 0.015547 -2.069905 0.0000 0 0.0000 0  -27 6 -27 -33 -4 1 -24 6  0 0 1 0 0 0 0 12.10 
0.249 4 4.10 4.10 4.1 4.1 0.194 -0.002 1.4872 1.6065 0.7696 0.2137 0.0004 0.015547 -2.069914 0.0000 0 0.0000 0  27 -19 -15 -25 19 -24 -22 -31  0 0 1 0 0 0 0 12.10 
0.250 4 4.10 4.10 4.1 4.1 0.215 -0.002 1.4872 1.6065 0.7696 0.2151 0.0004 0.018138 -2.069923 0.0000 0 0.0000 0  3 25 12 -33 -12 4 37 2  0 0 1 0 0 0 0 12.09 
0.251 4 4.10 4.10 4.1 4.1 0.198 -0.003 1.4872 1.5446 0.3705 0.2167 0.0004 0.018138 -2.069926 0.0000 0 0.0000 0  21 -32 9 -47 6 3 38 -8  0 0 1 0 0 0 0 12.10 
0.252 4 4.10 4.10 4.1 4.1 0.179 -0.004 1.4872 1.5446 0.3705 0.2181 0.0005 0.015547 -2.069921 0.0000 0 0.0000 0  -25 29 11 -18 11 -18 15 -13  0 0 1 0 0 0 0 12.11 
0.253 4 4.10 4.10 4.1 4.1 0.169 -0.003 1.4342 1.5446 0.7126 0.2195 0.0005 0.018138 -2.069909 0.0000 0 0.0000 0  -23 -10 12 3 -14 -8 36 -13  0 0 1 0 0 0 0 12.10 
0.254 4 4.10 4.10 4.1 4.1 0.178 -0.003 1.4342 1.3848 -0.3187 0.2209 0.0005 0.015547 -2.069892 0.0000 0 0.0000 0  28 32 5 -20 17 29 3 11  0 0 1 0 0 0 0 12.08 
0.255 4 4.10 4.10 4.1 4.1 0.145 -0.003 1.4872 1.6065 0.7696 0.2223 0.0005 0.018138 -2.069876 0.0000 0 0.0000 0  5 18 -9 -19 18 8 -9 -25  0 0 1 0 0 0 0 12.08 
0.256 4 4.10 4.10 4.1 4.1 0.189 -0.002 1.4872 1.6065 0.7696 0.2239 0.0006 0.018138 -2.069864 0.0000 0 0.0000 0  -29 -12 6 2 20 3 6 6  0 0 1 0 0 0 0 12.08 
0.257 4 4.10 4.10 4.1 4.1 0.128 -0.002 1.5446 1.6065 0.3990 0.2253 0.0006 0.020729 -2.069852 0.0000 0 0.0000 0  -8 -5 20 3 36 31 32 9  0 0 1 0 0 0 0 12.09 
0.258 4 4.10 4.10 4.1 4.1 0.161 -0.001 1.4872 1.6065 0.7696 0.2267 0.0006 0.018138 -2.069841 0.0000 0 0.0000 0  -30 -4 28 -3 1 43 51 -4  0 0 1 0 0 0 0 12.10 
0.259 4 4.10 4.10 4.1 4.1 0.215 -0.001 1.4872 1.6065 0.7696 0.2281 0.0006 0.020729 -2.069840 0.0000 0 0.0000 0  4 25 -29 35 28 5 -33 -17  0 0 1 0 0 0 0 12.10 
0.260 4 4.10 4.10 4.1 4.1 0.208 -0.002 1.4872 1.6065 0.7696 0.2297 0.0007 0.020729 -2.069845 0.0000 0 0.0000 0  -23 32 30 -4 28 -36 -6 -10  0 0 1 0 0 0 0 12.11 
0.261 4 4.10 4.10 4.1 4.1 0.188 -0.006 1.4342 1.6065 1.1116 0.2309 0.0007 0.020729 -2.069854 0.0000 0 0.0000 0  28 31 -20 -29 6 17 22 -7  0 0 1 0 0 0 0 12.09 
0.262 4 4.10 4.10 4.1 4.1 0.172 -0.003 1.4872 1.6065 0.7696 0.2325 0.0007 0.020729 -2.069868 0.0000 0 0.0000 0  -5 3 4 -50 29 7 42 18  0 0 1 0 0 0 0 12.09 
0.263 4 4.10 4.10 4.1 4.1 0.188 -0.003 1.4872 1.5446 0.3705 0.2341 0.0008 0.020729 -2.069884 0.0000 0 0.0000 0  -6 16 12 -5 23 39 -20 2  0 0 1 0 0 0 0 12.07 
0.264 4 4.10 4.10 4.1 4.1 0.154 -0.002 1.4872 1.5446 0.3705 0.2353 0.0008 0.020729 -2.069895 0.0000 0 0.0000 0  14 6 12 -25 9 30 22 -15  0 0 1 0 0 0 0 12.09 
0.265 4 4.10 4.10 4.1 4.1 0.163 -0.003 1.4872 1.5446 0.3705 0.2370 0.0008 0.020729 -2.069897 0.0000 0 0.0000 0  2 30 -35 -15 -44 30 41 23  0 0 1 0 0 0 0 12.09 
0.266 4 4.10 4.10 4.1 4.1 0.153 -0.002 1.4872 1.5446 0.3705 0.2384 0.0008 0.023320 -2.069897 0.0000 0 0.0000 0  -14 24 -17 -45 -7 10 29 0  0 0 1 0 0 0 0 12.10 
0.267 4 4.10 4.10 4.1 4.1 0.174 -0.005 1.5446 1.5446 0.0000 0.2400 0.0009 0.023320 -2.069891 0.0000 0 0.0000 0  -64 56 0 -21 32 4 1 -12  0 0 1 0 0 0 0 12.10 
0.268 4 4.10 4.10 4.1 4.1 0.182 -0.002 1.4872 1.6065 0.7696 0.2412 0.0009 0.023320 -2.069881 0.0000 0 0.0000 0  -36 -10 19 -38 4 28 23 -12  0 0 1 0 0 0 0 12.09 
0.269 4 4.10 4.10 4.1 4.1 0.196 -0.001 1.4872 1.6065 0.7696 0.2428 0.0010 0.023320 -2.069874 0.0000 0 0.0000 0  -3 15 3 -38 29 -19 21 -34  0 0 1 0 0 0 0 12.10 
0.270 4 4.10 4.10 4.1 4.1 0.175 -0.002 1.5446 1.6065 0.3990 0.2444 0.0010 0.023320 -2.069870 0.0000 0 0.0000 0  -6 27 -20 -63 -16 -5 1 -8  0 0 1 0 0 0 0 12.10 
0.271 4 4.10 4.10 4.1 4.1 0.177 -0.002 1.4872 1.6065 0.7696 0.2458 0.0010 0.025911 -2.069869 0.0000 0 0.0000 0  50 40 1 13 19 -7 -39 -4  0 0 1 0 0 0 0 12.10 
0.272 4 4.10 4.10 4.1 4.1 0.213 -0.004 1.4872 1.6065 0.7696 0.2472 0.0011 0.023320 -2.069868 0.0000 0 0.0000 0  -2 31 -10 -15 1 5 40 -8  0 0 1 0 0 0 0 12.10 
0.273 4 4.10 4.10 4.1 4.1 0.180 -0.003 1.4872 1.6065 0.7696 0.2486 0.0011 0.025911 -2.069868 0.0000 0 0.0000 0  10 44 -21 35 -12 -26 -30 -25  0 0 1 0 0 0 0 12.10 
0.274 4 4.10 4.10 4.1 4.1 0.173 -0.001 1.4872 1.4342 -0.3420 0.2500 0.0011 0.023320 -2.069866 0.0000 0 0.0000 0  -7 -2 -44 -46 -11 -17 8 -6  0 0 1 0 0 0 0 12.10 
0.275 4 4.10 4.10 4.1 4.1 0.157 -0.005 1.4872 1.6065 0.7696 0.2514 0.0012 0.025911 -2.069863 0.0000 0 0.0000 0  12 20 -14 -32 8 -1 17 -48  0 0 1 0 0 0 0 12.10 
0.276 4 4.10 4.10 4.1 4.1 0.169 -0.002 1.4872 1.6065 0.7696 0.2530 0.0012 0.025911 -2.069865 0.0000 0 0.0000 0  -7 20 33 -21 16 6 41 12  0 0 1 0 0 0 0 12.10 
0.277 4 4.10 4.10 4.1 4.1 0.163 -0.002 1.3848 1.6065 1.4303 0.2544 0.0012 0.028502 -2.069870 0.0000 0 0.0000 0  -3 20 -17 -41 -17 15 51 5  0 0 1 0 0 0 0 12.09 
0.278 4 4.10 4.10 4.1 4.1 0.150 -0.004 1.4872 1.5446 0.3705 0.2558 0.0013 0.025911 -2.069874 0.0000 0 0.0000 0  2 -13 -51 -12 -3 -17 -4 10  0 0 1 0 0 0 0 12.09 
0.279 4 4.10 4.10 4.1 4.1 0.135 -0.004 1.4872 1.5446 0.3705 0.2574 0.0013 0.025911 -2.069875 0.0000 0 0.0000 0  22 22 31 4 18 30 28 1  0 0 1 0 0 0 0 12.10 
0.280 4 4.10 4.10 4.1 4.1 0.138 -0.006 1.4342 1.5446 0.7126 0.2588 0.0014 0.028502 -2.069870 0.0000 0 0.0000 0  22 35 -7 -6 18 19 -2 17  0 0 1 0 0 0 0 12.08 
0.281 4 4.10 4.10 4.1 4.1 0.184 -0.005 1.4872 1.5446 0.3705 0.2604 0.0014 0.028502 -2.069864 0.0000 0 0.0000 0  -43 3 -26 -71 14 13 30 -9  0 0 1 0 0 0 0 12.10 
0.282 4 4.10 4.10 4.1 4.1 0.186 -0.004 1.5446 1.6065 0.3990 0.2616 0.0014 0.028502 -2.069868 0.0000 0 0.0000 0  11 -29 -5 -21 37 29 13 -21  0 0 1 0 0 0 0 12.10 
0.283 4 4.10 4.10 4.1 4.1 0.199 -0.002 1.4872 1.6065 0.7696 0.2632 0.0015 0.028502 -2.069877 0.0000 0 0.0000 0  9 30 -15 -32 19 24 28 34  0 0 1 0 0 0 0 12.10 
0.284 4 4.10 4.10 4.1 4.1 0.154 -0.002 1.5446 1.6065 0.3990 0.2649 0.0015 0.028502 -2.069889 0.0000 0 0.0000 0  17 21 27 -45 7 25 35 19  0 0 1 0 0 0 0 12.10 
0.285 4 4.10 4.10 4.1 4.1 0.178 -0.002 1.5446 1.6065 0.3990 0.2663 0.0016 0.031093 -2.069895 0.0000 0 0.0000 0  34 -5 2 3 2 -13 -9 9  0 0 1 0 0 0 0 12.10 
0.286 4 4.10 4.10 4.1 4.1 0.189 -0.003 1.5446 1.6065 0.3990 0.2677 0.0016 0.028502 -2.069893 0.0000 0 0.0000 0  28 -14 -30 -29 -1 -5 1 16  0 0 1 0 0 0 0 12.11 
0.287 4 4.10 4.10 4.1 4.1 0.172 -0.003 1.4872 1.5446 0.3705 0.2691 0.0017 0.031093 -2.069887 0.0000 0 0.0000 0  4 22 -7 7 14 6 -13 -9  0 0 1 0 0 0 0 12.10 
0.288 4 4.10 4.10 4.1 4.1 0.158 -0.003 1.4872 1.6065 0.7696 0.2707 0.0017 0.031093 -2.069885 0.0000 0 0.0000 0  -7 24 -9 -2 5 8 4 8  0 0 1 0 0 0 0 12.09 
0.289 4 4.10 4.10 4.1 4.1 0.148 -0.005 1.4872 1.6065 0.7696 0.2721 0.0017 0.028502 -2.069883 0.0000 0 0.0000 0  0 -1 -36 -34 -6 0 28 -5  0 0 1 0 0 0 0 12.10 
0.290 4 4.10 4.10 4.1 4.1 0.196 -0.005 1.4872 1.6065 0.7696 0.2735 0.0018 0.031093 -2.069871 0.0000 0 0.0000 0  15 32 34 -30 9 -12 25 -17  0 0 1 0 0 0 0 12.10 
0.291 4 4.10 4.10 4.1 4.1 0.193 -0.005 1.4872 1.6065 0.7696 0.2751 0.0018 0.031093 -2.069857 0.0000 0 0.0000 0  1 6 -24 -42 0 -2 -38 -23  0 0 1 0 0 0 0 12.08 
0.292 4 4.10 4.10 4.1 4.1 0.197 -0.002 1.4872 1.5446 0.3705 0.2765 0.0019 0.033685 -2.069850 0.0000 0 0.0000 0  -27 18 20 -3 55 30 17 -8  0 0 1 0 0 0 0 12.09 
0.293 4 4.10 4.10 4.1 4.1 0.152 -0.003 1.4872 1.5446 0.3705 0.2779 0.0019 0.031093 -2.069842 0.0000 0 0.0000 0  -32 40 13 -17 10 -16 7 -10  0 0 1 0 0 0 0 12.10 
0.294 4 4.10 4.10 4.1 4.1 0.174 -0.000 1.5446 1.5446 0.0000 0.2793 0.0020 0.033685 -2.069834 0.0000 0 0.0000 0  13 12 36 -15 17 -17 -39 -20  0 0 1 0 0 0 0 12.10 
0.295 4 4.10 4.10 4.1 4.1 0.146 -0.001 1.5446 1.5446 0.0000 0.2809 0.0020 0.033685 -2.069837 0.0000 0 0.0000 0  -23 28 16 -26 5 20 13 2  0 0 1 0 0 0 0 12.10 
0.296 4 4.10 4.10 4.1 4.1 0.170 -0.002 1.4872 1.5446 0.3705 0.2821 0.0021 0.033685 -2.069848 0.0000 0 0.0000 0  3 15 -22 -3 31 44 33 -5  0 0 1 0 0 0 0 12.10 
0.297 4 4.10 4.10 4.1 4.1 0.150 -0.002 1.5446 1.6065 0.3990 0.2837 0.0021 0.033685 -2.069856 0.0000 0 0.0000 0  11 7 -18 5 -3 12 27 23  0 0 1 0 0 0 0 12.10 
0.298 4 4.10 4.10 4.1 4.1 0.131 -0.004 1.4872 1.6065 0.7696 0.2853 0.0022 0.033685 -2.069861 0.0000 0 0.0000 0  -25 2 31 -13 26 14 -1 -16  0 0 1 0 0 0 0 12.09 
0.299 4 4.10 4.10 4.1 4.1 0.169 -0.003 1.4872 1.6065 0.7696 0.2867 0.0022 0.036276 -2.069866 0.0000 0 0.0000 0  -31 43 -7 -24 -20 -39 2 -18  0 0 1 0 0 0 0 12.10 
0.300 4 4.10 4.10 4.1 4.1 0.147 -0.003 1.4872 1.5446 0.3705 0.2881 0.0023 0.033685 -2.069866 0.0000 0 0.0000 0  2 42 8 -9 -6 -26 0 -8  0 0 1 0 0 0 0 12.08 
0.301 4 4.10 4.10 4.1 4.1 0.153 -0.004 1.3386 1.6065 1.7283 0.2897 0.0023 0.033685 -2.069867 0.0000 0 0.0000 0  -3 14 -11 -14 -19 -3 30 25  0 0 1 0 0 0 0 12.08 
0.302 4 4.10 4.10 4.1 4.1 0.161 -0.006 1.4872 1.5446 0.3705 0.2911 0.0024 0.036276 -2.069877 0.0000 0 0.0000 0  -26 26 9 -36 37 19 33 -25  0 0 1 0 0 0 0 12.11 
0.303 4 4.10 4.10 4.1 4.1 0.208 -0.006 1.4872 1.4342 -0.3420 0.2926 0.0024 0.033685 -2.069885 0.0000 0 0.0000 0  -16 4 -5 -44 -8 18 -27 -12  0 0 1 0 0 0 0 12.09 
0.304 4 4.10 4.10 4.1 4.1 0.170 -0.004 1.4872 1.6065 0.7696 0.2940 0.0025 0.036276 -2.069887 0.0000 0 0.0000 0  -6 17 3 -18 -8 -24 2 -33  0 0 1 0 0 0 0 12.10 
0.305 4 4.10 4.10 4.1 4.1 0.209 -0.006 1.4872 1.6065 0.7696 0.2956 0.0025 0.036276 -2.069889 0.0000 0 0.0000 0  20 1 -9 -12 3 11 16 1  0 0 1 0 0 0 0 12.09 
0.306 4 4.10 4.10 4.1 4.1 0.180 -0.002 1.4872 1.6065 0.7696 0.2970 0.0026 0.038867 -2.069888 0.0000 0 0.0000 0  8 1 -2 -2 8 2 18 -44  0 0 1 0 0 0 0 12.08 
0.307 4 4.10 4.10 4.1 4.1 0.152 -0.002 1.4872 1.5446 0.3705 0.2986 0.0027 0.038867 -2.069880 0.0000 0 0.0000 0  -17 31 -16 -26 -14 29 -1 -33  0 0 1 0 0 0 0 12.10 
0.308 4 4.10 4.10 4.1 4.1 0.162 -0.003 1.4872 1.5446 0.3705 0.3000 0.0027 0.036276 -2.069870 0.0000 0 0.0000 0  8 36 15 -2 -4 -4 -20 -10  0 0 1 0 0 0 0 12.10 
0.309 4 4.10 4.10 4.1 4.1 0.152 -0.004 1.4872 1.6065 0.7696 0.3014 0.0028 0.038867 -2.069869 0.0000 0 0.0000 0  28 36 -3 -20 -19 22 28 12  0 0 1 0 0 0 0 12.11 
0.310 4 4.10 4.10 4.1 4.1 0.124 -0.004 1.5446 1.5446 0.0000 0.3030 0.0028 0.038867 -2.069867 0.0000 0 0.0000 0  19 17 -28 -22 6 -20 55 17  0 0 1 0 0 0 0 12.11 
0.311 4 4.10 4.10 4.1 4.1 0.135 -0.004 1.4872 1.4872 0.0000 0.3044 0.0029 0.036276 -2.069860 0.0000 0 0.0000 0  18 -12 -16 -34 24 3 -3 -7  0 0 1 0 0 0 0 12.09 
0.312 4 4.10 4.10 4.1 4.1 0.197 -0.002 1.5446 1.6065 0.3990 0.3058 0.0029 0.038867 -2.069860 0.0000 0 0.0000 0  25 20 -27 -29 8 6 -1 -22  0 0 1 0 0 0 0 12.09 
0.313 4 4.10 4.10 4.1 4.1 0.173 -0.006 1.4872 1.6065 0.7696 0.3074 0.0030 0.038867 -2.069861 0.0000 0 0.0000 0  -1 14 -5 -45 33 47 50 -21  0 0 1 0 0 0 0 12.09 
0.314 4 4.10 4.10 4.1 4.1 0.185 -0.004 1.4872 1.6065 0.7696 0.3088 0.0030 0.041458 -2.069855 0.0000 0 0.0000 0  -15 -2 17 -9 9 -19 0 -55  0 0 1 0 0 0 0 12.10 
0.315 4 4.10 4.10 4.1 4.1 0.177 -0.004 1.4872 1.4872 0.0000 0.3102 0.0031 0.038867 -2.069849 0.0000 0 0.0000 0  -24 8 7 2 -18 -18 -1 -27  0 0 1 0 0 0 0 12.11 
0.316 4 4.10 4.10 4.1 4.1 0.154 -0.005 1.3848 1.5446 1.0313 0.3118 0.0032 0.038867 -2.069851 0.0000 0 0.0000 0  -12 20 -6 -38 20 11 29 -8  0 0 1 0 0 0 0 12.11 
0.317 4 4.10 4.10 4.1 4.1 0.152 -0.004 1.5446 1.6065 0.3990 0.3132 0.0032 0.041458 -2.069855 0.0000 0 0.0000 0  7 -6 27 -23 33 18 -4 -18  0 0 1 0 0 0 0 12.10 
0.318 4 4.10 4.10 4.1 4.1 0.150 -0.004 1.5446 1.6065 0.3990 0.3148 0.0033 0.041458 -2.069855 0.0000 0 0.0000 0  55 -5 -26 -2 -9 -25 -4 -13  0 0 1 0 0 0 0 12.10 
0.319 4 4.10 4.10 4.1 4.1 0.146 -0.005 1.5446 1.6065 0.3990 0.3160 0.0033 0.041458 -2.069858 0.0000 0 0.0000 0  25 19 8 -12 23 -12 6 -13  0 0 1 0 0 0 0 12.10 
0.320 4 4.10 4.10 4.1 4.1 0.123 -0.004 1.4872 1.6065 0.7696 0.3176 0.0034 0.041458 -2.069861 0.0000 0 0.0000 0  45 21 12 -5 20 0 3 -42  0 0 1 0 0 0 0 12.08 
0.321 4 4.10 4.10 4.1 4.1 0.173 -0.004 1.4342 1.6065 1.1116 0.3190 0.0035 0.044049 -2.069870 0.0000 0 0.0000 0  38 -15 -2 -35 -16 5 -24 -37  0 0 1 0 0 0 0 12.10 
0.322 4 4.10 4.10 4.1 4.1 0.154 -0.002 1.5446 1.6065 0.3990 0.3206 0.0035 0.044049 -2.069884 0.0000 0 0.0000 0  -14 2 -22 -22 12 -29 -27 -44  0 0 1 0 0 0 0 12.10 
0.323 4 4.10 4.10 4.1 4.1 0.162 -0.001 1.4872 1.5446 0.3705 0.3220 0.0036 0.041458 -2.069891 0.0000 0 0.0000 0  -32 26 25 -17 -12 -16 20 -1  0 0 1 0 0 0 0 12.10 
0.324 4 4.10 4.10 4.1 4.1 0.186 -0.003 1.5446 1.5446 0.0000 0.3235 0.0037 0.044049 -2.069889 0.0000 0 0.0000 0  45 55 6 -44 34 8 16 1  0 0 1 0 0 0 0 12.10 
0.325 4 4.10 4.10 4.1 4.1 0.215 -0.003 1.5446 1.5446 0.0000 0.3251 0.0037 0.044049 -2.069881 0.0000 0 0.0000 0  4 5 -35 -15 10 1 -26 -24  0 0 1 0 0 0 0 12.10 
0.326 4 4.10 4.10 4.1 4.1 0.188 -0.002 1.4872 1.5446 0.3705 0.3265 0.0038 0.041458 -2.069872 0.0000 0 0.0000 0  -16 8 24 -29 -30 -1 6 -10  0 0 1 0 0 0 0 12.10 
0.327 4 4.10 4.10 4.1 4.1 0.168 -0.006 1.4872 1.6732 1.1997 0.3279 0.0038 0.044049 -2.069867 0.0000 0 0.0000 0  7 15 -29 -40 23 28 21 4  0 0 1 0 0 0 0 12.11 
0.328 4 4.10 4.10 4.1 4.1 0.169 -0.004 1.4872 1.6065 0.7696 0.3295 0.0039 0.044049 -2.069862 0.0000 0 0.0000 0  -10 57 -5 -27 11 5 2 -9  0 0 1 0 0 0 0 12.10 
0.329 4 4.10 4.10 4.1 4.1 0.147 -0.004 1.4872 1.6065 0.7696 0.3309 0.0040 0.046640 -2.069850 0.0000 0 0.0000 0  6 24 -20 6 7 -5 -11 -20  0 0 1 0 0 0 0 12.10 
0.330 4 4.10 4.10 4.1 4.1 0.169 -0.005 1.4872 1.6065 0.7696 0.3325 0.0041 0.046640 -2.069833 0.0000 0 0.0000 0  -12 -14 -16 -1 -8 -49 14 7  0 0 1 0 0 0 0 12.11 
0.331 4 4.10 4.10 4.1 4.1 0.136 -0.004 1.4872 1.6065 0.7696 0.3339 0.0041 0.044049 -2.069828 0.0000 0 0.0000 0  23 17 16 -19 30 -5 -6 5  0 0 1 0 0 0 0 12.08 
0.332 4 4.10 4.10 4.1 4.1 0.173 -0.004 1.5446 1.5446 0.0000 0.3353 0.0042 0.046640 -2.069829 0.0000 0 0.0000 0  32 18 20 -6 13 45 35 -21  0 0 1 0 0 0 0 12.10 
0.333 4 4.10 4.10 4.1 4.1 0.139 -0.003 1.5446 1.6065 0.3990 0.3369 0.0043 0.046640 -2.069833 0.0000 0 0.0000 0  -15 -2 -1 -55 -7 22 37 -15  0 0 1 0 0 0 0 12.09 
0.334 4 4.10 4.10 4.1 4.1 0.158 -0.004 1.5446 1.6065 0.3990 0.3381 0.0043 0.046640 -2.069844 0.0000 0 0.0000 0  32 -25 -20 -67 4 -37 -12 -9  0 0 1 0 0 0 0 12.09 
0.335 4 4.10 4.10 4.1 4.1 0.160 -0.008 1.5446 1.6065 0.3990 0.3397 0.0044 0.046640 -2.069856 0.0000 0 0.0000 0  9 34 -1 1 22 17 15 -18  0 0 1 0 0 0 0 12.10 
0.336 4 4.10 4.10 4.1 4.1 0.181 -0.006 1.4342 1.6065 1.1116 0.3413 0.0045 0.046640 -2.069872 0.0000 0 0.0000 0  0 -6 -16 -44 -29 -20 -1 0  0 0 1 0 0 0 0 12.10 
0.337 4 4.10 4.10 4.1 4.1 0.146 -0.006 1.5446 1.6065 0.3990 0.3427 0.0045 0.049231 -2.069884 0.0000 0 0.0000 0  22 41 29 -4 20 -23 26 9  0 0 1 0 0 0 0 12.10 
0.338 4 4.10 4.10 4.1 4.1 0.152 -0.003 1.4872 1.5446 0.3705 0.3441 0.0046 0.046640 -2.069887 0.0000 0 0.0000 0  -18 -5 -2 -29 27 37 39 20  0 0 1 0 0 0 0 12.09 
0.339 4 4.10 4.10 4.1 4.1 0.189 -0.003 1.4872 1.6065 0.7696 0.3457 0.0047 0.046640 -2.069882 0.0000 0 0.0000 0  8 -7 -19 -31 23 2 22 5  0 0 1 0 0 0 0 12.11 
0.340 4 4.10 4.10 4.1 4.1 0.165 -0.005 1.4872 1.6065 0.7696 0.3471 0.0047 0.049231 -2.069869 0.0000 0 0.0000 0  -27 11 -2 -9 -17 7 -3 8  0 0 1 0 0 0 0 12.10 
0.341 4 4.10 4.10 4.1 4.1 0.188 -0.003 1.4872 1.6065 0.7696 0.3487 0.0048 0.049231 -2.069852 0.0000 0 0.0000 0  -22 22 -18 -11 -1 -8 39 -2  0 0 1 0 0 0 0 12.11 
0.342 4 4.10 4.10 4.1 4.1 0.154 -0.002 1.4872 1.6065 0.7696 0.3499 0.0049 0.049231 -2.069834 0.0000 0 0.0000 0  -9 34 -8 -44 42 46 42 -3  0 0 1 0 0 0 0 12.09 
0.343 4 4.10 4.10 4.1 4.1 0.184 -0.002 1.4872 1.6065 0.7696 0.3515 0.0050 0.049231 -2.069817 0.0000 0 0.0000 0  2 -2 18 -28 26 -33 3 -17  0 0 1 0 0 0 0 12.09 
0.344 4 4.10 4.10 4.1 4.1 0.186 -0.004 1.4872 1.6065 0.7696 0.3531 0.0050 0.049231 -2.069804 0.0000 0 0.0000 0  -27 -8 8 -44 -3 -22 54 -4  0 0 1 0 0 0 0 12.10 
0.345 4 4.10 4.10 4.1 4.1 0.196 -0.002 1.4872 1.6065 0.7696 0.3545 0.0051 0.051822 -2.069800 0.0000 0 0.0000 0  32 -3 -40 -23 8 -8 -10 15  0 0 1 0 0 0 0 12.10 
0.346 4 4.10 4.10 4.1 4.1 0.184 -0.002 1.4872 1.6065 0.7696 0.3559 0.0052 0.049231 -2.069800 0.0000 0 0.0000 0  32 14 -21 -35 5 -2 22 21  0 0 1 0 0 0 0 12.10 
0.347 4 4.10 4.10 4.1 4.1 0.158 -0.001 1.4872 1.6065 0.7696 0.3574 0.0053 0.051822 -2.069800 0.0000 0 0.0000 0  -25 -12 28 -5 49 7 -1 -11  0 0 1 0 0 0 0 12.10 
0.348 4 4.10 4.10 4.1 4.1 0.165 -0.005 1.4872 1.6065 0.7696 0.3590 0.0053 0.051822 -2.069801 0.0000 0 0.0000 0  2 40 -37 -21 40 0 22 -1  0 0 1 0 0 0 0 12.10 
0.349 4 4.10 4.10 4.1 4.1 0.169 -0.004 1.4872 1.6065 0.7696 0.3606 0.0054 0.051822 -2.069810 0.0000 0 0.0000 0  15 14 21 -59 43 -16 25 -22  0 0 1 0 0 0 0 12.11 
0.350 4 4.10 4.10 4.1 4.1 0.168 -0.004 1.5446 1.6065 0.3990 0.3618 0.0055 0.051822 -2.069827 0.0000 0 0.0000 0  -5 3 19 -7 40 16 -12 -17  0 0 1 0 0 0 0 12.11 
0.351 4 4.10 4.10 4.1 4.1 0.171 -0.005 1.4872 1.6065 0.7696 0.3634 0.0056 0.051822 -2.069839 0.0000 0 0.0000 0  -5 50 -34 4 9 -9 13 -20  0 0 1 0 0 0 0 12.11 
0.352 4 4.10 4.10 4.1 4.1 0.188 -0.001 1.4872 1.6732 1.1997 0.3648 0.0056 0.054414 -2.069841 0.0000 0 0.0000 0  -24 -18 -46 -31 -1 -1 30 -34  0 0 1 0 0 0 0 12.10 
0.353 4 4.10 4.10 4.1 4.1 0.153 -0.003 1.5446 1.6065 0.3990 0.3664 0.0057 0.054414 -2.069838 0.0000 0 0.0000 0  -10 48 -2 -32 -8 -8 6 -3  0 0 1 0 0 0 0 12.10 
0.354 4 4.10 4.10 4.1 4.1 0.154 -0.004 1.4872 1.6065 0.7696 0.3678 0.0058 0.051822 -2.069829 0.0000 0 0.0000 0  -26 40 7 -13 13 14 -5 13  0 0 1 0 0 0 0 12.11 
0.355 4 4.10 4.10 4.1 4.1 0.129 -0.003 1.4872 1.6065 0.7696 0.3692 0.0059 0.054414 -2.069815 0.0000 0 0.0000 0  -14 49 -29 -11 -7 8 6 3  0 0 1 0 0 0 0 12.11 
0.356 4 4.10 4.10 4.1 4.1 0.138 -0.004 1.4872 1.5446 0.3705 0.3708 0.0060 0.054414 -2.069802 0.0000 0 0.0000 0  18 -4 -40 -16 7 -25 1 1  0 0 1 0 0 0 0 12.09 
0.357 4 4.10 4.10 4.1 4.1 0.154 -0.002 1.4872 1.3848 -0.6607 0.3722 0.0060 0.057005 -2.069797 0.0000 0 0.0000 0  -10 22 11 7 30 27 52 -28  0 0 1 0 0 0 0 12.09 
0.358 4 4.10 4.10 4.1 4.1 0.150 -0.002 1.4872 1.6065 0.7696 0.3736 0.0061 0.054414 -2.069796 0.0000 0 0.0000 0  -18 -6 -7 -3 9 24 -5 -38  0 0 1 0 0 0 0 12.10 
0.359 4 4.10 4.10 4.1 4.1 0.158 -0.006 1.4872 1.6065 0.7696 0.3752 0.0062 0.054414 -2.069797 0.0000 0 0.0000 0  20 6 12 -18 22 16 -21 23  0 0 1 0 0 0 0 12.10 
0.360 4 4.10 4.10 4.1 4.1 0.130 -0.003 1.4342 1.6732 1.5417 0.3766 0.0063 0.057005 -2.069797 0.0000 0 0.0000 0  -11 -5 -17 0 15 32 -8 11  0 0 1 0 0 0 0 12.10 
0.361 4 4.10 4.10 4.1 4.1 0.149 -0.004 1.4872 1.6732 1.1997 0.3782 0.0064 0.057005 -2.069796 0.0000 0 0.0000 0  -15 38 -1 -18 7 22 -3 5  0 0 1 0 0 0 0 12.10 
0.362 4 4.10 4.10 4.1 4.1 0.146 -0.002 1.3386 1.6065 1.7283 0.3794 0.0064 0.057005 -2.069796 0.0000 0 0.0000 0  -43 14 14 -11 10 -5 45 -6  0 0 1 0 0 0 0 12.11 
0.363 4 4.10 4.10 4.1 4.1 0.198 -0.003 1.5446 1.6065 0.3990 0.3810 0.0065 0.057005 -2.069798 0.0000 0 0.0000 0  -31 40 17 6 9 5 -7 8  0 0 1 0 0 0 0 12.10 
0.364 4 4.10 4.10 4.1 4.1 0.169 -0.003 1.6065 1.5446 -0.3990 0.3826 0.0066 0.057005 -2.069808 0.0000 0 0.0000 0  -18 9 -34 -51 7 0 -6 -23  0 0 1 0 0 0 0 12.10 
0.365 4 4.10 4.10 4.1 4.1 0.203 -0.003 1.5446 1.6065 0.3990 0.3840 0.0067 0.059596 -2.069812 0.0000 0 0.0000 0  10 -11 -5 8 23 15 0 15  0 0 1 0 0 0 0 12.09 
0.366 4 4.10 4.10 4.1 4.1 0.218 -0.004 1.5446 1.6065 0.3990 0.3854 0.0068 0.057005 -2.069809 0.0000 0 0.0000 0  -33 8 -4 -9 20 21 38 -21  0 0 1 0 0 0 0 12.10 
0.367 4 4.10 4.10 4.1 4.1 0.183 -0.003 1.4872 1.6065 0.7696 0.3870 0.0069 0.057005 -2.069804 0.0000 0 0.0000 0  32 52 -1 -21 22 -10 -20 4  0 0 1 0 0 0 0 12.10 
0.368 4 4.10 4.10 4.1 4.1 0.188 -0.003 1.4872 1.6065 0.7696 0.3884 0.0070 0.059596 -2.069800 0.0000 0 0.0000 0  -2 -22 31 -36 8 -3 -8 -52  0 0 1 0 0 0 0 12.11 
0.369 4 4.10 4.10 4.1 4.1 0.154 -0.002 1.5446 1.5446 0.0000 0.3898 0.0070 0.057005 -2.069799 0.0000 0 0.0000 0  27 -1 17 -26 7 31 11 -2  0 0 1 0 0 0 0 12.10 
0.370 4 4.10 4.10 4.1 4.1 0.207 -0.005 1.5446 1.6065 0.3990 0.3912 0.0071 0.059596 -2.069794 0.0000 0 0.0000 0  23 -5 4 -47 10 7 54 16  0 0 1 0 0 0 0 12.11 
