%% logfile from robot 21
%  1    time 0.000 sec
%  2    mission (0) state 2
%  3  4 Motor velocity ref left, right: 2.10 2.10
%  5  6 Motor voltage [V] left, right: 2.1 2.1
%  7  8 Motor current left, right [A]: 0.032 0.006
%  9 10 Wheel velocity [m/s] left, right: 0.0000 0.0000
% 11    Turnrate [r/s]: 0.0000
% 12 13 14 15 Pose x,y,h,tilt [m,m,rad,rad]: 0.0000 0.0000 0.000000 -1.977147
% 16 .. 35 Line sensor: left -4.180000 0, right 4.180000 0, values -8 -34 77 -21 36 24 -10 23, white 0, used 1, LEDhigh=1, xb=1 xw=0 xbc=20 xwc=0
% 35    Battery voltage [V]: 12.20
0.001 2 2.10 2.10 2.1 2.1 0.075 0.102 0.0000 0.0000 0.0000 0.0000 0.0000 0.000000 -1.977146 -4.1800 0 4.1800 0  9 -27 63 -66 -25 23 42 54  0 1 1 1 0 20 0 12.15 
0.002 2 2.10 2.10 2.1 2.1 0.289 0.290 0.0000 0.0000 0.0000 0.0000 0.0000 0.000000 -1.977146 -4.1800 0 4.1800 0  57 16 -34 34 39 19 -4 64  0 1 1 1 0 20 0 12.13 
0.003 2 2.10 2.10 2.1 2.1 0.432 0.468 0.0000 0.0000 0.0000 0.0000 0.0000 0.000000 -1.977147 -4.1800 0 4.1800 0  58 -12 78 -37 24 -24 4 16  0 1 1 1 0 20 0 12.11 
0.004 2 2.10 2.10 2.1 2.1 0.511 0.508 0.0000 0.0000 0.0000 0.0002 -0.0000 -0.002591 -1.977147 -4.1800 0 4.1800 0  42 75 55 20 17 6 -3 69  0 1 1 1 0 20 0 12.09 
0.005 2 2.10 2.10 2.1 2.1 0.517 0.524 0.0000 0.0000 0.0000 0.0002 -0.0000 -0.002591 -1.977145 -4.1800 0 4.1800 0  16 67 46 -34 58 -24 15 -5  0 1 1 1 0 20 0 12.09 
0.006 2 2.10 2.10 2.1 2.1 0.541 0.525 0.0000 0.0000 0.0000 0.0002 -0.0000 -0.002591 -1.977145 -4.1800 0 4.1800 0  28 1 62 -26 4 65 41 -27  0 1 1 1 0 20 0 12.09 
0.007 2 2.10 2.10 2.1 2.1 0.511 0.527 0.1201 0.0000 -0.7747 0.0006 -0.0000 -0.002591 -1.977148 -4.1800 0 4.1800 0  -24 44 -10 23 -14 13 20 54  0 1 1 1 0 20 0 12.11 
0.008 2 2.10 2.10 2.1 2.1 0.523 0.534 0.1201 0.0000 -0.7747 0.0006 -0.0000 -0.002591 -1.977150 -4.1800 0 4.1800 0  -9 65 15 3 18 48 -24 17  0 1 1 1 0 20 0 12.11 
0.009 2 2.10 2.10 2.1 2.1 0.494 0.451 0.2028 0.1743 -0.1840 0.0010 -0.0000 -0.002591 -1.977149 -4.1800 0 4.1800 0  -8 48 -1 9 14 8 22 19  0 1 1 1 0 20 0 12.11 
0.010 2 2.10 2.10 2.1 2.1 0.469 0.443 0.2028 0.1743 -0.1840 0.0010 -0.0000 -0.002591 -1.977150 -4.1800 0 4.1800 0  5 25 -18 -3 24 -14 -27 -2  0 1 1 1 0 20 0 12.11 
0.011 2 2.10 2.10 2.1 2.1 0.424 0.439 0.2434 0.2068 -0.2358 0.0014 -0.0000 -0.002591 -1.977150 -4.1800 0 4.1800 0  6 12 10 9 7 23 1 12  0 1 1 1 0 20 0 12.12 
0.012 2 2.10 2.10 2.1 2.1 0.426 0.402 0.2390 0.2068 -0.2073 0.0014 -0.0000 -0.002591 -1.977143 -4.1800 0 4.1800 0  26 15 -2 -7 40 38 18 49  0 1 1 1 0 20 0 12.12 
0.013 2 2.10 2.10 2.1 2.1 0.411 0.404 0.2362 0.2554 0.1244 0.0018 -0.0000 -0.002591 -1.977133 -4.1800 0 4.1800 0  28 53 -11 27 5 17 5 52  0 1 1 1 0 20 0 12.12 
0.014 2 2.10 2.10 2.1 2.1 0.368 0.405 0.3040 0.2554 -0.3135 0.0020 -0.0000 -0.005182 -1.977126 -4.1800 0 4.1800 0  -16 5 28 -32 -4 11 2 14  0 1 1 1 0 20 0 12.12 
0.015 2 2.10 2.10 2.1 2.1 0.337 0.373 0.2972 0.2390 -0.3757 0.0024 -0.0000 -0.005182 -1.977122 -4.1800 0 4.1800 0  26 16 3 9 36 25 25 -7  0 1 1 1 0 20 0 12.13 
0.016 2 2.10 2.10 2.1 2.1 0.366 0.361 0.3402 0.3213 -0.1218 0.0028 -0.0000 -0.005182 -1.977119 -4.1800 0 4.1800 0  52 8 -44 14 15 9 2 43  0 1 1 1 0 20 0 12.12 
0.017 2 2.10 2.10 2.1 2.1 0.339 0.365 0.3896 0.2996 -0.5804 0.0032 -0.0000 -0.005182 -1.977112 -4.1800 0 4.1800 0  5 6 -4 14 39 49 7 20  0 1 1 1 0 20 0 12.13 
0.018 2 2.10 2.10 2.1 2.1 0.333 0.367 0.3787 0.3683 -0.0674 0.0036 -0.0000 -0.005182 -1.977103 -4.1800 0 4.1800 0  13 33 22 51 54 -28 58 32  0 1 1 1 0 20 0 12.13 
0.019 2 2.10 2.10 2.1 2.1 0.315 0.322 0.3860 0.3374 -0.3135 0.0038 -0.0000 -0.007773 -1.977098 -4.1800 0 4.1800 0  6 32 38 13 8 18 16 -26  0 1 1 1 0 20 0 12.13 
0.020 2 2.10 2.10 2.1 2.1 0.325 0.315 0.3976 0.3237 -0.4768 0.0042 -0.0000 -0.007773 -1.977100 -4.1800 0 4.1800 0  40 18 55 -10 23 18 9 33  0 1 1 1 0 20 0 12.13 
0.021 2 2.10 2.10 2.1 2.1 0.336 0.319 0.3976 0.4016 0.0259 0.0044 -0.0000 -0.005182 -1.977107 -4.1800 0 4.1800 0  26 41 23 0 32 52 2 40  0 1 1 1 0 20 0 12.14 
0.022 2 2.10 2.10 2.1 2.1 0.337 0.265 0.4137 0.3683 -0.2928 0.0050 -0.0000 -0.007773 -1.977111 -4.1800 0 4.1800 0  20 16 67 28 25 61 29 -9  0 1 1 1 0 20 0 12.13 
0.023 2 2.10 2.10 2.1 2.1 0.344 0.326 0.4225 0.3976 -0.1606 0.0054 -0.0000 -0.007773 -1.977117 -4.1800 0 4.1800 0  53 18 -8 28 31 -2 -32 9  0 1 1 1 0 20 0 12.14 
0.024 2 2.10 2.10 2.1 2.1 0.340 0.257 0.4410 0.3550 -0.5545 0.0058 -0.0000 -0.007773 -1.977126 -4.1800 0 4.1800 0  13 23 -17 -29 49 34 -23 -2  0 1 1 1 0 20 0 12.14 
0.025 2 2.10 2.10 2.1 2.1 0.306 0.276 0.4410 0.4016 -0.2539 0.0062 -0.0000 -0.007773 -1.977132 -4.1800 0 4.1800 0  15 3 -7 25 -7 -13 0 -23  0 1 1 1 0 20 0 12.13 
0.026 2 2.10 2.10 2.1 2.1 0.253 0.275 0.4562 0.4510 -0.0337 0.0068 -0.0000 -0.005182 -1.977135 -4.1800 0 4.1800 0  -4 40 -20 4 19 44 -18 20  0 1 1 1 0 20 0 12.14 
0.027 2 2.10 2.10 2.1 2.1 0.298 0.310 0.4615 0.4016 -0.3861 0.0072 -0.0000 -0.005182 -1.977131 -4.1800 0 4.1800 0  -18 5 46 -7 3 78 0 -18  0 1 1 1 0 20 0 12.14 
0.028 2 2.10 2.10 2.1 2.1 0.264 0.302 0.4779 0.4510 -0.1736 0.0076 -0.0000 -0.005182 -1.977129 -4.1800 0 4.1800 0  -28 62 11 -11 6 -14 24 -12  0 1 1 1 0 20 0 12.14 
0.029 2 2.10 2.10 2.1 2.1 0.281 0.285 0.4896 0.4615 -0.1814 0.0082 -0.0000 -0.007773 -1.977136 -4.1800 0 4.1800 0  11 -32 -33 -16 25 16 -45 -9  0 1 1 1 0 20 0 12.13 
0.030 2 2.10 2.10 2.1 2.1 0.250 0.284 0.5020 0.4896 -0.0803 0.0086 -0.0000 -0.007773 -1.977141 -4.1800 0 4.1800 0  27 98 20 51 -6 19 8 53  0 1 1 1 0 20 0 12.13 
0.031 2 2.10 2.10 2.1 2.1 0.230 0.234 0.5149 0.4956 -0.1244 0.0092 -0.0001 -0.005182 -1.977139 -4.1800 0 4.1800 0  -8 27 39 12 70 -9 46 -24  0 1 1 1 0 20 0 12.15 
0.032 2 2.10 2.10 2.1 2.1 0.235 0.207 0.4896 0.5020 0.0803 0.0096 -0.0001 -0.005182 -1.977136 -4.1800 0 4.1800 0  45 30 34 21 50 16 34 -34  0 1 1 1 0 20 0 12.15 
0.033 2 2.10 2.10 2.1 2.1 0.258 0.245 0.5020 0.5281 0.1684 0.0102 -0.0001 -0.007773 -1.977134 -4.1800 0 4.1800 0  9 -14 24 7 -52 32 -27 1  0 1 1 1 0 20 0 12.14 
0.034 2 2.10 2.10 2.1 2.1 0.208 0.248 0.5281 0.4723 -0.3602 0.0106 -0.0001 -0.007773 -1.977129 -4.1800 0 4.1800 0  27 43 63 -25 20 8 20 6  0 1 1 1 0 20 0 12.14 
0.035 2 2.10 2.10 2.1 2.1 0.226 0.236 0.5575 0.5354 -0.1425 0.0114 -0.0001 -0.007773 -1.977123 -4.1800 0 4.1800 0  26 16 -15 8 43 44 0 36  0 1 1 1 0 20 0 12.14 
0.036 2 2.10 2.10 2.1 2.1 0.291 0.211 0.5354 0.5575 0.1425 0.0118 -0.0001 -0.007773 -1.977123 -4.1800 0 4.1800 0  -8 51 40 -7 -10 79 15 -8  0 1 1 1 0 20 0 12.14 
0.037 2 2.10 2.10 2.1 2.1 0.253 0.194 0.5498 0.4956 -0.3498 0.0122 -0.0001 -0.007773 -1.977130 -4.1800 0 4.1800 0  42 7 49 19 3 -20 -7 -33  0 1 1 1 0 20 0 12.16 
0.038 2 2.10 2.10 2.1 2.1 0.226 0.200 0.5655 0.5213 -0.2850 0.0131 -0.0001 -0.007773 -1.977133 -4.1800 0 4.1800 0  37 57 -3 24 9 22 6 11  0 1 1 1 0 20 0 12.15 
0.039 2 2.10 2.10 2.1 2.1 0.249 0.192 0.5498 0.5655 0.1011 0.0135 -0.0001 -0.007773 -1.977133 -4.1800 0 4.1800 0  20 20 54 -34 29 -13 13 45  0 1 1 1 0 20 0 12.14 
0.040 2 2.10 2.10 2.1 2.1 0.204 0.225 0.5735 0.5498 -0.1529 0.0141 -0.0001 -0.005182 -1.977134 -4.1800 0 4.1800 0  -10 28 -9 55 35 33 21 -9  0 1 1 1 0 20 0 12.14 
0.041 2 2.10 2.10 2.1 2.1 0.185 0.211 0.5904 0.5820 -0.0544 0.0147 -0.0001 -0.007773 -1.977136 -4.1800 0 4.1800 0  28 44 -1 8 -22 46 40 26  0 1 1 1 0 20 0 12.16 
0.042 2 2.10 2.10 2.1 2.1 0.194 0.192 0.5820 0.6085 0.1710 0.0151 -0.0001 -0.007773 -1.977142 -4.1800 0 4.1800 0  55 -7 23 -18 88 10 7 26  0 1 1 1 0 20 0 12.15 
0.043 2 2.10 2.10 2.1 2.1 0.196 0.162 0.5820 0.5904 0.0544 0.0159 -0.0001 -0.007773 -1.977149 -4.1800 0 4.1800 0  37 73 2 -21 41 29 27 25  0 1 1 1 0 20 0 12.15 
0.044 2 2.10 2.10 2.1 2.1 0.165 0.165 0.5992 0.5354 -0.4120 0.0163 -0.0001 -0.007773 -1.977152 -4.1800 0 4.1800 0  -15 59 23 -16 18 41 9 -43  0 1 1 1 0 20 0 12.15 
0.045 2 2.10 2.10 2.1 2.1 0.156 0.140 0.6177 0.5820 -0.2306 0.0171 -0.0001 -0.007773 -1.977154 -4.1800 0 4.1800 0  63 64 2 18 46 41 19 30  0 1 1 1 0 20 0 12.15 
0.046 2 2.10 2.10 2.1 2.1 0.199 0.139 0.5820 0.6177 0.2306 0.0175 -0.0001 -0.007773 -1.977155 -4.1800 0 4.1800 0  30 -14 3 14 23 12 18 39  0 1 1 1 0 20 0 12.14 
0.047 2 2.10 2.10 2.1 2.1 0.165 0.143 0.6374 0.6177 -0.1270 0.0183 -0.0001 -0.007773 -1.977155 -4.1800 0 4.1800 0  67 3 3 -7 72 -25 53 4  0 1 1 1 0 20 0 12.15 
0.048 2 2.10 2.10 2.1 2.1 0.215 0.175 0.6273 0.5904 -0.2384 0.0187 -0.0001 -0.007773 -1.977150 -4.1800 0 4.1800 0  20 19 -2 24 20 -1 -3 0  0 1 1 1 0 20 0 12.15 
0.049 2 2.10 2.10 2.1 2.1 0.186 0.137 0.6273 0.6177 -0.0622 0.0195 -0.0001 -0.007773 -1.977141 -4.1800 0 4.1800 0  30 17 0 0 51 24 63 -10  0 1 1 1 0 20 0 12.14 
0.050 2 2.10 2.10 2.1 2.1 0.139 0.143 0.6474 0.6474 0.0000 0.0201 -0.0001 -0.010364 -1.977132 -4.1800 0 4.1800 0  13 -23 -6 11 18 42 -46 -12  0 1 1 1 0 20 0 12.15 
0.051 2 2.10 2.10 2.1 2.1 0.191 0.228 0.5992 0.6273 0.1814 0.0207 -0.0001 -0.007773 -1.977127 -4.1800 0 4.1800 0  53 75 8 1 5 73 37 -24  0 1 1 1 0 20 0 12.15 
0.052 2 2.10 2.10 2.1 2.1 0.173 0.182 0.6177 0.6374 0.1270 0.0213 -0.0001 -0.010364 -1.977120 -4.1800 0 4.1800 0  -12 37 67 -3 62 28 2 59  0 1 1 1 0 20 0 12.15 
0.053 2 2.10 2.10 2.1 2.1 0.194 0.140 0.6374 0.6085 -0.1866 0.0219 -0.0001 -0.007773 -1.977117 -4.1800 0 4.1800 0  31 22 54 -22 65 -17 -15 18  0 1 1 1 0 20 0 12.15 
0.054 2 2.10 2.10 2.1 2.1 0.173 0.163 0.6691 0.6474 -0.1399 0.0225 -0.0002 -0.010364 -1.977114 -4.1800 0 4.1800 0  13 34 22 -36 38 20 24 33  0 1 1 1 0 20 0 12.16 
0.055 2 2.10 2.10 2.1 2.1 0.131 0.139 0.6691 0.6583 -0.0700 0.0233 -0.0002 -0.010364 -1.977109 -4.1800 0 4.1800 0  19 55 -41 15 45 37 -65 26  0 1 1 1 0 20 0 12.15 
0.056 2 2.10 2.10 2.1 2.1 0.119 0.163 0.6374 0.6474 0.0648 0.0239 -0.0002 -0.007773 -1.977107 -4.1800 0 4.1800 0  -11 1 47 5 56 12 -12 12  0 1 1 1 0 20 0 12.15 
0.057 2 2.10 2.10 2.1 2.1 0.182 0.143 0.6583 0.6374 -0.1347 0.0245 -0.0002 -0.010364 -1.977105 -4.1800 0 4.1800 0  28 4 66 -28 21 49 27 -60  0 1 1 1 0 20 0 12.15 
0.058 2 2.10 2.10 2.1 2.1 0.188 0.129 0.6474 0.6177 -0.1917 0.0251 -0.0002 -0.007773 -1.977104 -4.1800 0 4.1800 0  33 68 8 20 20 37 42 -23  0 1 1 1 0 20 0 12.16 
0.059 2 2.10 2.10 2.1 2.1 0.153 0.137 0.6691 0.6583 -0.0700 0.0257 -0.0002 -0.010364 -1.977105 -4.1800 0 4.1800 0  22 30 32 12 -6 19 42 44  0 1 1 1 0 20 0 12.16 
0.060 2 2.10 2.10 2.1 2.1 0.164 0.135 0.6804 0.6804 0.0000 0.0265 -0.0002 -0.010364 -1.977107 -4.1800 0 4.1800 0  -6 11 47 -27 29 11 8 27  0 1 1 1 0 20 0 12.16 
0.061 2 2.10 2.10 2.1 2.1 0.145 0.164 0.6583 0.6691 0.0700 0.0271 -0.0002 -0.007773 -1.977108 -4.1800 0 4.1800 0  23 35 6 28 53 10 11 3  0 1 1 1 0 20 0 12.16 
0.062 2 2.10 2.10 2.1 2.1 0.150 0.130 0.6804 0.6691 -0.0726 0.0277 -0.0002 -0.010364 -1.977107 -4.1800 0 4.1800 0  -2 14 34 19 7 -5 32 -32  0 1 1 1 0 20 0 12.16 
0.063 2 2.10 2.10 2.1 2.1 0.162 0.133 0.6474 0.6374 -0.0648 0.0285 -0.0002 -0.010364 -1.977109 -4.1800 0 4.1800 0  -3 28 30 18 63 36 -42 32  0 1 1 1 0 20 0 12.16 
0.064 2 2.10 2.10 2.1 2.1 0.109 0.090 0.6691 0.6804 0.0726 0.0291 -0.0002 -0.007773 -1.977107 -4.1800 0 4.1800 0  -10 27 -22 23 43 14 -16 30  0 1 1 1 0 20 0 12.15 
0.065 2 2.10 2.10 2.1 2.1 0.124 0.093 0.6804 0.7044 0.1555 0.0297 -0.0002 -0.010364 -1.977103 -4.1800 0 4.1800 0  79 28 26 6 30 47 21 -7  0 1 1 1 0 20 0 12.15 
0.066 2 2.10 2.10 2.1 2.1 0.141 0.137 0.7044 0.6691 -0.2280 0.0305 -0.0002 -0.010364 -1.977100 -4.1800 0 4.1800 0  -22 30 -7 6 62 10 -41 3  0 1 1 1 0 20 0 12.15 
0.067 2 2.10 2.10 2.1 2.1 0.135 0.165 0.6804 0.7169 0.2358 0.0313 -0.0002 -0.010364 -1.977094 -4.1800 0 4.1800 0  18 60 45 31 50 36 17 -20  0 1 1 1 0 20 0 12.15 
0.068 2 2.10 2.10 2.1 2.1 0.134 0.133 0.6691 0.6273 -0.2695 0.0317 -0.0002 -0.010364 -1.977088 -4.1800 0 4.1800 0  5 -30 47 -4 64 -11 62 4  0 1 1 1 0 20 0 12.15 
0.069 2 2.10 2.10 2.1 2.1 0.159 0.107 0.6691 0.6474 -0.1399 0.0325 -0.0003 -0.010364 -1.977079 -4.1800 0 4.1800 0  33 67 18 -6 60 52 -3 78  0 1 1 1 0 20 0 12.16 
0.070 2 2.10 2.10 2.1 2.1 0.142 0.154 0.6804 0.6691 -0.0726 0.0333 -0.0003 -0.010364 -1.977072 -4.1800 0 4.1800 0  -24 95 -8 -28 16 44 30 -26  0 1 1 1 0 20 0 12.15 
0.071 2 2.10 2.10 2.1 2.1 0.112 0.141 0.6924 0.7169 0.1581 0.0337 -0.0003 -0.010364 -1.977070 -4.1800 0 4.1800 0  -16 39 69 -1 36 60 6 -12  0 1 1 1 0 20 0 12.15 
0.072 2 2.10 2.10 2.1 2.1 0.147 0.144 0.7044 0.7302 0.1658 0.0345 -0.0003 -0.010364 -1.977073 -4.1800 0 4.1800 0  66 31 22 38 26 30 15 1  0 1 1 1 0 20 0 12.15 
0.073 2 2.10 2.10 2.1 2.1 0.118 0.108 0.6924 0.7044 0.0777 0.0353 -0.0003 -0.010364 -1.977075 -4.1800 0 4.1800 0  67 84 30 48 89 24 -68 64  0 1 1 1 0 20 0 12.17 
0.074 2 2.10 2.10 2.1 2.1 0.102 0.085 0.7044 0.6273 -0.4975 0.0357 -0.0003 -0.010364 -1.977073 -4.1800 0 4.1800 0  59 21 -7 30 8 -49 -33 47  0 1 1 1 0 20 0 12.16 
0.075 2 2.10 2.10 2.1 2.1 0.149 0.110 0.6691 0.6804 0.0726 0.0365 -0.0003 -0.010364 -1.977069 -4.1800 0 4.1800 0  35 62 10 -13 27 87 2 1  0 1 1 1 0 20 0 12.16 
0.076 2 2.10 2.10 2.1 2.1 0.143 0.108 0.7302 0.6691 -0.3939 0.0373 -0.0003 -0.010364 -1.977070 -4.1800 0 4.1800 0  47 49 26 9 50 -26 -48 43  0 1 1 1 0 20 0 12.15 
0.077 2 2.10 2.10 2.1 2.1 0.143 0.114 0.6804 0.6804 0.0000 0.0382 -0.0003 -0.010364 -1.977075 -4.1800 0 4.1800 0  70 80 16 33 17 42 26 -16  0 1 1 1 0 20 0 12.15 
0.078 2 2.10 2.10 2.1 2.1 0.153 0.087 0.7044 0.7169 0.0803 0.0386 -0.0003 -0.010364 -1.977076 -4.1800 0 4.1800 0  14 50 18 -30 23 50 1 -49  0 1 1 1 0 20 0 12.16 
0.079 2 2.10 2.10 2.1 2.1 0.143 0.098 0.7302 0.7302 0.0000 0.0394 -0.0003 -0.010364 -1.977076 -4.1800 0 4.1800 0  -6 32 11 -17 40 -8 61 44  0 1 1 1 0 20 0 12.15 
0.080 2 2.10 2.10 2.1 2.1 0.142 0.127 0.6924 0.7044 0.0777 0.0402 -0.0003 -0.010364 -1.977072 -4.1800 0 4.1800 0  19 3 68 4 36 6 1 18  0 1 1 1 0 20 0 12.16 
0.081 2 2.10 2.10 2.1 2.1 0.122 0.111 0.6804 0.7434 0.4068 0.0408 -0.0003 -0.007773 -1.977067 -4.1800 0 4.1800 0  48 19 30 10 84 10 -30 57  0 1 1 1 0 20 0 12.16 
0.082 2 2.10 2.10 2.1 2.1 0.176 0.077 0.7434 0.6804 -0.4068 0.0414 -0.0003 -0.010364 -1.977063 -4.1800 0 4.1800 0  28 -53 20 -38 9 9 -12 36  0 1 1 1 0 20 0 12.17 
0.083 2 2.10 2.10 2.1 2.1 0.131 0.089 0.7302 0.6924 -0.2436 0.0422 -0.0004 -0.010364 -1.977056 -4.1800 0 4.1800 0  25 23 56 2 55 20 -31 2  0 1 1 1 0 20 0 12.16 
0.084 2 2.10 2.10 2.1 2.1 0.098 0.087 0.6924 0.6804 -0.0777 0.0430 -0.0004 -0.010364 -1.977051 -4.1800 0 4.1800 0  51 -21 -13 70 43 -15 -33 23  0 1 1 1 0 20 0 12.16 
0.085 2 2.10 2.10 2.1 2.1 0.165 0.110 0.7044 0.7044 0.0000 0.0438 -0.0004 -0.010364 -1.977049 -4.1800 0 4.1800 0  -20 42 -16 -33 26 45 18 3  0 1 1 1 0 20 0 12.15 
0.086 2 2.10 2.10 2.1 2.1 0.113 0.116 0.7169 0.7434 0.1710 0.0442 -0.0004 -0.010364 -1.977051 -4.1800 0 4.1800 0  68 -8 21 9 -25 54 6 -18  0 1 1 1 0 20 0 12.15 
0.087 2 2.10 2.10 2.1 2.1 0.137 0.066 0.7169 0.7169 0.0000 0.0450 -0.0004 -0.010364 -1.977054 -4.1800 0 4.1800 0  26 52 -1 5 16 11 -29 17  0 1 1 1 0 20 0 12.16 
0.088 2 2.10 2.10 2.1 2.1 0.104 0.077 0.7302 0.7434 0.0855 0.0458 -0.0004 -0.010364 -1.977056 -4.1800 0 4.1800 0  20 91 58 7 40 -7 -51 30  0 1 1 1 0 20 0 12.15 
0.089 2 2.10 2.10 2.1 2.1 0.128 0.135 0.7169 0.7302 0.0855 0.0466 -0.0004 -0.010364 -1.977055 -4.1800 0 4.1800 0  14 25 68 -18 41 -16 -16 33  0 1 1 1 0 20 0 12.17 
0.090 2 2.10 2.10 2.1 2.1 0.126 0.112 0.7302 0.7169 -0.0855 0.0472 -0.0004 -0.007773 -1.977054 -4.1800 0 4.1800 0  64 20 -7 10 18 41 -36 7  0 1 1 1 0 20 0 12.16 
0.091 2 2.10 2.10 2.1 2.1 0.089 0.070 0.6924 0.6804 -0.0777 0.0478 -0.0004 -0.010364 -1.977056 -4.1800 0 4.1800 0  81 -9 14 0 4 5 -9 16  0 1 1 1 0 20 0 12.17 
0.092 2 2.10 2.10 2.1 2.1 0.089 0.101 0.7044 0.7169 0.0803 0.0486 -0.0004 -0.010364 -1.977058 -4.1800 0 4.1800 0  27 68 40 6 18 21 -1 39  0 1 1 1 0 20 0 12.17 
0.093 2 2.10 2.10 2.1 2.1 0.113 0.082 0.7302 0.6691 -0.3939 0.0494 -0.0004 -0.010364 -1.977060 -4.1800 0 4.1800 0  -36 55 -10 -5 22 0 36 34  0 1 1 1 0 20 0 12.16 
0.094 2 2.10 2.10 2.1 2.1 0.144 0.100 0.6924 0.7434 0.3291 0.0500 -0.0004 -0.007773 -1.977058 -4.1800 0 4.1800 0  35 61 7 -15 39 12 62 34  0 1 1 1 0 20 0 12.17 
0.095 2 2.10 2.10 2.1 2.1 0.124 0.072 0.7169 0.7575 0.2617 0.0506 -0.0004 -0.010364 -1.977057 -4.1800 0 4.1800 0  32 53 33 -4 56 33 -14 10  0 1 1 1 0 20 0 12.16 
0.096 2 2.10 2.10 2.1 2.1 0.146 0.082 0.7169 0.7169 0.0000 0.0514 -0.0004 -0.010364 -1.977060 -4.1800 0 4.1800 0  22 81 2 -9 64 25 68 34  0 1 1 1 0 20 0 12.16 
0.097 2 2.10 2.10 2.1 2.1 0.084 0.095 0.7169 0.7434 0.1710 0.0522 -0.0005 -0.010364 -1.977061 -4.1800 0 4.1800 0  34 11 42 19 28 -3 45 -10  0 1 1 1 0 20 0 12.16 
0.098 2 2.10 2.10 2.1 2.1 0.119 0.133 0.7302 0.7575 0.1762 0.0530 -0.0005 -0.010364 -1.977061 -4.1800 0 4.1800 0  23 66 35 -3 27 9 -8 53  0 1 1 1 0 20 0 12.17 
0.099 2 2.10 2.10 2.1 2.1 0.127 0.138 0.7169 0.7723 0.3576 0.0536 -0.0005 -0.007773 -1.977060 -4.1800 0 4.1800 0  -15 -8 39 13 88 1 18 38  0 1 1 1 0 20 0 12.16 
0.100 2 2.10 2.10 2.1 2.1 0.121 0.101 0.7044 0.7044 0.0000 0.0542 -0.0005 -0.010364 -1.977062 -4.1800 0 4.1800 0  5 -33 63 -3 -12 19 26 -30  0 1 1 1 0 20 0 12.16 
0.101 2 2.10 2.10 2.1 2.1 0.094 0.071 0.7302 0.6583 -0.4638 0.0550 -0.0005 -0.010364 -1.977068 -4.1800 0 4.1800 0  -23 55 -21 7 66 1 -16 48  0 1 1 1 0 20 0 12.16 
0.102 2 2.10 2.10 2.1 2.1 0.119 0.080 0.6924 0.7169 0.1581 0.0558 -0.0005 -0.010364 -1.977069 -4.1800 0 4.1800 0  -1 31 48 -46 10 63 39 13  0 1 1 1 0 20 0 12.16 
0.103 2 2.10 2.10 2.1 2.1 0.166 0.079 0.7575 0.7044 -0.3420 0.0566 -0.0005 -0.010364 -1.977066 -4.1800 0 4.1800 0  12 -6 -13 17 53 8 -22 7  0 1 1 1 0 20 0 12.16 
0.104 2 2.10 2.10 2.1 2.1 0.150 0.096 0.7575 0.7434 -0.0907 0.0570 -0.0005 -0.010364 -1.977060 -4.1800 0 4.1800 0  53 -28 31 44 0 17 18 28  0 1 1 1 0 20 0 12.17 
0.105 2 2.10 2.10 2.1 2.1 0.148 0.088 0.7302 0.7434 0.0855 0.0578 -0.0005 -0.010364 -1.977051 -4.1800 0 4.1800 0  -25 -56 45 16 58 -28 -1 45  0 1 1 1 0 20 0 12.16 
0.106 2 2.10 2.10 2.1 2.1 0.153 0.047 0.7575 0.7575 0.0000 0.0586 -0.0005 -0.010364 -1.977050 -4.1800 0 4.1800 0  26 34 -19 -1 64 27 -5 79  0 1 1 1 0 20 0 12.16 
0.107 2 2.10 2.10 2.1 2.1 0.138 0.127 0.7169 0.7302 0.0855 0.0594 -0.0005 -0.010364 -1.977056 -4.1800 0 4.1800 0  74 57 13 7 -11 10 23 -12  0 1 1 1 0 20 0 12.15 
0.108 2 2.10 2.10 2.1 2.1 0.154 0.119 0.7044 0.7723 0.4379 0.0600 -0.0005 -0.007773 -1.977058 -4.1800 0 4.1800 0  20 61 19 -32 26 12 -33 49  0 1 1 1 0 20 0 12.16 
0.109 2 2.10 2.10 2.1 2.1 0.116 0.060 0.7723 0.7575 -0.0959 0.0608 -0.0005 -0.007773 -1.977060 -4.1800 0 4.1800 0  -42 58 4 -15 43 4 -13 11  0 1 1 1 0 20 0 12.16 
0.110 2 2.10 2.10 2.1 2.1 0.078 0.078 0.7575 0.7169 -0.2617 0.0614 -0.0005 -0.010364 -1.977067 -4.1800 0 4.1800 0  10 45 12 -22 -17 67 -7 -15  0 1 1 1 0 20 0 12.16 
0.111 2 2.10 2.10 2.1 2.1 0.098 0.080 0.7169 0.7169 0.0000 0.0622 -0.0006 -0.010364 -1.977074 -4.1800 0 4.1800 0  44 10 -17 4 29 14 -15 23  0 1 1 1 0 20 0 12.15 
0.112 2 2.10 2.10 2.1 2.1 0.214 0.113 0.7302 0.7302 0.0000 0.0631 -0.0006 -0.010364 -1.977074 -4.1800 0 4.1800 0  20 58 45 16 -5 41 10 69  0 1 1 1 0 20 0 12.15 
0.113 2 2.10 2.10 2.1 2.1 0.173 0.061 0.7169 0.6924 -0.1581 0.0639 -0.0006 -0.010364 -1.977072 -4.1800 0 4.1800 0  22 -14 -31 24 -28 89 38 -30  0 1 1 1 0 20 0 12.16 
0.114 2 2.10 2.10 2.1 2.1 0.099 0.065 0.7302 0.7302 0.0000 0.0645 -0.0006 -0.007773 -1.977071 -4.1800 0 4.1800 0  45 -1 66 -12 19 7 36 1  0 1 1 1 0 20 0 12.16 
0.115 2 2.10 2.10 2.1 2.1 0.116 0.108 0.7434 0.7302 -0.0855 0.0651 -0.0006 -0.010364 -1.977069 -4.1800 0 4.1800 0  28 -10 -24 -10 41 8 35 40  0 1 1 1 0 20 0 12.17 
0.116 2 2.10 2.10 2.1 2.1 0.146 0.109 0.7434 0.7434 0.0000 0.0659 -0.0006 -0.010364 -1.977067 -4.1800 0 4.1800 0  5 18 66 26 24 36 18 36  0 1 1 1 0 20 0 12.16 
0.117 2 2.10 2.10 2.1 2.1 0.108 0.104 0.7434 0.7723 0.1866 0.0667 -0.0006 -0.010364 -1.977060 -4.1800 0 4.1800 0  -28 3 -30 16 -5 3 31 18  0 1 1 1 0 20 0 12.16 
0.118 2 2.10 2.10 2.1 2.1 0.099 0.085 0.7302 0.7434 0.0855 0.0675 -0.0006 -0.010364 -1.977052 -4.1800 0 4.1800 0  78 24 -15 2 38 -7 -26 29  0 1 1 1 0 20 0 12.15 
0.119 2 2.10 2.10 2.1 2.1 0.122 0.073 0.7169 0.7723 0.3576 0.0681 -0.0006 -0.007773 -1.977047 -4.1800 0 4.1800 0  99 21 3 -19 71 14 -64 5  0 1 1 1 0 20 0 12.16 
0.120 2 2.10 2.10 2.1 2.1 0.138 0.076 0.7575 0.7434 -0.0907 0.0689 -0.0006 -0.007773 -1.977044 -4.1800 0 4.1800 0  31 32 36 -9 5 24 62 33  0 1 1 1 0 20 0 12.15 
0.121 2 2.10 2.10 2.1 2.1 0.190 0.077 0.7169 0.7872 0.4534 0.0697 -0.0006 -0.007773 -1.977036 -4.1800 0 4.1800 0  61 12 -14 21 29 7 -39 35  0 1 1 1 0 20 0 12.16 
0.122 2 2.10 2.10 2.1 2.1 0.143 0.080 0.7302 0.6924 -0.2436 0.0703 -0.0006 -0.010364 -1.977029 -4.1800 0 4.1800 0  46 -9 2 21 57 19 -3 45  0 1 1 1 0 20 0 12.16 
0.123 2 2.10 2.10 2.1 2.1 0.103 0.063 0.7169 0.7044 -0.0803 0.0711 -0.0006 -0.010364 -1.977028 -4.1800 0 4.1800 0  58 60 16 35 20 54 41 -13  0 1 1 1 0 20 0 12.17 
0.124 2 2.10 2.10 2.1 2.1 0.102 0.073 0.7434 0.7169 -0.1710 0.0717 -0.0006 -0.007773 -1.977025 -4.1800 0 4.1800 0  1 12 68 -28 43 25 -5 29  0 1 1 1 0 20 0 12.16 
0.125 2 2.10 2.10 2.1 2.1 0.168 0.108 0.7434 0.7575 0.0907 0.0725 -0.0006 -0.007773 -1.977024 -4.1800 0 4.1800 0  32 4 3 -33 26 10 -35 -2  0 1 1 1 0 20 0 12.16 
0.126 2 2.10 2.10 2.1 2.1 0.119 0.096 0.7434 0.7169 -0.1710 0.0733 -0.0007 -0.007773 -1.977022 -4.1800 0 4.1800 0  40 59 14 9 -12 13 18 -7  0 1 1 1 0 20 0 12.16 
0.127 2 2.10 2.10 2.1 2.1 0.078 0.067 0.7302 0.7575 0.1762 0.0739 -0.0007 -0.010364 -1.977021 -4.1800 0 4.1800 0  -1 80 42 -6 26 5 19 -2  0 1 1 1 0 20 0 12.15 
0.128 2 2.10 2.10 2.1 2.1 0.090 0.092 0.7434 0.7302 -0.0855 0.0747 -0.0007 -0.010364 -1.977020 -4.1800 0 4.1800 0  -4 6 48 -1 49 11 25 -35  0 1 1 1 0 20 0 11.97 
0.129 2 2.10 2.10 2.1 2.1 0.130 0.064 0.7044 0.7723 0.4379 0.0753 -0.0007 -0.007773 -1.977019 -4.1800 0 4.1800 0  -4 59 16 11 -12 54 17 45  0 1 1 1 0 20 0 12.11 
0.130 2 2.10 2.10 2.1 2.1 0.165 0.089 0.7575 0.7575 0.0000 0.0761 -0.0007 -0.007773 -1.977019 -4.1800 0 4.1800 0  8 50 -33 20 54 4 38 50  0 1 1 1 0 20 0 12.15 
0.131 2 2.10 2.10 2.1 2.1 0.119 0.059 0.7044 0.7575 0.3420 0.0769 -0.0007 -0.007773 -1.977020 -4.1800 0 4.1800 0  17 8 21 -4 43 18 17 9  0 1 1 1 0 20 0 12.16 
0.132 2 2.10 2.10 2.1 2.1 0.121 0.037 0.7575 0.7723 0.0959 0.0777 -0.0007 -0.007773 -1.977022 -4.1800 0 4.1800 0  26 47 10 8 57 41 46 31  0 1 1 1 0 20 0 12.16 
0.133 2 2.10 2.10 2.1 2.1 0.110 0.101 0.6924 0.6924 0.0000 0.0783 -0.0007 -0.010364 -1.977023 -4.1800 0 4.1800 0  -16 60 29 -3 21 76 -3 12  0 1 1 1 0 20 0 12.16 
0.134 2 2.10 2.10 2.1 2.1 0.092 0.093 0.7169 0.7575 0.2617 0.0791 -0.0007 -0.010364 -1.977024 -4.1800 0 4.1800 0  18 50 20 -23 27 40 73 33  0 1 1 1 0 20 0 12.17 
0.135 2 2.10 2.10 2.1 2.1 0.128 0.067 0.7434 0.7169 -0.1710 0.0799 -0.0007 -0.010364 -1.977025 -4.1800 0 4.1800 0  2 95 26 12 40 39 -55 43  0 1 1 1 0 20 0 12.16 
0.136 2 2.10 2.10 2.1 2.1 0.101 0.063 0.7575 0.7302 -0.1762 0.0805 -0.0007 -0.007773 -1.977027 -4.1800 0 4.1800 0  -7 40 -25 26 84 -16 -51 -1  0 1 1 1 0 20 0 12.17 
0.137 2 2.10 2.10 2.1 2.1 0.091 0.083 0.7575 0.7169 -0.2617 0.0813 -0.0007 -0.007773 -1.977027 -4.1800 0 4.1800 0  28 6 5 28 -13 6 32 30  0 1 1 1 0 20 0 12.16 
0.138 2 2.10 2.10 2.1 2.1 0.115 0.105 0.7434 0.7434 0.0000 0.0821 -0.0007 -0.007773 -1.977027 -4.1800 0 4.1800 0  7 66 -20 -20 70 16 -7 10  0 1 1 1 0 20 0 12.16 
0.139 2 2.10 2.10 2.1 2.1 0.116 0.046 0.7575 0.7723 0.0959 0.0827 -0.0007 -0.010364 -1.977024 -4.1800 0 4.1800 0  28 42 10 29 16 28 14 25  0 1 1 1 0 20 0 12.17 
0.140 2 2.10 2.10 2.1 2.1 0.092 0.063 0.7434 0.7575 0.0907 0.0835 -0.0007 -0.010364 -1.977023 -4.1800 0 4.1800 0  -33 42 88 -19 52 -1 49 54  0 1 1 1 0 20 0 12.16 
0.141 2 2.10 2.10 2.1 2.1 0.097 0.119 0.7575 0.7723 0.0959 0.0843 -0.0008 -0.010364 -1.977024 -4.1800 0 4.1800 0  53 76 30 30 44 13 -52 -10  0 1 1 1 0 20 0 12.16 
0.142 2 2.10 2.10 2.1 2.1 0.111 0.112 0.7302 0.7575 0.1762 0.0849 -0.0008 -0.007773 -1.977019 -4.1800 0 4.1800 0  -7 10 56 -10 -6 28 1 7  0 1 1 1 0 20 0 12.16 
0.143 2 2.10 2.10 2.1 2.1 0.120 0.120 0.7434 0.7723 0.1866 0.0857 -0.0008 -0.007773 -1.977016 -4.1800 0 4.1800 0  24 24 16 6 51 25 -2 21  0 1 1 1 0 20 0 12.16 
0.144 2 2.10 2.10 2.1 2.1 0.080 0.089 0.7169 0.7575 0.2617 0.0865 -0.0008 -0.007773 -1.977016 -4.1800 0 4.1800 0  25 20 29 1 29 -13 48 -10  0 1 1 1 0 20 0 12.17 
0.145 2 2.10 2.10 2.1 2.1 0.131 0.055 0.7169 0.7723 0.3576 0.0873 -0.0008 -0.007773 -1.977016 -4.1800 0 4.1800 0  33 71 11 -42 25 53 6 -23  0 1 1 1 0 20 0 12.16 
0.146 2 2.10 2.10 2.1 2.1 0.105 0.057 0.7575 0.6924 -0.4198 0.0880 -0.0008 -0.010364 -1.977012 -4.1800 0 4.1800 0  17 28 -5 11 -11 15 18 13  0 1 1 1 0 20 0 12.16 
0.147 2 2.10 2.10 2.1 2.1 0.102 0.076 0.7302 0.7575 0.1762 0.0886 -0.0008 -0.007773 -1.977011 -4.1800 0 4.1800 0  19 1 -1 -47 33 29 21 16  0 1 1 1 0 20 0 12.16 
0.148 2 2.10 2.10 2.1 2.1 0.121 0.095 0.7434 0.6924 -0.3291 0.0894 -0.0008 -0.007773 -1.977017 -4.1800 0 4.1800 0  13 36 -13 7 47 5 32 19  0 1 1 1 0 20 0 12.15 
0.149 2 2.10 2.10 2.1 2.1 0.122 0.046 0.7434 0.7044 -0.2513 0.0902 -0.0008 -0.007773 -1.977019 -4.1800 0 4.1800 0  -3 13 53 18 57 15 -40 -10  0 1 1 1 0 20 0 12.16 
0.150 2 2.10 2.10 2.1 2.1 0.084 0.098 0.7434 0.7434 0.0000 0.0910 -0.0008 -0.007773 -1.977020 -4.1800 0 4.1800 0  37 -35 69 -34 43 36 9 5  0 1 1 1 0 20 0 12.16 
0.151 2 2.10 2.10 2.1 2.1 0.119 0.116 0.7575 0.7723 0.0959 0.0916 -0.0008 -0.010364 -1.977024 -4.1800 0 4.1800 0  38 39 4 -13 27 -13 21 -4  0 1 1 1 0 20 0 12.15 
0.152 2 2.10 2.10 2.1 2.1 0.107 0.108 0.7575 0.7872 0.1917 0.0924 -0.0008 -0.010364 -1.977024 -4.1800 0 4.1800 0  12 6 56 -29 21 13 58 -20  0 1 1 1 0 20 0 12.15 
0.153 2 2.10 2.10 2.1 2.1 0.122 0.051 0.7302 0.7575 0.1762 0.0930 -0.0008 -0.007773 -1.977028 -4.1800 0 4.1800 0  -1 44 35 4 41 44 21 22  0 1 1 1 0 20 0 12.16 
0.154 2 2.10 2.10 2.1 2.1 0.127 0.038 0.7434 0.7434 0.0000 0.0938 -0.0008 -0.007773 -1.977029 -4.1800 0 4.1800 0  21 23 50 28 39 6 39 34  0 1 1 1 0 20 0 12.17 
0.155 2 2.10 2.10 2.1 2.1 0.124 0.087 0.7044 0.7723 0.4379 0.0946 -0.0008 -0.007773 -1.977031 -4.1800 0 4.1800 0  29 29 54 -43 42 19 -29 65  0 1 1 1 0 20 0 12.15 
0.156 2 2.10 2.10 2.1 2.1 0.118 0.070 0.7723 0.7575 -0.0959 0.0954 -0.0008 -0.007773 -1.977032 -4.1800 0 4.1800 0  43 71 -4 4 -32 -6 31 18  0 1 1 1 0 20 0 12.15 
0.157 2 2.10 2.10 2.1 2.1 0.104 0.055 0.7169 0.7169 0.0000 0.0960 -0.0009 -0.010364 -1.977026 -4.1800 0 4.1800 0  14 18 62 -10 27 30 6 29  0 1 1 1 0 20 0 12.16 
0.158 2 2.10 2.10 2.1 2.1 0.090 0.066 0.7723 0.7302 -0.2721 0.0968 -0.0009 -0.010364 -1.977021 -4.1800 0 4.1800 0  26 -9 55 36 72 13 48 37  0 1 1 1 0 20 0 12.16 
0.159 2 2.10 2.10 2.1 2.1 0.129 0.089 0.7723 0.6924 -0.5156 0.0974 -0.0009 -0.007773 -1.977022 -4.1800 0 4.1800 0  45 30 -11 5 26 46 25 -35  0 1 1 1 0 20 0 12.16 
0.160 2 2.10 2.10 2.1 2.1 0.134 0.118 0.7302 0.7575 0.1762 0.0982 -0.0009 -0.007773 -1.977028 -4.1800 0 4.1800 0  -12 -18 8 -7 -10 24 30 21  0 1 1 1 0 20 0 12.15 
0.161 2 2.10 2.10 2.1 2.1 0.150 0.067 0.7434 0.7169 -0.1710 0.0990 -0.0009 -0.007773 -1.977033 -4.1800 0 4.1800 0  19 16 47 -4 7 -19 31 22  0 1 1 1 0 20 0 12.17 
0.162 2 2.10 2.10 2.1 2.1 0.127 0.092 0.7723 0.7302 -0.2721 0.0998 -0.0009 -0.007773 -1.977034 -4.1800 0 4.1800 0  21 33 -42 50 40 -16 -2 -2  0 1 1 1 0 20 0 12.16 
0.163 2 2.10 2.10 2.1 2.1 0.176 0.074 0.7575 0.6924 -0.4198 0.1004 -0.0009 -0.010364 -1.977033 -4.1800 0 4.1800 0  1 74 0 35 13 -24 0 8  0 1 1 1 0 20 0 12.16 
0.164 2 2.10 2.10 2.1 2.1 0.093 0.100 0.7434 0.7723 0.1866 0.1012 -0.0009 -0.010364 -1.977033 -4.1800 0 4.1800 0  22 8 48 -1 20 33 -67 -7  0 1 1 1 0 20 0 12.16 
0.165 2 2.10 2.10 2.1 2.1 0.131 0.078 0.7434 0.7723 0.1866 0.1018 -0.0009 -0.007773 -1.977036 -4.1800 0 4.1800 0  8 18 60 0 9 18 31 27  0 1 1 1 0 20 0 12.15 
0.166 2 2.10 2.10 2.1 2.1 0.144 0.051 0.7302 0.7575 0.1762 0.1026 -0.0009 -0.007773 -1.977034 -4.1800 0 4.1800 0  40 47 -23 19 43 54 -39 -8  0 1 1 1 0 20 0 12.15 
0.167 2 2.10 2.10 2.1 2.1 0.120 0.050 0.7434 0.7723 0.1866 0.1034 -0.0009 -0.007773 -1.977030 -4.1800 0 4.1800 0  31 -29 11 -16 47 14 72 23  0 1 1 1 0 20 0 12.15 
0.168 2 2.10 2.10 2.1 2.1 0.075 0.102 0.7169 0.7434 0.1710 0.1042 -0.0009 -0.007773 -1.977024 -4.1800 0 4.1800 0  24 28 7 -6 16 -39 43 10  0 1 1 1 0 20 0 12.15 
0.169 2 2.10 2.10 2.1 2.1 0.109 0.118 0.7575 0.7723 0.0959 0.1050 -0.0009 -0.007773 -1.977021 -4.1800 0 4.1800 0  -30 11 -3 28 18 -12 -9 45  0 1 1 1 0 20 0 12.16 
0.170 2 2.10 2.10 2.1 2.1 0.095 0.072 0.7169 0.7044 -0.0803 0.1056 -0.0009 -0.010364 -1.977026 -4.1800 0 4.1800 0  38 14 -3 57 3 13 23 4  0 1 1 1 0 20 0 12.16 
0.171 2 2.10 2.10 2.1 2.1 0.088 0.093 0.7434 0.7575 0.0907 0.1062 -0.0009 -0.007773 -1.977027 -4.1800 0 4.1800 0  13 0 57 -4 37 8 58 47  0 1 1 1 0 20 0 12.15 
0.172 2 2.10 2.10 2.1 2.1 0.101 0.068 0.7434 0.6924 -0.3291 0.1070 -0.0009 -0.007773 -1.977024 -4.1800 0 4.1800 0  45 -11 5 -20 52 9 42 15  0 1 1 1 0 20 0 12.16 
0.173 2 2.10 2.10 2.1 2.1 0.159 0.075 0.7575 0.7575 0.0000 0.1078 -0.0010 -0.007773 -1.977020 -4.1800 0 4.1800 0  26 41 -4 15 12 19 -5 46  0 1 1 1 0 20 0 12.15 
0.174 2 2.10 2.10 2.1 2.1 0.101 0.097 0.7434 0.6924 -0.3291 0.1086 -0.0010 -0.007773 -1.977017 -4.1800 0 4.1800 0  18 24 16 19 -13 -13 58 7  0 1 1 1 0 20 0 12.16 
0.175 2 2.10 2.10 2.1 2.1 0.101 0.057 0.7575 0.7169 -0.2617 0.1094 -0.0010 -0.007773 -1.977014 -4.1800 0 4.1800 0  71 89 32 3 75 47 -80 30  0 1 1 1 0 20 0 12.16 
0.176 2 2.10 2.10 2.1 2.1 0.146 0.091 0.7434 0.7434 0.0000 0.1100 -0.0010 -0.010364 -1.977006 -4.1800 0 4.1800 0  24 21 64 -50 29 8 18 20  0 1 1 1 0 20 0 12.16 
0.177 2 2.10 2.10 2.1 2.1 0.119 0.106 0.7302 0.7723 0.2721 0.1106 -0.0010 -0.007773 -1.977002 -4.1800 0 4.1800 0  -43 85 3 2 33 44 -13 -35  0 1 1 1 0 20 0 12.16 
0.178 2 2.10 2.10 2.1 2.1 0.081 0.138 0.7434 0.7723 0.1866 0.1114 -0.0010 -0.007773 -1.977002 -4.1800 0 4.1800 0  -29 11 -17 13 31 -7 22 7  0 1 1 1 0 20 0 12.17 
0.179 2 2.10 2.10 2.1 2.1 0.098 0.087 0.7302 0.7575 0.1762 0.1122 -0.0010 -0.007773 -1.976999 -4.1800 0 4.1800 0  -12 -25 22 -18 54 0 71 2  0 1 1 1 0 20 0 12.16 
0.180 2 2.10 2.10 2.1 2.1 0.111 0.040 0.7434 0.7044 -0.2513 0.1131 -0.0010 -0.007773 -1.977002 -4.1800 0 4.1800 0  64 -26 -16 75 40 4 -1 14  0 1 1 1 0 20 0 12.17 
0.181 2 2.10 2.10 2.1 2.1 0.066 0.032 0.7044 0.7575 0.3420 0.1139 -0.0010 -0.007773 -1.977007 -4.1800 0 4.1800 0  36 64 22 -7 30 43 -26 16  0 1 1 1 0 20 0 12.16 
0.182 2 2.10 2.10 2.1 2.1 0.148 0.074 0.7723 0.7575 -0.0959 0.1147 -0.0010 -0.007773 -1.977007 -4.1800 0 4.1800 0  7 -3 19 24 65 49 -33 50  0 1 1 1 0 20 0 12.16 
0.183 2 2.10 2.10 2.1 2.1 0.147 0.066 0.7434 0.7169 -0.1710 0.1151 -0.0010 -0.007773 -1.977010 -4.1800 0 4.1800 0  20 28 -19 24 62 48 64 30  0 1 1 1 0 20 0 12.16 
0.184 2 2.10 2.10 2.1 2.1 0.097 0.053 0.7434 0.7434 0.0000 0.1159 -0.0010 -0.007773 -1.977013 -4.1800 0 4.1800 0  0 -20 10 -10 45 11 -39 25  0 1 1 1 0 20 0 12.16 
0.185 2 2.10 2.10 2.1 2.1 0.083 0.080 0.7723 0.7044 -0.4379 0.1167 -0.0010 -0.007773 -1.977014 -4.1800 0 4.1800 0  -6 4 25 -30 39 14 23 -43  0 1 1 1 0 20 0 12.16 
0.186 2 2.10 2.10 2.1 2.1 0.124 0.074 0.7302 0.7575 0.1762 0.1175 -0.0010 -0.007773 -1.977016 -4.1800 0 4.1800 0  -2 12 -20 63 42 37 5 13  0 1 1 1 0 20 0 12.16 
0.187 2 2.10 2.10 2.1 2.1 0.109 0.099 0.7434 0.7169 -0.1710 0.1183 -0.0010 -0.007773 -1.977021 -4.1800 0 4.1800 0  32 96 36 -10 45 15 20 30  0 1 1 1 0 20 0 12.16 
0.188 2 2.10 2.10 2.1 2.1 0.094 0.026 0.7723 0.7302 -0.2721 0.1191 -0.0010 -0.007773 -1.977026 -4.1800 0 4.1800 0  33 47 -10 -1 60 37 -11 34  0 1 1 1 0 20 0 12.17 
0.189 2 2.10 2.10 2.1 2.1 0.087 0.051 0.7575 0.6804 -0.4975 0.1199 -0.0010 -0.007773 -1.977025 -4.1800 0 4.1800 0  -13 51 15 -18 40 46 36 15  0 1 1 1 0 20 0 12.16 
0.190 2 2.10 2.10 2.1 2.1 0.066 0.088 0.7302 0.7723 0.2721 0.1203 -0.0010 -0.007773 -1.977024 -4.1800 0 4.1800 0  1 13 61 6 29 51 -36 9  0 1 1 1 0 20 0 12.16 
0.191 2 2.10 2.10 2.1 2.1 0.146 0.070 0.7434 0.7723 0.1866 0.1211 -0.0011 -0.007773 -1.977026 -4.1800 0 4.1800 0  33 29 34 31 34 24 -10 8  0 1 1 1 0 20 0 12.16 
0.192 2 2.10 2.10 2.1 2.1 0.108 0.076 0.7302 0.7575 0.1762 0.1219 -0.0011 -0.007773 -1.977028 -4.1800 0 4.1800 0  11 21 58 -11 26 -27 19 41  0 1 1 1 0 20 0 12.17 
0.193 2 2.10 2.10 2.1 2.1 0.094 0.082 0.7434 0.7723 0.1866 0.1227 -0.0011 -0.007773 -1.977028 -4.1800 0 4.1800 0  3 10 64 -34 41 39 70 3  0 1 1 1 0 20 0 12.16 
0.194 2 2.10 2.10 2.1 2.1 0.124 0.120 0.7302 0.7575 0.1762 0.1235 -0.0011 -0.007773 -1.977026 -4.1800 0 4.1800 0  35 96 12 15 51 63 -38 25  0 1 1 1 0 20 0 12.16 
0.195 2 2.10 2.10 2.1 2.1 0.121 0.093 0.7575 0.7872 0.1917 0.1243 -0.0011 -0.007773 -1.977027 -4.1800 0 4.1800 0  -2 67 38 3 43 14 -5 36  0 1 1 1 0 20 0 12.16 
0.196 2 2.10 2.10 2.1 2.1 0.119 0.055 0.7575 0.7575 0.0000 0.1249 -0.0011 -0.005182 -1.977033 -4.1800 0 4.1800 0  10 45 10 12 69 16 -46 -19  0 1 1 1 0 20 0 12.17 
0.197 2 2.10 2.10 2.1 2.1 0.146 0.071 0.7434 0.7575 0.0907 0.1255 -0.0011 -0.007773 -1.977033 -4.1800 0 4.1800 0  -28 21 -31 -2 21 27 28 15  0 1 1 1 0 20 0 12.16 
0.198 2 2.10 2.10 2.1 2.1 0.072 0.059 0.7434 0.6924 -0.3291 0.1263 -0.0011 -0.007773 -1.977030 -4.1800 0 4.1800 0  21 69 24 -9 62 43 16 -17  0 1 1 1 0 20 0 12.16 
0.199 2 2.10 2.10 2.1 2.1 0.127 0.086 0.7575 0.7575 0.0000 0.1271 -0.0011 -0.007773 -1.977027 -4.1800 0 4.1800 0  39 73 28 -15 36 44 -36 39  0 1 1 1 0 20 0 12.16 
0.200 4 4.10 4.10 4.1 4.1 0.123 0.054 0.7434 0.6924 -0.3291 0.1279 -0.0011 -0.007773 -1.977030 -4.1800 0 4.1800 0  -4 85 -1 2 16 36 36 41  0 1 1 1 0 20 0 12.16 
0.201 4 4.10 4.10 4.1 4.1 0.295 0.234 0.7575 0.7169 -0.2617 0.1287 -0.0011 -0.007773 -1.977038 -4.1800 0 4.1800 0  20 40 -5 15 4 -25 9 47  0 1 1 1 0 20 0 12.10 
0.202 4 4.10 4.10 4.1 4.1 0.394 0.343 0.7302 0.7434 0.0855 0.1293 -0.0011 -0.005182 -1.977039 -4.1800 0 4.1800 0  60 -3 -10 -15 77 26 56 -12  0 1 1 1 0 20 0 12.04 
0.203 4 4.10 4.10 4.1 4.1 0.550 0.462 0.7575 0.7872 0.1917 0.1301 -0.0011 -0.005182 -1.977037 -4.1800 0 4.1800 0  37 20 24 32 -12 24 13 -36  0 1 1 1 0 20 0 12.01 
0.204 4 4.10 4.10 4.1 4.1 0.546 0.546 0.7872 0.7723 -0.0959 0.1309 -0.0011 -0.005182 -1.977034 -4.1800 0 4.1800 0  32 60 11 17 1 30 49 -4  0 1 1 1 0 20 0 12.01 
0.205 4 4.10 4.10 4.1 4.1 0.546 0.513 0.7872 0.7434 -0.2824 0.1317 -0.0011 -0.005182 -1.977031 -4.1800 0 4.1800 0  0 -19 -19 -56 26 24 8 27  0 1 1 1 0 20 0 12.00 
0.206 4 4.10 4.10 4.1 4.1 0.538 0.567 0.8543 0.8032 -0.3291 0.1327 -0.0011 -0.007773 -1.977032 -4.1800 0 4.1800 0  39 14 52 -32 38 40 14 3  0 1 1 1 0 20 0 12.01 
0.207 4 4.10 4.10 4.1 4.1 0.555 0.454 0.8543 0.8366 -0.1140 0.1335 -0.0011 -0.007773 -1.977034 -4.1800 0 4.1800 0  8 17 35 12 35 56 5 5  0 1 1 1 0 20 0 12.00 
0.208 4 4.10 4.10 4.1 4.1 0.523 0.474 0.9125 0.8727 -0.2565 0.1343 -0.0011 -0.007773 -1.977032 -4.1800 0 4.1800 0  43 9 17 15 -15 21 52 -24  0 1 1 1 0 20 0 12.02 
0.209 4 4.10 4.10 4.1 4.1 0.511 0.488 0.9125 0.9338 0.1373 0.1353 -0.0012 -0.005182 -1.977025 -4.1800 0 4.1800 0  18 25 43 -37 -1 -40 34 8  0 1 1 1 0 20 0 12.01 
0.210 4 4.10 4.10 4.1 4.1 0.516 0.534 0.9338 0.9125 -0.1373 0.1363 -0.0012 -0.007773 -1.977023 -4.1800 0 4.1800 0  64 7 32 13 51 23 21 20  0 1 1 1 0 20 0 12.02 
0.211 4 4.10 4.10 4.1 4.1 0.477 0.473 0.9559 0.9796 0.1529 0.1371 -0.0012 -0.007773 -1.977023 -4.1800 0 4.1800 0  -35 70 -9 -4 30 -2 37 -24  0 1 1 1 0 20 0 12.03 
0.212 4 4.10 4.10 4.1 4.1 0.456 0.436 1.0298 0.9796 -0.3239 0.1384 -0.0012 -0.007773 -1.977022 -4.1800 0 4.1800 0  23 2 -27 -8 9 41 57 42  0 1 1 1 0 20 0 12.03 
0.213 4 4.10 4.10 4.1 4.1 0.466 0.478 1.0298 1.0041 -0.1658 0.1392 -0.0012 -0.007773 -1.977025 -4.1800 0 4.1800 0  43 -23 -17 12 29 49 0 -21  0 1 1 1 0 20 0 12.03 
0.214 4 4.10 4.10 4.1 4.1 0.469 0.428 1.0567 1.0567 0.0000 0.1404 -0.0012 -0.007773 -1.977029 -4.1800 0 4.1800 0  -6 66 38 7 19 32 24 -28  0 1 1 1 0 20 0 12.03 
0.215 4 4.10 4.10 4.1 4.1 0.447 0.411 1.0567 1.0567 0.0000 0.1414 -0.0012 -0.005182 -1.977029 -4.1800 0 4.1800 0  26 22 18 -38 46 -3 3 27  0 1 1 1 0 20 0 12.04 
0.216 4 4.10 4.10 4.1 4.1 0.397 0.413 1.0852 1.0567 -0.1840 0.1424 -0.0012 -0.007773 -1.977027 -4.1800 0 4.1800 0  41 -12 22 -12 14 26 -19 -12  0 1 1 1 0 20 0 12.04 
0.217 4 4.10 4.10 4.1 4.1 0.432 0.363 1.0852 1.1153 0.1943 0.1434 -0.0012 -0.005182 -1.977026 -4.1800 0 4.1800 0  49 19 36 1 43 25 22 -57  0 1 1 1 0 20 0 12.06 
0.218 4 4.10 4.10 4.1 4.1 0.382 0.367 1.0852 1.1153 0.1943 0.1446 -0.0012 -0.005182 -1.977018 -4.1800 0 4.1800 0  34 31 -2 52 0 -4 57 14  0 1 1 1 0 20 0 12.05 
0.219 4 4.10 4.10 4.1 4.1 0.365 0.367 1.1474 1.0852 -0.4016 0.1456 -0.0012 -0.007773 -1.977008 -4.1800 0 4.1800 0  8 42 35 35 -18 17 44 8  0 1 1 1 0 20 0 12.05 
0.220 4 4.10 4.10 4.1 4.1 0.424 0.361 1.1153 1.1812 0.4249 0.1468 -0.0012 -0.007773 -1.977010 -4.1800 0 4.1800 0  -7 67 32 32 -11 -5 -4 9  0 1 1 1 0 20 0 12.03 
0.221 4 4.10 4.10 4.1 4.1 0.380 0.376 1.1474 1.1153 -0.2073 0.1478 -0.0012 -0.005182 -1.977019 -4.1800 0 4.1800 0  -12 37 44 -9 58 -23 0 9  0 1 1 1 0 20 0 12.05 
0.222 4 4.10 4.10 4.1 4.1 0.384 0.351 1.1812 1.1812 0.0000 0.1490 -0.0012 -0.005182 -1.977022 -4.1800 0 4.1800 0  60 30 52 -38 24 27 23 -24  0 1 1 1 0 20 0 12.02 
0.223 4 4.10 4.10 4.1 4.1 0.382 0.340 1.1812 1.1812 0.0000 0.1502 -0.0013 -0.005182 -1.977015 -4.1800 0 4.1800 0  28 44 6 -16 41 -1 -24 27  0 1 1 1 0 20 0 12.04 
0.224 4 4.10 4.10 4.1 4.1 0.345 0.310 1.1812 1.1812 0.0000 0.1514 -0.0013 -0.005182 -1.977009 -4.1800 0 4.1800 0  38 -2 -6 3 24 50 11 42  0 1 1 1 0 20 0 12.07 
0.225 4 4.10 4.10 4.1 4.1 0.327 0.280 1.1474 1.1812 0.2177 0.1526 -0.0013 -0.005182 -1.977006 -4.1800 0 4.1800 0  62 0 10 7 5 -12 -4 47  0 1 1 1 0 20 0 12.07 
0.226 4 4.10 4.10 4.1 4.1 0.356 0.264 1.2169 1.2169 0.0000 0.1538 -0.0013 -0.005182 -1.977005 -4.1800 0 4.1800 0  37 -28 54 8 12 41 41 -24  0 1 1 1 0 20 0 12.08 
0.227 4 4.10 4.10 4.1 4.1 0.334 0.287 1.2551 1.1812 -0.4768 0.1550 -0.0013 -0.005182 -1.977008 -4.1800 0 4.1800 0  7 46 22 6 16 -26 -20 -20  0 1 1 1 0 20 0 12.06 
0.228 4 4.10 4.10 4.1 4.1 0.356 0.325 1.2551 1.2952 0.2591 0.1562 -0.0013 -0.005182 -1.977014 -4.1800 0 4.1800 0  9 -28 54 -34 3 29 8 20  0 1 1 1 0 20 0 12.07 
0.229 4 4.10 4.10 4.1 4.1 0.295 0.270 1.2952 1.2551 -0.2591 0.1574 -0.0013 -0.005182 -1.977019 -4.1800 0 4.1800 0  43 -5 35 8 9 -25 5 -10  0 1 1 1 0 20 0 12.08 
0.230 4 4.10 4.10 4.1 4.1 0.296 0.307 1.2952 1.2952 0.0000 0.1586 -0.0013 -0.005182 -1.977018 -4.1800 0 4.1800 0  25 -13 24 15 28 66 46 25  0 1 1 1 0 20 0 12.08 
0.231 4 4.10 4.10 4.1 4.1 0.324 0.294 1.2551 1.2952 0.2591 0.1598 -0.0013 -0.005182 -1.977017 -4.1800 0 4.1800 0  14 -12 39 -29 35 20 53 18  0 1 1 1 0 20 0 12.08 
0.232 4 4.10 4.10 4.1 4.1 0.309 0.243 1.2551 1.3848 0.8369 0.1610 -0.0013 -0.005182 -1.977021 -4.1800 0 4.1800 0  33 57 26 -6 5 1 19 61  0 1 1 1 0 20 0 12.08 
0.233 4 4.10 4.10 4.1 4.1 0.297 0.280 1.2551 1.3848 0.8369 0.1623 -0.0013 -0.005182 -1.977022 -4.1800 0 4.1800 0  16 31 -4 45 16 71 35 0  0 1 1 1 0 20 0 12.08 
0.234 4 4.10 4.10 4.1 4.1 0.287 0.263 1.2952 1.3848 0.5778 0.1635 -0.0013 -0.005182 -1.977019 -4.1800 0 4.1800 0  57 6 37 -25 7 37 34 -24  0 1 1 1 0 20 0 12.09 
0.235 4 4.10 4.10 4.1 4.1 0.267 0.228 1.2952 1.3386 0.2798 0.1649 -0.0013 -0.002591 -1.977016 -4.1800 0 4.1800 0  58 22 2 35 40 -25 -12 -4  0 1 1 1 0 20 0 12.09 
0.236 4 4.10 4.10 4.1 4.1 0.262 0.268 1.2952 1.2952 0.0000 0.1661 -0.0013 -0.002591 -1.977011 -4.1800 0 4.1800 0  -6 6 21 -27 47 25 15 60  0 1 1 1 0 20 0 12.08 
0.237 4 4.10 4.10 4.1 4.1 0.282 0.253 1.2952 1.3386 0.2798 0.1673 -0.0013 -0.002591 -1.977008 -4.1800 0 4.1800 0  1 42 -30 15 28 -18 -5 31  0 1 1 1 0 20 0 12.08 
0.238 4 4.10 4.10 4.1 4.1 0.290 0.275 1.2952 1.3848 0.5778 0.1685 -0.0013 -0.002591 -1.977006 -4.1800 0 4.1800 0  -24 19 15 -19 29 29 56 35  0 1 1 1 0 20 0 12.09 
0.239 4 4.10 4.10 4.1 4.1 0.280 0.253 1.3386 1.2169 -0.7851 0.1699 -0.0013 -0.005182 -1.976999 -4.1800 0 4.1800 0  8 36 20 39 45 67 22 -3  0 1 1 1 0 20 0 12.09 
0.240 4 4.10 4.10 4.1 4.1 0.249 0.203 1.3386 1.4342 0.6167 0.1713 -0.0013 -0.002591 -1.976996 -4.1800 0 4.1800 0  24 -40 48 -51 5 34 32 47  0 1 1 1 0 20 0 12.10 
0.241 4 4.10 4.10 4.1 4.1 0.253 0.245 1.3386 1.3848 0.2980 0.1725 -0.0014 -0.002591 -1.977001 -4.1800 0 4.1800 0  -15 47 19 10 64 -15 -6 24  0 1 1 1 0 20 0 12.10 
0.242 4 4.10 4.10 4.1 4.1 0.285 0.206 1.3386 1.4342 0.6167 0.1737 -0.0014 -0.002591 -1.977006 -4.1800 0 4.1800 0  8 26 2 27 2 -19 -13 17  0 1 1 1 0 20 0 12.09 
0.243 4 4.10 4.10 4.1 4.1 0.263 0.273 1.3848 1.4342 0.3187 0.1751 -0.0014 0.000000 -1.977015 -4.1800 0 4.1800 0  -11 59 79 31 46 27 39 7  0 1 1 1 0 20 0 12.08 
0.244 4 4.10 4.10 4.1 4.1 0.273 0.214 1.3848 1.3848 0.0000 0.1765 -0.0014 -0.002591 -1.977029 -4.1800 0 4.1800 0  5 17 9 12 -42 22 -24 50  0 1 1 1 0 20 0 12.09 
0.245 4 4.10 4.10 4.1 4.1 0.246 0.200 1.4342 1.4342 0.0000 0.1777 -0.0014 -0.002591 -1.977040 -4.1800 0 4.1800 0  38 -36 65 51 3 13 22 34  0 1 1 1 0 20 0 12.10 
0.246 4 4.10 4.10 4.1 4.1 0.265 0.207 1.3848 1.4342 0.3187 0.1791 -0.0014 0.000000 -1.977048 -4.1800 0 4.1800 0  46 -7 40 -5 -20 44 20 -29  0 1 1 1 0 20 0 12.08 
0.247 4 4.10 4.10 4.1 4.1 0.283 0.211 1.3848 1.4342 0.3187 0.1805 -0.0014 -0.002591 -1.977055 -4.1800 0 4.1800 0  -43 81 54 -21 76 -4 21 69  0 1 1 1 0 20 0 12.07 
0.248 4 4.10 4.10 4.1 4.1 0.251 0.239 1.3848 1.3386 -0.2980 0.1817 -0.0014 -0.002591 -1.977058 -4.1800 0 4.1800 0  -5 47 -22 13 67 8 14 -1  0 1 1 1 0 20 0 12.10 
0.249 4 4.10 4.10 4.1 4.1 0.266 0.181 1.3848 1.4872 0.6607 0.1831 -0.0014 0.000000 -1.977055 -4.1800 0 4.1800 0  -19 33 -7 -2 12 33 43 29  0 1 1 1 0 20 0 12.10 
0.250 4 4.10 4.10 4.1 4.1 0.221 0.198 1.3848 1.4342 0.3187 0.1845 -0.0014 -0.002591 -1.977048 -4.1800 0 4.1800 0  77 23 -18 25 11 9 23 6  0 1 1 1 0 20 0 12.09 
0.251 4 4.10 4.10 4.1 4.1 0.234 0.212 1.3848 1.3848 0.0000 0.1859 -0.0014 0.000000 -1.977039 -4.1800 0 4.1800 0  22 58 13 14 42 -14 4 57  0 1 1 1 0 20 0 12.08 
0.252 4 4.10 4.10 4.1 4.1 0.232 0.201 1.3848 1.4872 0.6607 0.1872 -0.0014 0.000000 -1.977032 -4.1800 0 4.1800 0  59 66 -9 6 3 40 31 55  0 1 1 1 0 20 0 12.08 
0.253 4 4.10 4.10 4.1 4.1 0.237 0.207 1.3848 1.4872 0.6607 0.1888 -0.0014 0.000000 -1.977027 -4.1800 0 4.1800 0  63 38 6 17 15 -36 25 0  0 1 1 1 0 20 0 12.08 
0.254 4 4.10 4.10 4.1 4.1 0.219 0.169 1.3848 1.4342 0.3187 0.1900 -0.0014 0.000000 -1.977022 -4.1800 0 4.1800 0  57 -23 -4 32 5 11 0 -2  0 1 1 1 0 20 0 12.10 
0.255 4 4.10 4.10 4.1 4.1 0.188 0.194 1.3848 1.3848 0.0000 0.1912 -0.0014 0.000000 -1.977016 -4.1800 0 4.1800 0  5 47 37 -50 54 23 30 47  0 1 1 1 0 20 0 12.06 
0.256 4 4.10 4.10 4.1 4.1 0.262 0.145 1.4342 1.4872 0.3420 0.1928 -0.0014 0.000000 -1.977010 -4.1800 0 4.1800 0  -23 35 -18 6 50 -35 41 -61  0 1 1 1 0 20 0 12.09 
0.257 4 4.10 4.10 4.1 4.1 0.195 0.178 1.4342 1.4872 0.3420 0.1942 -0.0014 0.002591 -1.977009 -4.1800 0 4.1800 0  73 73 37 -13 10 19 -9 1  0 1 1 1 0 20 0 12.08 
0.258 4 4.10 4.10 4.1 4.1 0.221 0.150 1.3848 1.4342 0.3187 0.1954 -0.0014 0.002591 -1.977014 -4.1800 0 4.1800 0  18 24 10 -14 78 15 1 44  0 1 1 1 0 20 0 12.10 
0.259 4 4.10 4.10 4.1 4.1 0.234 0.174 1.4342 1.4872 0.3420 0.1968 -0.0014 0.000000 -1.977022 -4.1800 0 4.1800 0  8 87 19 -3 20 1 36 -34  0 1 1 1 0 20 0 12.11 
0.260 4 4.10 4.10 4.1 4.1 0.211 0.183 1.4342 1.4872 0.3420 0.1982 -0.0014 0.002591 -1.977031 -4.1800 0 4.1800 0  12 65 17 49 67 -25 24 39  0 1 1 1 0 20 0 12.09 
0.261 4 4.10 4.10 4.1 4.1 0.266 0.158 1.4342 1.4872 0.3420 0.1998 -0.0014 0.002591 -1.977038 -4.1800 0 4.1800 0  -17 44 33 12 29 46 22 -48  0 1 1 1 0 20 0 12.09 
0.262 4 4.10 4.10 4.1 4.1 0.207 0.155 1.4342 1.4872 0.3420 0.2010 -0.0014 0.002591 -1.977049 -4.1800 0 4.1800 0  22 69 29 -2 40 51 32 -23  0 1 1 1 0 20 0 12.09 
0.263 4 4.10 4.10 4.1 4.1 0.192 0.143 1.4342 1.2952 -0.8965 0.2024 -0.0014 0.000000 -1.977060 -4.1800 0 4.1800 0  3 45 -18 -5 48 19 -32 8  0 1 1 1 0 20 0 12.10 
0.264 4 4.10 4.10 4.1 4.1 0.174 0.178 1.3848 1.5446 1.0313 0.2038 -0.0014 0.002591 -1.977062 -4.1800 0 4.1800 0  -28 21 17 -16 41 27 -33 39  0 1 1 1 0 20 0 12.10 
0.265 4 4.10 4.10 4.1 4.1 0.200 0.140 1.4342 1.5446 0.7126 0.2054 -0.0013 0.002591 -1.977064 -4.1800 0 4.1800 0  11 48 23 55 10 61 -4 26  0 1 1 1 0 20 0 12.09 
0.266 4 4.10 4.10 4.1 4.1 0.250 0.173 1.4342 1.5446 0.7126 0.2066 -0.0013 0.002591 -1.977067 -4.1800 0 4.1800 0  20 40 2 -22 38 7 21 5  0 1 1 1 0 20 0 12.08 
0.267 4 4.10 4.10 4.1 4.1 0.204 0.169 1.4342 1.4342 0.0000 0.2080 -0.0013 0.005182 -1.977062 -4.1800 0 4.1800 0  -38 56 18 -5 24 61 19 -19  0 1 1 1 0 20 0 12.11 
0.268 4 4.10 4.10 4.1 4.1 0.192 0.175 1.4342 1.5446 0.7126 0.2094 -0.0013 0.002591 -1.977052 -4.1800 0 4.1800 0  33 6 34 -29 45 0 -12 47  0 1 1 1 0 20 0 12.11 
0.269 4 4.10 4.10 4.1 4.1 0.156 0.165 1.4342 1.5446 0.7126 0.2108 -0.0013 0.005182 -1.977045 -4.1800 0 4.1800 0  66 -1 -41 19 40 -15 8 30  0 1 1 1 0 20 0 12.10 
0.270 4 4.10 4.10 4.1 4.1 0.234 0.159 1.4872 1.4872 0.0000 0.2123 -0.0013 0.002591 -1.977043 -4.1800 0 4.1800 0  14 17 49 -18 27 41 30 17  0 1 1 1 0 20 0 12.07 
0.271 4 4.10 4.10 4.1 4.1 0.218 0.177 1.4872 1.5446 0.3705 0.2137 -0.0013 0.005182 -1.977042 -4.1800 0 4.1800 0  64 -14 38 -30 39 -22 92 -15  0 1 1 1 0 20 0 12.11 
0.272 4 4.10 4.10 4.1 4.1 0.234 0.135 1.4342 1.4872 0.3420 0.2153 -0.0013 0.005182 -1.977045 -4.1800 0 4.1800 0  37 33 3 1 26 8 12 17  0 1 1 1 0 20 0 12.10 
0.273 4 4.10 4.10 4.1 4.1 0.207 0.156 1.5446 1.5446 0.0000 0.2165 -0.0013 0.005182 -1.977051 -4.1800 0 4.1800 0  -8 8 33 -45 27 5 62 16  0 1 1 1 0 20 0 12.10 
0.274 4 4.10 4.10 4.1 4.1 0.196 0.133 1.4872 1.5446 0.3705 0.2181 -0.0013 0.005182 -1.977055 -4.1800 0 4.1800 0  33 26 45 16 21 49 -45 -2  0 1 1 1 0 20 0 12.10 
0.275 4 4.10 4.10 4.1 4.1 0.221 0.157 1.4872 1.5446 0.3705 0.2195 -0.0013 0.007773 -1.977064 -4.1800 0 4.1800 0  65 35 0 35 4 49 23 -1  0 1 1 1 0 20 0 12.09 
0.276 4 4.10 4.10 4.1 4.1 0.201 0.150 1.4342 1.5446 0.7126 0.2209 -0.0013 0.005182 -1.977071 -4.1800 0 4.1800 0  38 -15 9 3 60 49 47 26  0 1 1 1 0 20 0 12.09 
0.277 4 4.10 4.10 4.1 4.1 0.185 0.147 1.4342 1.5446 0.7126 0.2223 -0.0013 0.007773 -1.977071 -4.1800 0 4.1800 0  -2 23 4 4 63 60 9 17  0 1 1 1 0 20 0 12.10 
0.278 4 4.10 4.10 4.1 4.1 0.177 0.165 1.4872 1.5446 0.3705 0.2237 -0.0013 0.005182 -1.977076 -4.1800 0 4.1800 0  48 14 -13 -3 11 4 2 16  0 1 1 1 0 20 0 12.10 
0.279 4 4.10 4.10 4.1 4.1 0.225 0.181 1.4872 1.5446 0.3705 0.2253 -0.0013 0.005182 -1.977081 -4.1800 0 4.1800 0  -4 19 49 -35 20 18 1 -19  0 1 1 1 0 20 0 12.08 
0.280 4 4.10 4.10 4.1 4.1 0.222 0.155 1.4342 1.6065 1.1116 0.2267 -0.0012 0.007773 -1.977085 -4.1800 0 4.1800 0  19 24 14 -15 55 42 92 37  0 1 1 1 0 20 0 12.11 
0.281 4 4.10 4.10 4.1 4.1 0.200 0.139 1.4872 1.5446 0.3705 0.2281 -0.0012 0.005182 -1.977086 -4.1800 0 4.1800 0  42 -17 29 45 -24 -1 10 3  0 1 1 1 0 20 0 12.11 
0.282 4 4.10 4.10 4.1 4.1 0.158 0.143 1.4872 1.5446 0.3705 0.2295 -0.0012 0.007773 -1.977089 -4.1800 0 4.1800 0  24 33 40 36 43 62 -29 -12  0 1 1 1 0 20 0 12.10 
0.283 4 4.10 4.10 4.1 4.1 0.146 0.143 1.4872 1.3848 -0.6607 0.2309 -0.0012 0.005182 -1.977094 -4.1800 0 4.1800 0  12 15 4 -9 29 -9 -9 8  0 1 1 1 0 20 0 12.09 
0.284 4 4.10 4.10 4.1 4.1 0.198 0.150 1.4872 1.6065 0.7696 0.2323 -0.0012 0.007773 -1.977099 -4.1800 0 4.1800 0  -31 -25 16 -29 32 10 19 31  0 1 1 1 0 20 0 12.09 
0.285 4 4.10 4.10 4.1 4.1 0.165 0.133 1.4872 1.6065 0.7696 0.2339 -0.0012 0.007773 -1.977101 -4.1800 0 4.1800 0  18 27 55 -32 64 0 19 38  0 1 1 1 0 20 0 12.09 
0.286 4 4.10 4.10 4.1 4.1 0.188 0.191 1.4872 1.6065 0.7696 0.2353 -0.0012 0.010364 -1.977095 -4.1800 0 4.1800 0  -41 62 23 -52 19 44 5 52  0 1 1 1 0 20 0 12.07 
0.287 4 4.10 4.10 4.1 4.1 0.176 0.129 1.5446 1.5446 0.0000 0.2368 -0.0012 0.007773 -1.977093 -4.1800 0 4.1800 0  21 28 -5 -15 25 34 39 26  0 1 1 1 0 20 0 12.11 
0.288 4 4.10 4.10 4.1 4.1 0.230 0.151 1.4872 1.5446 0.3705 0.2384 -0.0012 0.007773 -1.977096 -4.1800 0 4.1800 0  48 75 18 38 7 22 23 9  0 1 1 1 0 20 0 12.10 
0.289 4 4.10 4.10 4.1 4.1 0.181 0.105 1.4872 1.6065 0.7696 0.2398 -0.0011 0.010364 -1.977096 -4.1800 0 4.1800 0  47 61 -21 -25 -13 21 -5 4  0 1 1 1 0 20 0 12.10 
0.290 4 4.10 4.10 4.1 4.1 0.169 0.097 1.4872 1.6065 0.7696 0.2412 -0.0011 0.007773 -1.977094 -4.1800 0 4.1800 0  14 20 17 -13 86 -25 20 6  0 1 1 1 0 20 0 12.09 
0.291 4 4.10 4.10 4.1 4.1 0.174 0.148 1.4872 1.5446 0.3705 0.2426 -0.0011 0.010364 -1.977092 -4.1800 0 4.1800 0  -22 29 38 -27 18 4 -41 29  0 1 1 1 0 20 0 12.11 
0.292 4 4.10 4.10 4.1 4.1 0.171 0.128 1.4872 1.6065 0.7696 0.2442 -0.0011 0.010364 -1.977089 -4.1800 0 4.1800 0  16 34 28 -28 48 20 6 9  0 1 1 1 0 20 0 12.09 
0.293 4 4.10 4.10 4.1 4.1 0.189 0.146 1.4872 1.5446 0.3705 0.2454 -0.0011 0.010364 -1.977094 -4.1800 0 4.1800 0  6 -27 22 -2 51 -10 5 -13  0 1 1 1 0 20 0 12.09 
0.294 4 4.10 4.10 4.1 4.1 0.181 0.103 1.4872 1.5446 0.3705 0.2470 -0.0011 0.010364 -1.977096 -4.1800 0 4.1800 0  68 55 -4 3 31 11 -29 8  0 1 1 1 0 20 0 12.11 
0.295 4 4.10 4.10 4.1 4.1 0.186 0.133 1.4872 1.5446 0.3705 0.2484 -0.0011 0.012956 -1.977095 -4.1800 0 4.1800 0  29 -6 -20 20 63 9 -15 -11  0 1 1 1 0 20 0 12.09 
0.296 4 4.10 4.10 4.1 4.1 0.163 0.149 1.4872 1.6065 0.7696 0.2498 -0.0010 0.010364 -1.977097 -4.1800 0 4.1800 0  3 37 6 -9 -2 19 18 0  0 1 1 1 0 20 0 12.11 
0.297 4 4.10 4.10 4.1 4.1 0.196 0.173 1.5446 1.6065 0.3990 0.2514 -0.0010 0.010364 -1.977101 -4.1800 0 4.1800 0  39 -18 -18 18 44 15 1 -25  0 1 1 1 0 20 0 12.10 
0.298 4 4.10 4.10 4.1 4.1 0.162 0.146 1.5446 1.6065 0.3990 0.2528 -0.0010 0.012956 -1.977104 -4.1800 0 4.1800 0  13 -11 17 -7 17 31 -36 29  0 1 1 1 0 20 0 12.10 
0.299 4 4.10 4.10 4.1 4.1 0.204 0.145 1.4872 1.5446 0.3705 0.2544 -0.0010 0.012956 -1.977105 -4.1800 0 4.1800 0  -5 41 -23 -12 24 60 -23 0  0 1 1 1 0 20 0 12.10 
0.300 4 4.10 4.10 4.1 4.1 0.194 0.124 1.5446 1.6065 0.3990 0.2556 -0.0010 0.012956 -1.977105 -4.1800 0 4.1800 0  22 31 -7 -5 -20 -22 -24 16  0 1 1 1 0 20 0 12.10 
0.301 4 4.10 4.10 4.1 4.1 0.164 0.132 1.4872 1.6065 0.7696 0.2572 -0.0009 0.012956 -1.977107 -4.1800 0 4.1800 0  -17 -18 79 40 -13 4 -16 43  0 1 1 1 0 20 0 12.11 
0.302 4 4.10 4.10 4.1 4.1 0.203 0.101 1.4872 1.6065 0.7696 0.2588 -0.0009 0.012956 -1.977109 -4.1800 0 4.1800 0  57 35 3 -27 39 -3 -4 31  0 1 1 1 0 20 0 12.08 
0.303 4 4.10 4.10 4.1 4.1 0.166 0.111 1.4872 1.6065 0.7696 0.2600 -0.0009 0.012956 -1.977107 -4.1800 0 4.1800 0  22 14 37 -16 83 23 15 37  0 1 1 1 0 20 0 12.10 
0.304 4 4.10 4.10 4.1 4.1 0.162 0.134 1.4342 1.6065 1.1116 0.2617 -0.0009 0.012956 -1.977106 -4.1800 0 4.1800 0  49 23 7 22 7 17 29 4  0 1 1 1 0 20 0 12.10 
0.305 4 4.10 4.10 4.1 4.1 0.146 0.122 1.4872 1.6065 0.7696 0.2631 -0.0009 0.015547 -1.977109 -4.1800 0 4.1800 0  80 -6 9 39 48 -13 49 35  0 1 1 1 0 20 0 12.09 
0.306 4 4.10 4.10 4.1 4.1 0.181 0.129 1.4872 1.6065 0.7696 0.2647 -0.0008 0.015547 -1.977104 -4.1800 0 4.1800 0  31 30 -10 10 53 5 -2 43  0 1 1 1 0 20 0 12.09 
0.307 4 4.10 4.10 4.1 4.1 0.192 0.085 1.4872 1.5446 0.3705 0.2661 -0.0008 0.012956 -1.977099 -4.1800 0 4.1800 0  16 29 -1 -3 55 15 27 25  0 1 1 1 0 20 0 12.11 
0.308 4 4.10 4.10 4.1 4.1 0.214 0.145 1.4872 1.6065 0.7696 0.2675 -0.0008 0.015547 -1.977094 -4.1800 0 4.1800 0  42 19 2 26 -39 15 -3 -4  0 1 1 1 0 20 0 12.10 
0.309 4 4.10 4.10 4.1 4.1 0.168 0.124 1.4872 1.2952 -1.2386 0.2689 -0.0008 0.012956 -1.977088 -4.1800 0 4.1800 0  34 23 10 -25 69 21 7 24  0 1 1 1 0 20 0 12.10 
0.310 4 4.10 4.10 4.1 4.1 0.144 0.148 1.4872 1.6065 0.7696 0.2703 -0.0008 0.015547 -1.977081 -4.1800 0 4.1800 0  33 56 29 -12 23 -25 38 -4  0 1 1 1 0 20 0 12.09 
0.311 4 4.10 4.10 4.1 4.1 0.162 0.142 1.4872 1.6065 0.7696 0.2719 -0.0007 0.015547 -1.977072 -4.1800 0 4.1800 0  44 51 3 -9 7 18 -14 11  0 1 1 1 0 20 0 12.11 
0.312 4 4.10 4.10 4.1 4.1 0.174 0.125 1.4872 1.6065 0.7696 0.2733 -0.0007 0.018138 -1.977066 -4.1800 0 4.1800 0  45 42 6 -9 46 -5 40 42  0 1 1 1 0 20 0 12.10 
0.313 4 4.10 4.10 4.1 4.1 0.158 0.137 1.6065 1.6065 0.0000 0.2749 -0.0007 0.018138 -1.977064 -4.1800 0 4.1800 0  18 -1 39 35 35 -5 5 59  0 1 1 1 0 20 0 12.10 
0.314 4 4.10 4.10 4.1 4.1 0.146 0.115 1.5446 1.6065 0.3990 0.2763 -0.0007 0.015547 -1.977062 -4.1800 0 4.1800 0  9 28 19 -14 40 27 15 23  0 1 1 1 0 20 0 12.09 
0.315 4 4.10 4.10 4.1 4.1 0.177 0.105 1.5446 1.6065 0.3990 0.2777 -0.0006 0.018138 -1.977057 -4.1800 0 4.1800 0  -11 47 -14 -11 29 -21 16 22  0 1 1 1 0 20 0 12.08 
0.316 4 4.10 4.10 4.1 4.1 0.169 0.109 1.5446 1.6065 0.3990 0.2793 -0.0006 0.018138 -1.977050 -4.1800 0 4.1800 0  49 -22 -25 33 38 69 59 24  0 1 1 1 0 20 0 12.11 
0.317 4 4.10 4.10 4.1 4.1 0.164 0.147 1.5446 1.6065 0.3990 0.2807 -0.0006 0.015547 -1.977045 -4.1800 0 4.1800 0  48 -16 54 -15 -36 4 -47 45  0 1 1 1 0 20 0 12.11 
0.318 4 4.10 4.10 4.1 4.1 0.169 0.170 1.4872 1.6065 0.7696 0.2821 -0.0006 0.018138 -1.977046 -4.1800 0 4.1800 0  3 35 1 59 -34 16 5 7  0 1 1 1 0 20 0 12.10 
0.319 4 4.10 4.10 4.1 4.1 0.139 0.123 1.5446 1.6732 0.8292 0.2837 -0.0005 0.018138 -1.977045 -4.1800 0 4.1800 0  50 33 -18 -1 54 59 -4 1  0 1 1 1 0 20 0 12.08 
0.320 4 4.10 4.10 4.1 4.1 0.169 0.125 1.5446 1.6065 0.3990 0.2851 -0.0005 0.020729 -1.977039 -4.1800 0 4.1800 0  39 18 -17 -6 37 78 -1 37  0 1 1 1 0 20 0 12.10 
0.321 4 4.10 4.10 4.1 4.1 0.199 0.128 1.5446 1.5446 0.0000 0.2865 -0.0005 0.018138 -1.977032 -4.1800 0 4.1800 0  46 43 26 4 35 30 31 34  0 1 1 1 0 20 0 12.12 
0.322 4 4.10 4.10 4.1 4.1 0.172 0.127 1.5446 1.5446 0.0000 0.2882 -0.0005 0.018138 -1.977028 -4.1800 0 4.1800 0  51 40 -2 16 60 -29 57 31  0 1 1 1 0 20 0 12.11 
0.323 4 4.10 4.10 4.1 4.1 0.170 0.139 1.4872 1.6065 0.7696 0.2896 -0.0004 0.020729 -1.977025 -4.1800 0 4.1800 0  8 33 5 15 40 -11 17 44  0 1 1 1 0 20 0 12.10 
0.324 4 4.10 4.10 4.1 4.1 0.202 0.086 1.4872 1.3848 -0.6607 0.2912 -0.0004 0.020729 -1.977024 -4.1800 0 4.1800 0  -28 -31 58 20 35 22 -69 -41  0 1 1 1 0 20 0 12.10 
0.325 4 4.10 4.10 4.1 4.1 0.153 0.114 1.4872 1.6732 1.1997 0.2924 -0.0004 0.020729 -1.977025 -4.1800 0 4.1800 0  11 25 40 15 23 65 85 3  0 1 1 1 0 20 0 12.10 
0.326 4 4.10 4.10 4.1 4.1 0.152 0.090 1.4872 1.6732 1.1997 0.2940 -0.0003 0.020729 -1.977025 -4.1800 0 4.1800 0  16 -15 77 40 17 17 37 7  0 1 1 1 0 20 0 12.08 
0.327 4 4.10 4.10 4.1 4.1 0.154 0.124 1.5446 1.6732 0.8292 0.2956 -0.0003 0.020729 -1.977025 -4.1800 0 4.1800 0  -6 50 49 36 15 39 29 62  0 1 1 1 0 20 0 12.10 
0.328 4 4.10 4.10 4.1 4.1 0.172 0.100 1.4872 1.6065 0.7696 0.2970 -0.0003 0.023320 -1.977024 -4.1800 0 4.1800 0  3 41 -22 -27 16 5 48 -41  0 1 1 1 0 20 0 12.08 
0.329 4 4.10 4.10 4.1 4.1 0.178 0.131 1.4872 1.6065 0.7696 0.2984 -0.0002 0.020729 -1.977030 -4.1800 0 4.1800 0  43 5 28 34 25 21 13 -10  0 1 1 1 0 20 0 12.12 
0.330 4 4.10 4.10 4.1 4.1 0.181 0.153 1.5446 1.5446 0.0000 0.3000 -0.0002 0.020729 -1.977038 -4.1800 0 4.1800 0  58 -1 13 -11 3 64 18 38  0 1 1 1 0 20 0 12.12 
0.331 4 4.10 4.10 4.1 4.1 0.146 0.118 1.5446 1.6065 0.3990 0.3014 -0.0002 0.023320 -1.977035 -4.1800 0 4.1800 0  58 37 28 -16 33 19 11 47  0 1 1 1 0 20 0 12.11 
0.332 4 4.10 4.10 4.1 4.1 0.152 0.146 1.5446 1.3848 -1.0313 0.3028 -0.0001 0.020729 -1.977029 -4.1800 0 4.1800 0  36 90 -36 21 20 3 -1 10  0 1 1 1 0 20 0 12.10 
0.333 4 4.10 4.10 4.1 4.1 0.181 0.097 1.5446 1.6065 0.3990 0.3042 -0.0001 0.023320 -1.977028 -4.1800 0 4.1800 0  -10 22 61 42 -13 -29 47 31  0 1 1 1 0 20 0 12.08 
0.334 4 4.10 4.10 4.1 4.1 0.147 0.116 1.5446 1.6065 0.3990 0.3058 -0.0001 0.023320 -1.977030 -4.1800 0 4.1800 0  8 -5 7 26 30 42 36 -35  0 1 1 1 0 20 0 12.10 
0.335 4 4.10 4.10 4.1 4.1 0.167 0.108 1.4872 1.6065 0.7696 0.3074 -0.0000 0.023320 -1.977034 -4.1800 0 4.1800 0  37 80 22 -20 39 29 45 0  0 1 1 1 0 20 0 12.10 
0.336 4 4.10 4.10 4.1 4.1 0.131 0.102 1.5446 1.6065 0.3990 0.3088 -0.0000 0.025911 -1.977040 -4.1800 0 4.1800 0  -51 25 28 15 41 6 6 -15  0 1 1 1 0 20 0 12.10 
0.337 4 4.10 4.10 4.1 4.1 0.184 0.114 1.5446 1.5446 0.0000 0.3102 0.0000 0.023320 -1.977044 -4.1800 0 4.1800 0  48 12 30 -22 42 44 -6 13  0 1 1 1 0 20 0 12.10 
0.338 4 4.10 4.10 4.1 4.1 0.155 0.113 1.5446 1.5446 0.0000 0.3118 0.0001 0.023320 -1.977045 -4.1800 0 4.1800 0  12 23 44 16 19 -31 -5 -12  0 1 1 1 0 20 0 12.10 
0.339 4 4.10 4.10 4.1 4.1 0.191 0.142 1.4872 1.6065 0.7696 0.3132 0.0001 0.025911 -1.977044 -4.1800 0 4.1800 0  0 17 30 -40 32 59 26 7  0 1 1 1 0 20 0 12.10 
0.340 4 4.10 4.10 4.1 4.1 0.177 0.116 1.5446 1.4342 -0.7126 0.3147 0.0001 0.023320 -1.977043 -4.1800 0 4.1800 0  62 -14 10 5 40 0 8 13  0 1 1 1 0 20 0 12.10 
0.341 4 4.10 4.10 4.1 4.1 0.158 0.093 1.4872 1.6732 1.1997 0.3161 0.0002 0.025911 -1.977041 -4.1800 0 4.1800 0  7 54 -39 -13 2 23 -49 -18  0 1 1 1 0 20 0 12.12 
0.342 4 4.10 4.10 4.1 4.1 0.200 0.139 1.4872 1.6065 0.7696 0.3177 0.0002 0.025911 -1.977041 -4.1800 0 4.1800 0  4 59 40 -30 1 9 10 -6  0 1 1 1 0 20 0 12.09 
0.343 4 4.10 4.10 4.1 4.1 0.181 0.093 1.4872 1.6065 0.7696 0.3193 0.0003 0.025911 -1.977044 -4.1800 0 4.1800 0  38 39 -10 -15 38 57 15 36  0 1 1 1 0 20 0 12.12 
0.344 4 4.10 4.10 4.1 4.1 0.173 0.139 1.4872 1.6732 1.1997 0.3207 0.0003 0.028502 -1.977046 -4.1800 0 4.1800 0  35 17 51 3 47 43 28 8  0 1 1 1 0 20 0 12.11 
0.345 4 4.10 4.10 4.1 4.1 0.144 0.119 1.5446 1.4872 -0.3705 0.3221 0.0003 0.025911 -1.977051 -4.1800 0 4.1800 0  70 13 43 -36 74 -20 -11 -20  0 1 1 1 0 20 0 12.11 
0.346 4 4.10 4.10 4.1 4.1 0.169 0.112 1.5446 1.5446 0.0000 0.3237 0.0004 0.025911 -1.977057 -4.1800 0 4.1800 0  30 -9 45 15 -4 20 13 -9  0 1 1 1 0 20 0 12.11 
0.347 4 4.10 4.10 4.1 4.1 0.181 0.139 1.5446 1.6065 0.3990 0.3251 0.0004 0.028502 -1.977062 -4.1800 0 4.1800 0  -27 2 16 14 -2 56 -5 30  0 1 1 1 0 20 0 12.11 
0.348 4 4.10 4.10 4.1 4.1 0.161 0.152 1.5446 1.6065 0.3990 0.3265 0.0005 0.025911 -1.977064 -4.1800 0 4.1800 0  -11 32 51 5 48 -10 -25 1  0 1 1 1 0 20 0 12.09 
0.349 4 4.10 4.10 4.1 4.1 0.142 0.171 1.5446 1.6732 0.8292 0.3279 0.0005 0.028502 -1.977061 -4.1800 0 4.1800 0  9 17 26 10 19 8 66 -9  0 1 1 1 0 20 0 12.11 
0.350 4 4.10 4.10 4.1 4.1 0.162 0.136 1.6065 1.6065 0.0000 0.3295 0.0005 0.028502 -1.977054 -4.1800 0 4.1800 0  40 21 25 -23 13 -4 34 25  0 1 1 1 0 20 0 12.10 
0.351 4 4.10 4.10 4.1 4.1 0.184 0.125 1.6065 1.6065 0.0000 0.3311 0.0006 0.028502 -1.977048 -4.1800 0 4.1800 0  -33 16 28 -8 27 50 30 30  0 1 1 1 0 20 0 12.11 
0.352 4 4.10 4.10 4.1 4.1 0.165 0.111 1.5446 1.5446 0.0000 0.3325 0.0006 0.031093 -1.977041 -4.1800 0 4.1800 0  -5 -1 1 25 30 -10 12 29  0 1 1 1 0 20 0 12.10 
0.353 4 4.10 4.10 4.1 4.1 0.187 0.125 1.6065 1.5446 -0.3990 0.3339 0.0007 0.028502 -1.977033 -4.1800 0 4.1800 0  11 26 9 -4 76 29 60 66  0 1 1 1 0 20 0 12.10 
0.354 4 4.10 4.10 4.1 4.1 0.162 0.102 1.5446 1.5446 0.0000 0.3355 0.0007 0.028502 -1.977022 -4.1800 0 4.1800 0  -15 2 29 -50 43 7 25 33  0 1 1 1 0 20 0 12.12 
0.355 4 4.10 4.10 4.1 4.1 0.211 0.108 1.5446 1.5446 0.0000 0.3369 0.0008 0.031093 -1.977010 -4.1800 0 4.1800 0  28 -24 35 23 65 37 21 -8  0 1 1 1 0 20 0 12.10 
0.356 4 4.10 4.10 4.1 4.1 0.169 0.137 1.4872 1.5446 0.3705 0.3383 0.0008 0.028502 -1.977002 -4.1800 0 4.1800 0  32 -6 18 -21 40 40 12 13  0 1 1 1 0 20 0 12.10 
0.357 4 4.10 4.10 4.1 4.1 0.159 0.150 1.4872 1.6065 0.7696 0.3399 0.0008 0.028502 -1.976999 -4.1800 0 4.1800 0  67 42 14 17 55 -2 -12 -7  0 1 1 1 0 20 0 12.10 
0.358 4 4.10 4.10 4.1 4.1 0.112 0.093 1.4872 1.6065 0.7696 0.3414 0.0009 0.031093 -1.977002 -4.1800 0 4.1800 0  19 45 42 -17 -45 49 -15 1  0 1 1 1 0 20 0 12.11 
0.359 4 4.10 4.10 4.1 4.1 0.207 0.121 1.5446 1.6732 0.8292 0.3430 0.0009 0.031093 -1.977011 -4.1800 0 4.1800 0  38 20 24 63 -22 58 23 -19  0 1 1 1 0 20 0 12.10 
0.360 4 4.10 4.10 4.1 4.1 0.166 0.131 1.4872 1.6732 1.1997 0.3444 0.0010 0.033685 -1.977021 -4.1800 0 4.1800 0  -25 -33 56 4 45 13 -4 -4  0 1 1 1 0 20 0 12.10 
0.361 4 4.10 4.10 4.1 4.1 0.182 0.121 1.5446 1.6065 0.3990 0.3458 0.0010 0.031093 -1.977030 -4.1800 0 4.1800 0  6 42 -3 -10 33 -3 -26 35  0 1 1 1 0 20 0 12.09 
0.362 4 4.10 4.10 4.1 4.1 0.174 0.098 1.5446 1.6065 0.3990 0.3474 0.0011 0.031093 -1.977033 -4.1800 0 4.1800 0  28 77 32 -9 1 58 43 0  0 1 1 1 0 20 0 12.12 
0.363 4 4.10 4.10 4.1 4.1 0.173 0.095 1.4872 1.6065 0.7696 0.3488 0.0011 0.033685 -1.977028 -4.1800 0 4.1800 0  64 -4 13 3 28 2 40 16  0 1 1 1 0 20 0 12.11 
0.364 4 4.10 4.10 4.1 4.1 0.184 0.124 1.4872 1.6065 0.7696 0.3504 0.0012 0.033685 -1.977021 -4.1800 0 4.1800 0  19 21 24 -43 8 -16 -22 -3  0 1 1 1 0 20 0 12.10 
0.365 4 4.10 4.10 4.1 4.1 0.169 0.133 1.4872 1.6065 0.7696 0.3518 0.0012 0.031093 -1.977013 -4.1800 0 4.1800 0  -6 -8 64 -15 10 24 -11 53  0 1 1 1 0 20 0 12.09 
0.366 4 4.10 4.10 4.1 4.1 0.169 0.132 1.5446 1.6065 0.3990 0.3532 0.0013 0.033685 -1.977009 -4.1800 0 4.1800 0  53 13 -10 10 8 27 55 66  0 1 1 1 0 20 0 12.11 
0.367 4 4.10 4.10 4.1 4.1 0.135 0.150 1.4872 1.6065 0.7696 0.3548 0.0013 0.033685 -1.977005 -4.1800 0 4.1800 0  2 17 7 52 38 -19 69 13  0 1 1 1 0 20 0 12.10 
0.368 4 4.10 4.10 4.1 4.1 0.199 0.117 1.5446 1.6065 0.3990 0.3564 0.0014 0.033685 -1.976997 -4.1800 0 4.1800 0  58 26 -32 -2 60 7 15 77  0 1 1 1 0 20 0 12.09 
0.369 4 4.10 4.10 4.1 4.1 0.199 0.143 1.5446 1.6065 0.3990 0.3576 0.0014 0.033685 -1.977005 -4.1800 0 4.1800 0  58 33 36 -6 49 -30 36 27  0 1 1 1 0 20 0 12.12 
0.370 4 4.10 4.10 4.1 4.1 0.160 0.121 1.5446 1.5446 0.0000 0.3592 0.0015 0.033685 -1.977012 -4.1800 0 4.1800 0  24 36 -28 44 38 39 18 -35  0 1 1 1 0 20 0 12.12 
