%% logfile from robot 22
%  1    time 0.000 sec
%  2    mission (0) state 2
%  3  4 Motor velocity ref left, right: 2.10 2.10
%  5  6 Motor voltage [V] left, right: 2.1 2.1
%  7  8 Motor current left, right [A]: -0.002 0.001
%  9 10 Wheel velocity [m/s] left, right: 0.0000 0.0000
% 11    Turnrate [r/s]: 0.0000
% 12 13 14 15 Pose x,y,h,tilt [m,m,rad,rad]: 0.0000 0.0000 0.000000 -1.924745
% 16 .. 35 Line sensor: left -1.074246 0, right 1.912523 0, values 10 -1 30 19 17 17 17 40, white 0, used 1, LEDhigh=1, xb=1 xw=0 xbc=20 xwc=0
% 35    Battery voltage [V]: 12.20
0.001 2 2.10 2.10 2.1 2.1 0.046 0.082 0.0000 0.0000 0.0000 0.0000 0.0000 0.000000 -1.924752 -1.0742 0 1.9125 0  6 15 10 26 21 15 0 7  0 1 1 1 0 20 0 12.15 
0.002 2 2.10 2.10 2.1 2.1 0.299 0.338 0.0000 0.0000 0.0000 0.0000 0.0000 0.000000 -1.924758 -1.0742 0 1.9125 0  -1 36 12 36 13 13 -7 10  0 1 1 1 0 20 0 12.13 
0.003 2 2.10 2.10 2.1 2.1 0.496 0.439 0.0000 0.0000 0.0000 0.0000 0.0000 0.000000 -1.924755 -1.0742 0 1.9125 0  21 -1 11 22 11 16 11 5  0 1 1 1 0 20 0 12.10 
0.004 2 2.10 2.10 2.1 2.1 0.556 0.499 0.0000 0.0000 0.0000 0.0000 0.0000 0.000000 -1.924751 -1.0742 0 1.9125 0  20 15 12 43 14 10 12 17  0 1 1 1 0 20 0 12.09 
0.005 2 2.10 2.10 2.1 2.1 0.605 0.524 0.0000 0.0000 0.0000 0.0004 0.0000 0.000000 -1.924746 -1.0742 0 1.9125 0  26 2 23 15 15 32 16 -7  0 1 1 1 0 20 0 12.08 
0.006 2 2.10 2.10 2.1 2.1 0.595 0.529 0.0000 0.0000 0.0000 0.0004 0.0000 0.000000 -1.924738 -1.0742 0 1.9125 0  23 3 9 46 19 31 0 14  0 1 1 1 0 20 0 12.09 
0.007 2 2.10 2.10 2.1 2.1 0.602 0.489 0.0000 0.0000 0.0000 0.0004 0.0000 0.000000 -1.924734 -1.0742 0 1.9125 0  13 16 5 17 22 -5 19 24  0 1 1 1 0 20 0 12.09 
0.008 2 2.10 2.10 2.1 2.1 0.506 0.518 0.1217 0.1345 0.0829 0.0008 0.0000 0.000000 -1.924734 -1.0742 0 1.9125 0  -1 42 7 38 12 36 2 7  0 1 1 1 0 20 0 12.10 
0.009 2 2.10 2.10 2.1 2.1 0.477 0.481 0.1217 0.1345 0.0829 0.0008 0.0000 0.000000 -1.924730 -1.0742 0 1.9125 0  19 10 8 31 13 11 3 0  0 1 1 1 0 20 0 12.10 
0.010 2 2.10 2.10 2.1 2.1 0.466 0.461 0.1920 0.2048 0.0829 0.0012 0.0000 0.000000 -1.924730 -1.0742 0 1.9125 0  0 14 10 24 15 8 -1 9  0 1 1 1 0 20 0 12.10 
0.011 2 2.10 2.10 2.1 2.1 0.459 0.445 0.1920 0.2048 0.0829 0.0012 0.0000 0.000000 -1.924738 -1.0742 0 1.9125 0  22 9 1 35 12 10 10 2  0 1 1 1 0 20 0 12.10 
0.012 2 2.10 2.10 2.1 2.1 0.441 0.446 0.2181 0.2080 -0.0648 0.0016 0.0000 0.000000 -1.924746 -1.0742 0 1.9125 0  10 32 9 50 17 12 10 11  0 1 1 1 0 20 0 12.11 
0.013 2 2.10 2.10 2.1 2.1 0.409 0.407 0.2695 0.2080 -0.3964 0.0018 -0.0000 -0.002591 -1.924754 -1.0742 0 1.9125 0  24 15 8 33 4 17 -4 0  0 1 1 1 0 20 0 12.11 
0.014 2 2.10 2.10 2.1 2.1 0.405 0.412 0.2695 0.2888 0.1244 0.0020 -0.0000 0.000000 -1.924763 -1.0742 0 1.9125 0  7 -22 12 36 9 32 -10 10  0 1 1 1 0 20 0 12.11 
0.015 2 2.10 2.10 2.1 2.1 0.375 0.397 0.2868 0.2787 -0.0518 0.0024 -0.0000 0.000000 -1.924772 -1.0742 0 1.9125 0  33 29 25 41 26 0 14 12  0 1 1 1 0 20 0 12.11 
0.016 2 2.10 2.10 2.1 2.1 0.396 0.371 0.3265 0.3490 0.1451 0.0028 -0.0000 0.000000 -1.924768 -1.0742 0 1.9125 0  14 31 11 8 11 -15 21 10  0 1 1 1 0 20 0 12.11 
0.017 2 2.10 2.10 2.1 2.1 0.354 0.341 0.3161 0.3462 0.1943 0.0030 -0.0000 -0.002591 -1.924766 -1.0742 0 1.9125 0  10 12 16 24 15 11 -6 4  0 1 1 1 0 20 0 12.11 
0.018 2 2.10 2.10 2.1 2.1 0.388 0.310 0.3683 0.3088 -0.3835 0.0034 -0.0000 -0.002591 -1.924771 -1.0742 0 1.9125 0  16 -26 2 32 14 10 5 20  0 1 1 1 0 20 0 12.13 
0.019 2 2.10 2.10 2.1 2.1 0.305 0.332 0.3715 0.3823 0.0700 0.0038 -0.0000 -0.002591 -1.924768 -1.0742 0 1.9125 0  18 29 31 28 25 11 13 10  0 1 1 1 0 20 0 12.13 
0.020 2 2.10 2.10 2.1 2.1 0.323 0.334 0.3896 0.3550 -0.2228 0.0042 -0.0000 -0.002591 -1.924768 -1.0742 0 1.9125 0  19 21 20 22 8 1 45 13  0 1 1 1 0 20 0 12.13 
0.021 2 2.10 2.10 2.1 2.1 0.299 0.313 0.3896 0.3823 -0.0466 0.0044 -0.0000 0.000000 -1.924771 -1.0742 0 1.9125 0  17 23 14 37 5 -7 17 26  0 1 1 1 0 20 0 12.12 
0.022 2 2.10 2.10 2.1 2.1 0.306 0.318 0.3550 0.3490 -0.0389 0.0048 -0.0000 0.000000 -1.924775 -1.0742 0 1.9125 0  16 -20 13 17 21 16 -1 6  0 1 1 1 0 20 0 12.12 
0.023 2 2.10 2.10 2.1 2.1 0.292 0.322 0.3823 0.3896 0.0466 0.0052 -0.0000 0.000000 -1.924777 -1.0742 0 1.9125 0  26 -14 31 41 20 9 18 18  0 1 1 1 0 20 0 12.14 
0.024 2 2.10 2.10 2.1 2.1 0.301 0.308 0.3976 0.4056 0.0518 0.0058 -0.0000 -0.002591 -1.924775 -1.0742 0 1.9125 0  22 21 19 19 7 24 34 32  0 1 1 1 0 20 0 12.13 
0.025 2 2.10 2.10 2.1 2.1 0.301 0.305 0.4410 0.4362 -0.0311 0.0062 -0.0000 -0.002591 -1.924767 -1.0742 0 1.9125 0  9 21 17 28 7 5 -3 14  0 1 1 1 0 20 0 12.13 
0.026 2 2.10 2.10 2.1 2.1 0.312 0.327 0.4562 0.4410 -0.0985 0.0068 -0.0000 0.000000 -1.924756 -1.0742 0 1.9125 0  15 13 -1 18 5 -1 11 26  0 1 1 1 0 20 0 12.13 
0.027 2 2.10 2.10 2.1 2.1 0.318 0.279 0.4462 0.4510 0.0311 0.0072 -0.0000 0.000000 -1.924748 -1.0742 0 1.9125 0  31 -13 30 25 31 35 -11 21  0 1 1 1 0 20 0 12.13 
0.028 2 2.10 2.10 2.1 2.1 0.298 0.263 0.4667 0.4779 0.0726 0.0076 -0.0000 0.000000 -1.924737 -1.0742 0 1.9125 0  6 38 21 18 29 -5 8 7  0 1 1 1 0 20 0 12.12 
0.029 2 2.10 2.10 2.1 2.1 0.264 0.250 0.4615 0.4510 -0.0674 0.0080 -0.0000 0.000000 -1.924720 -1.0742 0 1.9125 0  2 36 17 24 16 18 9 12  0 1 1 1 0 20 0 12.12 
0.030 2 2.10 2.10 2.1 2.1 0.261 0.240 0.4836 0.4896 0.0389 0.0084 -0.0000 0.000000 -1.924707 -1.0742 0 1.9125 0  15 -32 3 20 9 7 -10 15  0 1 1 1 0 20 0 12.13 
0.031 2 2.10 2.10 2.1 2.1 0.256 0.251 0.4956 0.5213 0.1658 0.0092 -0.0000 0.000000 -1.924709 -1.0742 0 1.9125 0  13 25 18 27 32 26 4 6  0 1 1 1 0 20 0 12.13 
0.032 2 2.10 2.10 2.1 2.1 0.261 0.254 0.5020 0.4667 -0.2280 0.0096 -0.0000 0.000000 -1.924721 -1.0742 0 1.9125 0  4 22 21 17 20 -6 17 9  0 1 1 1 0 20 0 12.13 
0.033 2 2.10 2.10 2.1 2.1 0.248 0.203 0.5213 0.5149 -0.0415 0.0100 -0.0000 0.000000 -1.924727 -1.0742 0 1.9125 0  27 14 4 22 31 10 -9 4  0 1 1 1 0 20 0 12.13 
0.034 2 2.10 2.10 2.1 2.1 0.236 0.230 0.5281 0.5281 0.0000 0.0106 -0.0000 -0.002591 -1.924731 -1.0742 0 1.9125 0  20 18 20 26 26 39 -7 8  0 1 1 1 0 20 0 12.13 
0.035 2 2.10 2.10 2.1 2.1 0.236 0.238 0.5149 0.4956 -0.1244 0.0112 -0.0000 0.000000 -1.924736 -1.0742 0 1.9125 0  16 28 9 31 32 25 3 -1  0 1 1 1 0 20 0 12.13 
0.036 2 2.10 2.10 2.1 2.1 0.208 0.238 0.5354 0.5426 0.0466 0.0116 -0.0000 0.000000 -1.924735 -1.0742 0 1.9125 0  16 -18 9 14 4 9 24 24  0 1 1 1 0 20 0 12.13 
0.037 2 2.10 2.10 2.1 2.1 0.199 0.196 0.5575 0.5213 -0.2332 0.0122 -0.0000 -0.002591 -1.924724 -1.0742 0 1.9125 0  21 26 18 27 32 37 -4 -2  0 1 1 1 0 20 0 12.13 
0.038 2 2.10 2.10 2.1 2.1 0.195 0.218 0.5281 0.5498 0.1399 0.0129 -0.0000 0.000000 -1.924714 -1.0742 0 1.9125 0  10 36 13 33 17 9 16 12  0 1 1 1 0 20 0 12.14 
0.039 2 2.10 2.10 2.1 2.1 0.253 0.229 0.5904 0.5820 -0.0544 0.0135 -0.0000 -0.002591 -1.924704 -1.0742 0 1.9125 0  12 28 4 21 30 10 -16 4  0 1 1 1 0 20 0 12.14 
0.040 2 2.10 2.10 2.1 2.1 0.231 0.208 0.5904 0.6085 0.1166 0.0141 -0.0000 0.000000 -1.924701 -1.0742 0 1.9125 0  22 27 9 17 -5 14 25 16  0 1 1 1 0 20 0 12.14 
0.041 2 2.10 2.10 2.1 2.1 0.229 0.179 0.5575 0.5655 0.0518 0.0145 -0.0000 0.000000 -1.924699 -1.0742 0 1.9125 0  21 23 25 30 31 8 -11 0  0 1 1 1 0 20 0 12.14 
0.042 2 2.10 2.10 2.1 2.1 0.191 0.165 0.6085 0.5020 -0.6866 0.0151 -0.0000 -0.002591 -1.924687 -1.0742 0 1.9125 0  20 28 6 35 25 8 3 15  0 1 1 1 0 20 0 12.15 
0.043 2 2.10 2.10 2.1 2.1 0.219 0.181 0.6177 0.5904 -0.1762 0.0157 -0.0000 0.000000 -1.924675 -1.0742 0 1.9125 0  12 14 11 32 31 1 2 13  0 1 1 1 0 20 0 12.14 
0.044 2 2.10 2.10 2.1 2.1 0.194 0.175 0.5904 0.6177 0.1762 0.0165 -0.0000 0.000000 -1.924671 -1.0742 0 1.9125 0  23 -6 7 30 4 7 33 15  0 1 1 1 0 20 0 12.13 
0.045 2 2.10 2.10 2.1 2.1 0.206 0.177 0.5820 0.5820 0.0000 0.0169 -0.0000 0.000000 -1.924669 -1.0742 0 1.9125 0  18 23 16 30 40 36 -12 18  0 1 1 1 0 20 0 12.13 
0.046 2 2.10 2.10 2.1 2.1 0.181 0.146 0.6474 0.5820 -0.4224 0.0175 -0.0000 -0.002591 -1.924671 -1.0742 0 1.9125 0  14 10 21 31 29 17 0 -4  0 1 1 1 0 20 0 12.13 
0.047 2 2.10 2.10 2.1 2.1 0.178 0.155 0.6374 0.6273 -0.0648 0.0181 -0.0000 0.000000 -1.924675 -1.0742 0 1.9125 0  11 25 12 28 16 19 -7 11  0 1 1 1 0 20 0 12.14 
0.048 2 2.10 2.10 2.1 2.1 0.155 0.147 0.6374 0.6474 0.0648 0.0189 -0.0000 0.000000 -1.924679 -1.0742 0 1.9125 0  33 1 3 30 -1 -9 30 4  0 1 1 1 0 20 0 12.14 
0.049 2 2.10 2.10 2.1 2.1 0.208 0.155 0.6273 0.5820 -0.2928 0.0195 -0.0000 -0.002591 -1.924677 -1.0742 0 1.9125 0  8 18 12 29 34 17 -2 22  0 1 1 1 0 20 0 12.14 
0.050 2 2.10 2.10 2.1 2.1 0.184 0.183 0.6273 0.6374 0.0648 0.0201 -0.0000 0.000000 -1.924669 -1.0742 0 1.9125 0  27 5 8 31 35 9 -22 9  0 1 1 1 0 20 0 12.14 
0.051 2 2.10 2.10 2.1 2.1 0.200 0.171 0.6273 0.6583 0.1995 0.0207 -0.0000 -0.002591 -1.924666 -1.0742 0 1.9125 0  22 21 19 25 22 15 -23 3  0 1 1 1 0 20 0 12.15 
0.052 2 2.10 2.10 2.1 2.1 0.158 0.147 0.6474 0.6474 0.0000 0.0213 -0.0000 0.000000 -1.924661 -1.0742 0 1.9125 0  16 34 2 15 -2 26 19 19  0 1 1 1 0 20 0 12.14 
0.053 2 2.10 2.10 2.1 2.1 0.171 0.150 0.6583 0.6273 -0.1995 0.0219 -0.0000 -0.002591 -1.924648 -1.0742 0 1.9125 0  16 21 17 17 26 29 -22 0  0 1 1 1 0 20 0 12.14 
0.054 2 2.10 2.10 2.1 2.1 0.146 0.150 0.6273 0.6177 -0.0622 0.0225 -0.0000 0.000000 -1.924639 -1.0742 0 1.9125 0  21 17 25 31 31 18 -12 11  0 1 1 1 0 20 0 12.16 
0.055 2 2.10 2.10 2.1 2.1 0.156 0.195 0.6583 0.6374 -0.1347 0.0233 -0.0000 0.000000 -1.924638 -1.0742 0 1.9125 0  36 36 18 28 30 15 -19 7  0 1 1 1 0 20 0 12.14 
0.056 2 2.10 2.10 2.1 2.1 0.131 0.177 0.6374 0.6691 0.2047 0.0239 -0.0000 -0.002591 -1.924642 -1.0742 0 1.9125 0  24 35 18 18 13 27 30 19  0 1 1 1 0 20 0 12.14 
0.057 2 2.10 2.10 2.1 2.1 0.159 0.116 0.6583 0.6583 0.0000 0.0245 -0.0000 0.000000 -1.924645 -1.0742 0 1.9125 0  19 18 -2 21 24 26 -13 0  0 1 1 1 0 20 0 12.14 
0.058 2 2.10 2.10 2.1 2.1 0.131 0.109 0.6583 0.6924 0.2202 0.0253 -0.0000 0.000000 -1.924651 -1.0742 0 1.9125 0  26 27 14 30 40 39 3 -1  0 1 1 1 0 20 0 12.14 
0.059 2 2.10 2.10 2.1 2.1 0.159 0.144 0.6804 0.6374 -0.2773 0.0259 -0.0000 -0.002591 -1.924659 -1.0742 0 1.9125 0  19 -3 6 22 36 6 -14 11  0 1 1 1 0 20 0 12.14 
0.060 2 2.10 2.10 2.1 2.1 0.163 0.139 0.6474 0.6804 0.2125 0.0265 -0.0000 0.000000 -1.924673 -1.0742 0 1.9125 0  17 19 21 41 7 -3 19 16  0 1 1 1 0 20 0 12.14 
0.061 2 2.10 2.10 2.1 2.1 0.167 0.142 0.6583 0.5992 -0.3809 0.0271 -0.0000 -0.002591 -1.924688 -1.0742 0 1.9125 0  16 27 17 21 24 14 -5 4  0 1 1 1 0 20 0 12.15 
0.062 2 2.10 2.10 2.1 2.1 0.140 0.116 0.6273 0.6924 0.4198 0.0279 -0.0000 -0.002591 -1.924699 -1.0742 0 1.9125 0  17 15 17 24 25 20 -7 3  0 1 1 1 0 20 0 12.15 
0.063 2 2.10 2.10 2.1 2.1 0.143 0.113 0.6691 0.7044 0.2280 0.0285 -0.0000 0.000000 -1.924706 -1.0742 0 1.9125 0  12 17 8 22 35 12 -25 -13  0 1 1 1 0 20 0 12.14 
0.064 2 2.10 2.10 2.1 2.1 0.165 0.153 0.6804 0.6804 0.0000 0.0293 -0.0000 0.000000 -1.924708 -1.0742 0 1.9125 0  25 8 21 2 -2 0 50 14  0 1 1 1 0 20 0 12.14 
0.065 2 2.10 2.10 2.1 2.1 0.148 0.145 0.6804 0.7044 0.1555 0.0299 -0.0000 -0.002591 -1.924707 -1.0742 0 1.9125 0  27 -24 16 16 22 8 9 16  0 1 1 1 0 20 0 12.14 
0.066 2 2.10 2.10 2.1 2.1 0.128 0.116 0.6583 0.6374 -0.1347 0.0305 -0.0000 0.000000 -1.924707 -1.0742 0 1.9125 0  20 19 14 28 20 8 -2 11  0 1 1 1 0 20 0 12.15 
0.067 2 2.10 2.10 2.1 2.1 0.142 0.128 0.6804 0.6583 -0.1425 0.0313 -0.0000 0.000000 -1.924706 -1.0742 0 1.9125 0  13 -5 -1 8 22 27 -12 5  0 1 1 1 0 20 0 12.14 
0.068 2 2.10 2.10 2.1 2.1 0.119 0.141 0.6474 0.7044 0.3679 0.0319 -0.0000 -0.002591 -1.924702 -1.0742 0 1.9125 0  18 -8 19 28 13 3 72 37  0 1 1 1 0 20 0 12.15 
0.069 2 2.10 2.10 2.1 2.1 0.157 0.135 0.6804 0.7169 0.2358 0.0325 -0.0000 0.000000 -1.924697 -1.0742 0 1.9125 0  17 30 19 32 27 -1 -7 7  0 1 1 1 0 20 0 12.15 
0.070 2 2.10 2.10 2.1 2.1 0.149 0.122 0.7169 0.7434 0.1710 0.0333 -0.0000 0.000000 -1.924691 -1.0742 0 1.9125 0  20 18 12 27 20 -3 13 24  0 1 1 1 0 20 0 12.14 
0.071 2 2.10 2.10 2.1 2.1 0.146 0.123 0.6924 0.7169 0.1581 0.0341 -0.0000 0.000000 -1.924688 -1.0742 0 1.9125 0  20 -25 12 12 21 1 -11 -11  0 1 1 1 0 20 0 12.14 
0.072 2 2.10 2.10 2.1 2.1 0.121 0.116 0.7044 0.6374 -0.4327 0.0347 -0.0000 -0.002591 -1.924685 -1.0742 0 1.9125 0  8 31 21 26 1 22 49 28  0 1 1 1 0 20 0 12.16 
0.073 2 2.10 2.10 2.1 2.1 0.130 0.116 0.6583 0.6924 0.2202 0.0353 -0.0000 0.000000 -1.924678 -1.0742 0 1.9125 0  16 14 12 29 29 13 -5 22  0 1 1 1 0 20 0 12.15 
0.074 2 2.10 2.10 2.1 2.1 0.143 0.110 0.6691 0.6804 0.0726 0.0361 -0.0000 0.000000 -1.924673 -1.0742 0 1.9125 0  0 25 25 19 22 9 7 21  0 1 1 1 0 20 0 12.15 
0.075 2 2.10 2.10 2.1 2.1 0.121 0.133 0.7302 0.7302 0.0000 0.0367 -0.0000 -0.002591 -1.924668 -1.0742 0 1.9125 0  18 26 -1 25 25 4 -25 1  0 1 1 1 0 20 0 12.14 
0.076 2 2.10 2.10 2.1 2.1 0.128 0.089 0.7302 0.7302 0.0000 0.0374 -0.0000 0.000000 -1.924665 -1.0742 0 1.9125 0  17 4 16 6 7 6 10 15  0 1 1 1 0 20 0 12.15 
0.077 2 2.10 2.10 2.1 2.1 0.105 0.087 0.7169 0.7434 0.1710 0.0382 -0.0000 0.000000 -1.924666 -1.0742 0 1.9125 0  14 23 14 29 29 20 -18 7  0 1 1 1 0 20 0 12.16 
0.078 2 2.10 2.10 2.1 2.1 0.149 0.109 0.7044 0.7169 0.0803 0.0390 -0.0000 0.000000 -1.924670 -1.0742 0 1.9125 0  16 -4 9 34 23 14 -35 11  0 1 1 1 0 20 0 12.14 
0.079 2 2.10 2.10 2.1 2.1 0.156 0.114 0.7169 0.7575 0.2617 0.0398 -0.0000 0.000000 -1.924677 -1.0742 0 1.9125 0  13 20 5 29 28 9 -25 -4  0 1 1 1 0 20 0 12.14 
0.080 2 2.10 2.10 2.1 2.1 0.160 0.105 0.6924 0.6924 0.0000 0.0402 -0.0000 0.000000 -1.924680 -1.0742 0 1.9125 0  30 13 20 15 2 -8 14 5  0 1 1 1 0 20 0 12.14 
0.081 2 2.10 2.10 2.1 2.1 0.109 0.094 0.7044 0.7044 0.0000 0.0410 -0.0000 0.000000 -1.924682 -1.0742 0 1.9125 0  22 -17 9 26 26 4 -9 0  0 1 1 1 0 20 0 12.15 
0.082 2 2.10 2.10 2.1 2.1 0.123 0.108 0.6924 0.7044 0.0777 0.0418 -0.0000 0.000000 -1.924690 -1.0742 0 1.9125 0  15 44 24 23 30 11 -1 8  0 1 1 1 0 20 0 12.15 
0.083 2 2.10 2.10 2.1 2.1 0.127 0.115 0.7169 0.7169 0.0000 0.0426 -0.0000 0.000000 -1.924700 -1.0742 0 1.9125 0  16 11 9 14 37 45 -14 -11  0 1 1 1 0 20 0 12.14 
0.084 2 2.10 2.10 2.1 2.1 0.139 0.127 0.7302 0.7434 0.0855 0.0430 -0.0000 0.000000 -1.924709 -1.0742 0 1.9125 0  17 37 13 15 31 34 -17 8  0 1 1 1 0 20 0 12.15 
0.085 2 2.10 2.10 2.1 2.1 0.107 0.088 0.7044 0.7302 0.1658 0.0438 -0.0000 0.000000 -1.924716 -1.0742 0 1.9125 0  16 26 17 26 28 17 -15 4  0 1 1 1 0 20 0 12.15 
0.086 2 2.10 2.10 2.1 2.1 0.121 0.079 0.7169 0.7575 0.2617 0.0446 -0.0000 0.000000 -1.924720 -1.0742 0 1.9125 0  37 11 14 56 36 30 -9 1  0 1 1 1 0 20 0 12.15 
0.087 2 2.10 2.10 2.1 2.1 0.114 0.109 0.7302 0.7434 0.0855 0.0454 -0.0000 0.000000 -1.924724 -1.0742 0 1.9125 0  12 31 5 39 25 13 -13 9  0 1 1 1 0 20 0 12.15 
0.088 2 2.10 2.10 2.1 2.1 0.154 0.123 0.7044 0.7575 0.3420 0.0460 -0.0000 0.002591 -1.924730 -1.0742 0 1.9125 0  17 -4 0 11 -9 21 15 16  0 1 1 1 0 20 0 12.14 
0.089 2 2.10 2.10 2.1 2.1 0.111 0.089 0.7044 0.6924 -0.0777 0.0466 -0.0000 0.000000 -1.924727 -1.0742 0 1.9125 0  17 -17 17 36 29 38 3 22  0 1 1 1 0 20 0 12.15 
0.090 2 2.10 2.10 2.1 2.1 0.120 0.043 0.6924 0.7434 0.3291 0.0474 -0.0000 0.000000 -1.924721 -1.0742 0 1.9125 0  29 -34 14 23 34 17 -11 9  0 1 1 1 0 20 0 12.18 
0.091 2 2.10 2.10 2.1 2.1 0.110 0.097 0.7169 0.6804 -0.2358 0.0482 -0.0000 0.000000 -1.924714 -1.0742 0 1.9125 0  30 -33 24 21 22 7 4 4  0 1 1 1 0 20 0 12.16 
0.092 2 2.10 2.10 2.1 2.1 0.146 0.115 0.7302 0.7575 0.1762 0.0488 -0.0000 0.002591 -1.924703 -1.0742 0 1.9125 0  21 -15 14 33 10 -3 14 -1  0 1 1 1 0 20 0 12.15 
0.093 2 2.10 2.10 2.1 2.1 0.101 0.105 0.7302 0.6804 -0.3213 0.0496 -0.0000 0.002591 -1.924691 -1.0742 0 1.9125 0  0 28 16 37 34 15 1 5  0 1 1 1 0 20 0 12.16 
0.094 2 2.10 2.10 2.1 2.1 0.108 0.088 0.7169 0.7302 0.0855 0.0502 -0.0000 0.000000 -1.924683 -1.0742 0 1.9125 0  21 20 18 27 35 24 -11 7  0 1 1 1 0 20 0 12.15 
0.095 2 2.10 2.10 2.1 2.1 0.087 0.103 0.7302 0.7575 0.1762 0.0510 -0.0000 0.000000 -1.924672 -1.0742 0 1.9125 0  18 34 14 32 34 34 -23 12  0 1 1 1 0 20 0 12.14 
0.096 2 2.10 2.10 2.1 2.1 0.126 0.123 0.6924 0.7723 0.5156 0.0516 -0.0000 0.002591 -1.924662 -1.0742 0 1.9125 0  19 19 12 21 -1 29 -2 16  0 1 1 1 0 20 0 12.14 
0.097 2 2.10 2.10 2.1 2.1 0.116 0.120 0.7434 0.7872 0.2824 0.0524 -0.0000 0.002591 -1.924659 -1.0742 0 1.9125 0  19 24 5 16 31 37 -22 6  0 1 1 1 0 20 0 12.15 
0.098 2 2.10 2.10 2.1 2.1 0.137 0.074 0.6924 0.7575 0.4198 0.0532 -0.0000 0.002591 -1.924659 -1.0742 0 1.9125 0  21 24 12 33 31 23 -6 -7  0 1 1 1 0 20 0 12.15 
0.099 2 2.10 2.10 2.1 2.1 0.121 0.065 0.7434 0.7302 -0.0855 0.0540 -0.0000 0.002591 -1.924664 -1.0742 0 1.9125 0  19 24 16 27 26 47 -25 6  0 1 1 1 0 20 0 12.15 
0.100 2 2.10 2.10 2.1 2.1 0.127 0.112 0.6804 0.7302 0.3213 0.0546 -0.0000 0.000000 -1.924673 -1.0742 0 1.9125 0  -2 7 11 47 13 16 32 40  0 1 1 1 0 20 0 12.14 
0.101 2 2.10 2.10 2.1 2.1 0.118 0.107 0.7169 0.7169 0.0000 0.0552 -0.0000 0.002591 -1.924682 -1.0742 0 1.9125 0  18 36 23 31 51 26 -3 -3  0 1 1 1 0 20 0 12.16 
0.102 2 2.10 2.10 2.1 2.1 0.135 0.108 0.7302 0.7169 -0.0855 0.0560 -0.0000 0.002591 -1.924698 -1.0742 0 1.9125 0  28 -20 4 27 28 4 -21 13  0 1 1 1 0 20 0 12.15 
0.103 2 2.10 2.10 2.1 2.1 0.102 0.083 0.7575 0.7434 -0.0907 0.0568 -0.0000 0.002591 -1.924710 -1.0742 0 1.9125 0  17 35 9 35 32 23 -10 10  0 1 1 1 0 20 0 12.15 
0.104 2 2.10 2.10 2.1 2.1 0.121 0.103 0.7434 0.6924 -0.3291 0.0576 -0.0000 0.002591 -1.924716 -1.0742 0 1.9125 0  17 -30 19 -15 -10 -2 32 21  0 1 1 1 0 20 0 12.15 
0.105 2 2.10 2.10 2.1 2.1 0.115 0.119 0.7302 0.7575 0.1762 0.0584 -0.0000 0.002591 -1.924722 -1.0742 0 1.9125 0  24 31 35 36 42 32 -5 11  0 1 1 1 0 20 0 12.15 
0.106 2 2.10 2.10 2.1 2.1 0.154 0.103 0.7302 0.6924 -0.2436 0.0590 -0.0000 0.000000 -1.924730 -1.0742 0 1.9125 0  27 19 15 30 16 7 -22 2  0 1 1 1 0 20 0 12.16 
0.107 2 2.10 2.10 2.1 2.1 0.131 0.075 0.7169 0.7575 0.2617 0.0596 -0.0000 0.002591 -1.924739 -1.0742 0 1.9125 0  8 -12 7 36 38 23 -10 5  0 1 1 1 0 20 0 12.16 
0.108 2 2.10 2.10 2.1 2.1 0.119 0.070 0.7302 0.7723 0.2721 0.0604 -0.0000 0.002591 -1.924744 -1.0742 0 1.9125 0  15 -17 17 21 4 22 -13 14  0 1 1 1 0 20 0 12.16 
0.109 2 2.10 2.10 2.1 2.1 0.104 0.093 0.7169 0.7723 0.3576 0.0612 -0.0000 0.002591 -1.924743 -1.0742 0 1.9125 0  32 28 17 50 47 19 5 0  0 1 1 1 0 20 0 12.14 
0.110 2 2.10 2.10 2.1 2.1 0.131 0.123 0.7434 0.7723 0.1866 0.0621 -0.0000 0.002591 -1.924742 -1.0742 0 1.9125 0  7 31 13 15 23 14 -9 7  0 1 1 1 0 20 0 12.15 
0.111 2 2.10 2.10 2.1 2.1 0.104 0.102 0.7044 0.7575 0.3420 0.0629 -0.0000 0.002591 -1.924748 -1.0742 0 1.9125 0  22 25 18 24 25 32 -5 11  0 1 1 1 0 20 0 12.15 
0.112 2 2.10 2.10 2.1 2.1 0.123 0.081 0.7302 0.7872 0.3679 0.0635 0.0000 0.005182 -1.924762 -1.0742 0 1.9125 0  8 14 0 0 2 5 -15 15  0 1 1 1 0 20 0 12.16 
0.113 2 2.10 2.10 2.1 2.1 0.080 0.110 0.7302 0.7723 0.2721 0.0643 0.0000 0.005182 -1.924771 -1.0742 0 1.9125 0  36 12 27 29 33 14 29 17  0 1 1 1 0 20 0 12.16 
0.114 2 2.10 2.10 2.1 2.1 0.124 0.094 0.7434 0.7723 0.1866 0.0649 0.0000 0.002591 -1.924775 -1.0742 0 1.9125 0  22 20 13 22 28 19 -28 8  0 1 1 1 0 20 0 12.15 
0.115 2 2.10 2.10 2.1 2.1 0.129 0.066 0.7434 0.7169 -0.1710 0.0657 0.0000 0.002591 -1.924777 -1.0742 0 1.9125 0  26 -23 11 16 22 -7 2 17  0 1 1 1 0 20 0 12.15 
0.116 2 2.10 2.10 2.1 2.1 0.138 0.034 0.7434 0.7434 0.0000 0.0665 0.0000 0.002591 -1.924776 -1.0742 0 1.9125 0  2 5 -2 -17 -3 -7 1 15  0 1 1 1 0 20 0 12.15 
0.117 2 2.10 2.10 2.1 2.1 0.099 0.056 0.7169 0.6924 -0.1581 0.0671 0.0000 0.005182 -1.924773 -1.0742 0 1.9125 0  24 33 21 24 35 23 1 11  0 1 1 1 0 20 0 12.15 
0.118 2 2.10 2.10 2.1 2.1 0.125 0.105 0.7302 0.7723 0.2721 0.0679 0.0000 0.005182 -1.924773 -1.0742 0 1.9125 0  24 14 18 19 22 18 -10 7  0 1 1 1 0 20 0 12.15 
0.119 2 2.10 2.10 2.1 2.1 0.111 0.097 0.7302 0.7044 -0.1658 0.0687 0.0000 0.005182 -1.924775 -1.0742 0 1.9125 0  6 13 12 17 32 27 -18 -6  0 1 1 1 0 20 0 12.14 
0.120 2 2.10 2.10 2.1 2.1 0.132 0.077 0.7169 0.7302 0.0855 0.0693 0.0000 0.002591 -1.924776 -1.0742 0 1.9125 0  12 11 2 34 16 11 0 15  0 1 1 1 0 20 0 12.15 
0.121 2 2.10 2.10 2.1 2.1 0.095 0.082 0.7434 0.7575 0.0907 0.0701 0.0000 0.002591 -1.924774 -1.0742 0 1.9125 0  9 35 9 33 38 19 -13 4  0 1 1 1 0 20 0 12.15 
0.122 2 2.10 2.10 2.1 2.1 0.120 0.106 0.7434 0.7723 0.1866 0.0707 0.0000 0.005182 -1.924770 -1.0742 0 1.9125 0  21 2 5 29 33 19 -20 12  0 1 1 1 0 20 0 12.15 
0.123 2 2.10 2.10 2.1 2.1 0.116 0.092 0.7302 0.7872 0.3679 0.0715 0.0000 0.005182 -1.924767 -1.0742 0 1.9125 0  24 -19 10 30 32 5 14 7  0 1 1 1 0 20 0 12.16 
0.124 2 2.10 2.10 2.1 2.1 0.140 0.058 0.7575 0.7723 0.0959 0.0723 0.0000 0.005182 -1.924766 -1.0742 0 1.9125 0  8 10 12 -12 15 8 21 20  0 1 1 1 0 20 0 12.15 
0.125 2 2.10 2.10 2.1 2.1 0.101 0.037 0.7302 0.7302 0.0000 0.0731 0.0000 0.005182 -1.924760 -1.0742 0 1.9125 0  17 22 14 33 29 20 -16 1  0 1 1 1 0 20 0 12.15 
0.126 2 2.10 2.10 2.1 2.1 0.115 0.079 0.7575 0.7723 0.0959 0.0739 0.0000 0.005182 -1.924756 -1.0742 0 1.9125 0  34 12 15 42 32 2 1 21  0 1 1 1 0 20 0 12.15 
0.127 2 2.10 2.10 2.1 2.1 0.107 0.077 0.6924 0.7575 0.4198 0.0745 0.0001 0.007773 -1.924754 -1.0742 0 1.9125 0  26 21 23 19 33 32 -15 17  0 1 1 1 0 20 0 12.15 
0.128 2 2.10 2.10 2.1 2.1 0.121 0.063 0.7044 0.7302 0.1658 0.0751 0.0001 0.005182 -1.924751 -1.0742 0 1.9125 0  14 11 8 20 2 -3 -1 -10  0 1 1 1 0 20 0 12.15 
0.129 2 2.10 2.10 2.1 2.1 0.112 0.073 0.7575 0.7434 -0.0907 0.0759 0.0001 0.005182 -1.924747 -1.0742 0 1.9125 0  14 39 15 23 33 19 -10 4  0 1 1 1 0 20 0 12.16 
0.130 2 2.10 2.10 2.1 2.1 0.083 0.137 0.7575 0.7044 -0.3420 0.0767 0.0001 0.005182 -1.924740 -1.0742 0 1.9125 0  33 10 18 25 26 40 -39 21  0 1 1 1 0 20 0 12.15 
0.131 2 2.10 2.10 2.1 2.1 0.112 0.119 0.7169 0.7575 0.2617 0.0775 0.0001 0.005182 -1.924732 -1.0742 0 1.9125 0  19 7 17 18 30 18 -19 10  0 1 1 1 0 20 0 12.15 
0.132 2 2.10 2.10 2.1 2.1 0.139 0.107 0.7302 0.7302 0.0000 0.0783 0.0001 0.005182 -1.924724 -1.0742 0 1.9125 0  22 11 26 24 9 2 13 4  0 1 1 1 0 20 0 12.14 
0.133 2 2.10 2.10 2.1 2.1 0.152 0.069 0.7434 0.7434 0.0000 0.0789 0.0001 0.007773 -1.924713 -1.0742 0 1.9125 0  18 7 11 24 28 23 -25 19  0 1 1 1 0 20 0 12.15 
0.134 2 2.10 2.10 2.1 2.1 0.119 0.089 0.7434 0.7302 -0.0855 0.0797 0.0001 0.007773 -1.924703 -1.0742 0 1.9125 0  24 -22 14 24 25 8 7 8  0 1 1 1 0 20 0 12.15 
0.135 2 2.10 2.10 2.1 2.1 0.105 0.102 0.7575 0.7575 0.0000 0.0805 0.0001 0.007773 -1.924696 -1.0742 0 1.9125 0  22 42 19 26 35 45 -16 2  0 1 1 1 0 20 0 12.14 
0.136 2 2.10 2.10 2.1 2.1 0.117 0.079 0.7434 0.7434 0.0000 0.0811 0.0001 0.005182 -1.924693 -1.0742 0 1.9125 0  12 21 10 32 1 -12 2 10  0 1 1 1 0 20 0 12.15 
0.137 2 2.10 2.10 2.1 2.1 0.101 0.061 0.7575 0.7575 0.0000 0.0819 0.0001 0.005182 -1.924692 -1.0742 0 1.9125 0  22 22 -1 12 26 23 -22 3  0 1 1 1 0 20 0 12.15 
0.138 2 2.10 2.10 2.1 2.1 0.102 0.067 0.7434 0.7872 0.2824 0.0827 0.0001 0.005182 -1.924698 -1.0742 0 1.9125 0  20 0 9 34 32 12 -27 -1  0 1 1 1 0 20 0 12.15 
0.139 2 2.10 2.10 2.1 2.1 0.071 0.096 0.7169 0.7575 0.2617 0.0833 0.0001 0.007773 -1.924711 -1.0742 0 1.9125 0  25 -2 1 27 30 23 -11 6  0 1 1 1 0 20 0 12.15 
0.140 2 2.10 2.10 2.1 2.1 0.100 0.085 0.7575 0.7723 0.0959 0.0841 0.0001 0.007773 -1.924717 -1.0742 0 1.9125 0  17 -4 10 31 -10 6 59 24  0 1 1 1 0 20 0 12.15 
0.141 2 2.10 2.10 2.1 2.1 0.138 0.086 0.7302 0.7434 0.0855 0.0849 0.0001 0.007773 -1.924715 -1.0742 0 1.9125 0  16 29 19 22 31 13 -4 1  0 1 1 1 0 20 0 12.14 
0.142 2 2.10 2.10 2.1 2.1 0.137 0.060 0.7302 0.7723 0.2721 0.0857 0.0001 0.007773 -1.924712 -1.0742 0 1.9125 0  19 30 13 25 36 13 -10 3  0 1 1 1 0 20 0 12.15 
0.143 2 2.10 2.10 2.1 2.1 0.097 0.078 0.7169 0.7302 0.0855 0.0865 0.0001 0.007773 -1.924710 -1.0742 0 1.9125 0  23 16 8 22 27 36 -13 10  0 1 1 1 0 20 0 12.15 
0.144 2 2.10 2.10 2.1 2.1 0.126 0.117 0.7434 0.7723 0.1866 0.0872 0.0001 0.010364 -1.924712 -1.0742 0 1.9125 0  13 -6 13 34 7 0 15 2  0 1 1 1 0 20 0 12.15 
0.145 2 2.10 2.10 2.1 2.1 0.122 0.080 0.7434 0.7044 -0.2513 0.0878 0.0001 0.007773 -1.924711 -1.0742 0 1.9125 0  23 -1 3 41 24 13 -16 6  0 1 1 1 0 20 0 12.15 
0.146 2 2.10 2.10 2.1 2.1 0.127 0.037 0.7434 0.7302 -0.0855 0.0886 0.0001 0.007773 -1.924712 -1.0742 0 1.9125 0  41 1 14 32 39 25 -7 8  0 1 1 1 0 20 0 12.16 
0.147 2 2.10 2.10 2.1 2.1 0.086 0.071 0.7434 0.7434 0.0000 0.0894 0.0002 0.007773 -1.924719 -1.0742 0 1.9125 0  21 33 22 14 40 11 14 10  0 1 1 1 0 20 0 12.15 
0.148 2 2.10 2.10 2.1 2.1 0.114 0.102 0.7575 0.7723 0.0959 0.0902 0.0002 0.007773 -1.924719 -1.0742 0 1.9125 0  28 -12 21 17 11 -4 47 7  0 1 1 1 0 20 0 12.15 
0.149 2 2.10 2.10 2.1 2.1 0.091 0.069 0.7302 0.7434 0.0855 0.0910 0.0002 0.007773 -1.924716 -1.0742 0 1.9125 0  7 13 6 22 18 15 -23 -2  0 1 1 1 0 20 0 12.14 
0.150 2 2.10 2.10 2.1 2.1 0.133 0.071 0.7723 0.6924 -0.5156 0.0916 0.0002 0.010364 -1.924720 -1.0742 0 1.9125 0  34 41 24 24 5 8 37 20  0 1 1 1 0 20 0 12.16 
0.151 2 2.10 2.10 2.1 2.1 0.100 0.077 0.7169 0.7434 0.1710 0.0924 0.0002 0.010364 -1.924729 -1.0742 0 1.9125 0  25 41 11 26 25 26 -8 0  0 1 1 1 0 20 0 12.16 
0.152 2 2.10 2.10 2.1 2.1 0.111 0.082 0.7575 0.7169 -0.2617 0.0930 0.0002 0.007773 -1.924736 -1.0742 0 1.9125 0  17 14 19 15 3 18 32 18  0 1 1 1 0 20 0 12.15 
0.153 2 2.10 2.10 2.1 2.1 0.112 0.077 0.6924 0.7575 0.4198 0.0938 0.0002 0.007773 -1.924743 -1.0742 0 1.9125 0  13 -13 0 24 21 8 -31 13  0 1 1 1 0 20 0 12.16 
0.154 2 2.10 2.10 2.1 2.1 0.124 0.070 0.7169 0.7575 0.2617 0.0946 0.0002 0.007773 -1.924748 -1.0742 0 1.9125 0  28 24 25 33 37 27 -10 1  0 1 1 1 0 20 0 12.15 
0.155 2 2.10 2.10 2.1 2.1 0.105 0.090 0.7723 0.7723 0.0000 0.0954 0.0002 0.007773 -1.924749 -1.0742 0 1.9125 0  8 34 22 37 34 22 -4 11  0 1 1 1 0 20 0 12.15 
0.156 2 2.10 2.10 2.1 2.1 0.089 0.106 0.7723 0.7302 -0.2721 0.0960 0.0002 0.010364 -1.924747 -1.0742 0 1.9125 0  7 36 9 5 9 19 36 31  0 1 1 1 0 20 0 12.16 
0.157 2 2.10 2.10 2.1 2.1 0.103 0.086 0.7575 0.7723 0.0959 0.0968 0.0002 0.010364 -1.924739 -1.0742 0 1.9125 0  -5 58 7 -3 -4 -11 35 27  0 1 1 1 0 20 0 12.15 
0.158 2 2.10 2.10 2.1 2.1 0.107 0.084 0.7434 0.7575 0.0907 0.0976 0.0002 0.010364 -1.924732 -1.0742 0 1.9125 0  23 5 14 37 48 26 -10 10  0 1 1 1 0 20 0 12.16 
0.159 2 2.10 2.10 2.1 2.1 0.144 0.089 0.7434 0.7575 0.0907 0.0984 0.0002 0.010364 -1.924729 -1.0742 0 1.9125 0  14 17 1 21 26 23 -18 14  0 1 1 1 0 20 0 12.14 
0.160 2 2.10 2.10 2.1 2.1 0.108 0.087 0.7434 0.7575 0.0907 0.0992 0.0002 0.010364 -1.924723 -1.0742 0 1.9125 0  22 -14 13 15 6 34 24 18  0 1 1 1 0 20 0 12.15 
0.161 2 2.10 2.10 2.1 2.1 0.116 0.097 0.7575 0.7723 0.0959 0.1000 0.0002 0.010364 -1.924710 -1.0742 0 1.9125 0  12 20 20 21 17 3 -7 -7  0 1 1 1 0 20 0 12.15 
0.162 2 2.10 2.10 2.1 2.1 0.089 0.078 0.7302 0.7169 -0.0855 0.1004 0.0003 0.010364 -1.924701 -1.0742 0 1.9125 0  19 32 23 26 34 16 -20 9  0 1 1 1 0 20 0 12.15 
0.163 2 2.10 2.10 2.1 2.1 0.125 0.054 0.7575 0.7434 -0.0907 0.1012 0.0003 0.010364 -1.924696 -1.0742 0 1.9125 0  26 -16 32 27 3 1 37 20  0 1 1 1 0 20 0 12.16 
0.164 2 2.10 2.10 2.1 2.1 0.100 0.090 0.7169 0.7302 0.0855 0.1020 0.0003 0.010364 -1.924694 -1.0742 0 1.9125 0  11 39 15 3 -1 5 -4 15  0 1 1 1 0 20 0 12.15 
0.165 2 2.10 2.10 2.1 2.1 0.104 0.116 0.7169 0.7575 0.2617 0.1028 0.0003 0.010364 -1.924693 -1.0742 0 1.9125 0  18 -39 12 14 18 0 6 20  0 1 1 1 0 20 0 12.16 
0.166 2 2.10 2.10 2.1 2.1 0.105 0.080 0.7575 0.7169 -0.2617 0.1036 0.0003 0.010364 -1.924690 -1.0742 0 1.9125 0  21 30 17 30 31 17 -13 13  0 1 1 1 0 20 0 12.15 
0.167 2 2.10 2.10 2.1 2.1 0.154 0.067 0.7302 0.7434 0.0855 0.1044 0.0003 0.010364 -1.924689 -1.0742 0 1.9125 0  28 25 25 27 26 12 1 5  0 1 1 1 0 20 0 12.16 
0.168 2 2.10 2.10 2.1 2.1 0.117 0.058 0.7434 0.7044 -0.2513 0.1050 0.0003 0.012956 -1.924693 -1.0742 0 1.9125 0  6 11 5 38 -14 9 39 8  0 1 1 1 0 20 0 12.16 
0.169 2 2.10 2.10 2.1 2.1 0.122 0.081 0.7434 0.7723 0.1866 0.1058 0.0003 0.012956 -1.924695 -1.0742 0 1.9125 0  12 10 14 25 32 22 1 19  0 1 1 1 0 20 0 12.15 
0.170 2 2.10 2.10 2.1 2.1 0.096 0.057 0.7434 0.6804 -0.4068 0.1064 0.0003 0.010364 -1.924697 -1.0742 0 1.9125 0  27 -23 17 31 6 0 15 21  0 1 1 1 0 20 0 12.15 
0.171 2 2.10 2.10 2.1 2.1 0.129 0.083 0.7434 0.7302 -0.0855 0.1072 0.0003 0.010364 -1.924703 -1.0742 0 1.9125 0  14 22 21 28 7 24 2 16  0 1 1 1 0 20 0 12.15 
0.172 2 2.10 2.10 2.1 2.1 0.113 0.082 0.7575 0.7434 -0.0907 0.1080 0.0003 0.010364 -1.924702 -1.0742 0 1.9125 0  7 36 12 21 2 23 26 13  0 1 1 1 0 20 0 12.15 
0.173 2 2.10 2.10 2.1 2.1 0.121 0.112 0.7434 0.7723 0.1866 0.1088 0.0003 0.010364 -1.924702 -1.0742 0 1.9125 0  21 30 25 27 35 8 -6 17  0 1 1 1 0 20 0 12.15 
0.174 2 2.10 2.10 2.1 2.1 0.070 0.096 0.7434 0.7872 0.2824 0.1094 0.0004 0.012956 -1.924707 -1.0742 0 1.9125 0  30 17 1 26 34 21 -11 5  0 1 1 1 0 20 0 12.15 
0.175 2 2.10 2.10 2.1 2.1 0.125 0.051 0.7044 0.7723 0.4379 0.1102 0.0004 0.012956 -1.924712 -1.0742 0 1.9125 0  20 23 21 31 35 11 14 11  0 1 1 1 0 20 0 12.15 
0.176 2 2.10 2.10 2.1 2.1 0.126 0.069 0.7723 0.7302 -0.2721 0.1110 0.0004 0.012956 -1.924717 -1.0742 0 1.9125 0  15 32 25 -9 -1 13 26 19  0 1 1 1 0 20 0 12.15 
0.177 2 2.10 2.10 2.1 2.1 0.139 0.072 0.7169 0.7723 0.3576 0.1119 0.0004 0.012956 -1.924717 -1.0742 0 1.9125 0  14 13 6 31 18 10 -7 8  0 1 1 1 0 20 0 12.15 
0.178 2 2.10 2.10 2.1 2.1 0.093 0.101 0.7723 0.7575 -0.0959 0.1127 0.0004 0.012956 -1.924716 -1.0742 0 1.9125 0  25 -31 5 12 33 7 -14 3  0 1 1 1 0 20 0 12.16 
0.179 2 2.10 2.10 2.1 2.1 0.117 0.070 0.6474 0.7575 0.7100 0.1133 0.0004 0.015547 -1.924719 -1.0742 0 1.9125 0  15 24 10 30 20 7 8 0  0 1 1 1 0 20 0 12.17 
0.180 2 2.10 2.10 2.1 2.1 0.117 0.055 0.7302 0.7575 0.1762 0.1139 0.0004 0.012956 -1.924722 -1.0742 0 1.9125 0  13 15 25 18 6 9 3 17  0 1 1 1 0 20 0 12.16 
0.181 2 2.10 2.10 2.1 2.1 0.143 0.082 0.7434 0.7044 -0.2513 0.1147 0.0004 0.012956 -1.924719 -1.0742 0 1.9125 0  16 26 16 15 32 1 10 18  0 1 1 1 0 20 0 12.15 
0.182 2 2.10 2.10 2.1 2.1 0.107 0.099 0.7723 0.7575 -0.0959 0.1155 0.0004 0.012956 -1.924712 -1.0742 0 1.9125 0  5 -18 13 7 6 7 29 19  0 1 1 1 0 20 0 12.16 
0.183 2 2.10 2.10 2.1 2.1 0.103 0.066 0.7575 0.7302 -0.1762 0.1163 0.0004 0.012956 -1.924708 -1.0742 0 1.9125 0  25 40 14 34 29 4 1 11  0 1 1 1 0 20 0 12.16 
0.184 2 2.10 2.10 2.1 2.1 0.105 0.065 0.7434 0.7434 0.0000 0.1171 0.0005 0.012956 -1.924700 -1.0742 0 1.9125 0  28 39 11 17 2 29 19 12  0 1 1 1 0 20 0 12.15 
0.185 2 2.10 2.10 2.1 2.1 0.143 0.097 0.7575 0.7302 -0.1762 0.1179 0.0005 0.012956 -1.924693 -1.0742 0 1.9125 0  15 28 23 23 5 1 20 17  0 1 1 1 0 20 0 12.15 
0.186 2 2.10 2.10 2.1 2.1 0.124 0.084 0.7302 0.7434 0.0855 0.1185 0.0005 0.015547 -1.924689 -1.0742 0 1.9125 0  0 60 7 23 33 25 -36 9  0 1 1 1 0 20 0 12.15 
0.187 2 2.10 2.10 2.1 2.1 0.104 0.103 0.7434 0.7302 -0.0855 0.1193 0.0005 0.015547 -1.924685 -1.0742 0 1.9125 0  26 -12 19 30 28 15 -7 13  0 1 1 1 0 20 0 12.16 
0.188 2 2.10 2.10 2.1 2.1 0.113 0.078 0.7302 0.7575 0.1762 0.1201 0.0005 0.015547 -1.924684 -1.0742 0 1.9125 0  31 -24 23 6 -1 11 39 4  0 1 1 1 0 20 0 12.15 
0.189 2 2.10 2.10 2.1 2.1 0.111 0.079 0.7575 0.7434 -0.0907 0.1207 0.0005 0.012956 -1.924683 -1.0742 0 1.9125 0  14 15 15 36 28 15 12 10  0 1 1 1 0 20 0 12.16 
0.190 2 2.10 2.10 2.1 2.1 0.114 0.090 0.7169 0.7575 0.2617 0.1215 0.0005 0.012956 -1.924682 -1.0742 0 1.9125 0  11 15 7 21 7 6 10 5  0 1 1 1 0 20 0 12.15 
0.191 2 2.10 2.10 2.1 2.1 0.098 0.082 0.7302 0.7872 0.3679 0.1223 0.0005 0.012956 -1.924687 -1.0742 0 1.9125 0  28 32 14 37 36 25 7 20  0 1 1 1 0 20 0 12.17 
0.192 2 2.10 2.10 2.1 2.1 0.092 0.070 0.7434 0.7575 0.0907 0.1229 0.0005 0.015547 -1.924689 -1.0742 0 1.9125 0  25 -29 3 34 -3 1 5 10  0 1 1 1 0 20 0 12.16 
0.193 2 2.10 2.10 2.1 2.1 0.135 0.063 0.7575 0.7872 0.1917 0.1237 0.0005 0.015547 -1.924689 -1.0742 0 1.9125 0  26 -3 19 23 24 37 -4 13  0 1 1 1 0 20 0 12.16 
0.194 2 2.10 2.10 2.1 2.1 0.101 0.087 0.7434 0.7302 -0.0855 0.1245 0.0006 0.015547 -1.924695 -1.0742 0 1.9125 0  5 30 8 22 30 6 -26 5  0 1 1 1 0 20 0 12.15 
0.195 2 2.10 2.10 2.1 2.1 0.132 0.084 0.7434 0.7872 0.2824 0.1253 0.0006 0.015547 -1.924704 -1.0742 0 1.9125 0  13 20 29 21 4 17 8 8  0 1 1 1 0 20 0 12.15 
0.196 2 2.10 2.10 2.1 2.1 0.092 0.076 0.7434 0.7434 0.0000 0.1261 0.0006 0.015547 -1.924710 -1.0742 0 1.9125 0  29 12 7 6 1 2 26 4  0 1 1 1 0 20 0 12.15 
0.197 2 2.10 2.10 2.1 2.1 0.112 0.082 0.7434 0.7434 0.0000 0.1269 0.0006 0.015547 -1.924712 -1.0742 0 1.9125 0  14 38 16 34 26 17 1 12  0 1 1 1 0 20 0 12.13 
0.198 2 2.10 2.10 2.1 2.1 0.105 0.086 0.7434 0.7723 0.1866 0.1275 0.0006 0.018138 -1.924712 -1.0742 0 1.9125 0  18 -21 -1 17 -3 4 6 24  0 1 1 1 0 20 0 12.15 
0.199 2 2.10 2.10 2.1 2.1 0.092 0.099 0.7302 0.7872 0.3679 0.1283 0.0006 0.018138 -1.924714 -1.0742 0 1.9125 0  13 31 15 22 17 14 26 12  0 1 1 1 0 20 0 12.16 
0.200 4 4.10 4.10 4.1 4.1 0.064 0.067 0.7434 0.7434 0.0000 0.1289 0.0006 0.015547 -1.924719 -1.0742 0 1.9125 0  6 18 17 29 35 8 25 16  0 1 1 1 0 20 0 12.15 
0.201 4 4.10 4.10 4.1 4.1 0.258 0.242 0.7044 0.6924 -0.0777 0.1297 0.0006 0.015547 -1.924716 -1.0742 0 1.9125 0  3 -1 23 27 25 23 -21 7  0 1 1 1 0 20 0 12.09 
0.202 4 4.10 4.10 4.1 4.1 0.413 0.348 0.7575 0.7434 -0.0907 0.1305 0.0007 0.015547 -1.924707 -1.0742 0 1.9125 0  23 -17 -9 9 10 10 7 16  0 1 1 1 0 20 0 12.05 
0.203 4 4.10 4.10 4.1 4.1 0.503 0.408 0.7434 0.7434 0.0000 0.1313 0.0007 0.015547 -1.924702 -1.0742 0 1.9125 0  28 17 6 21 16 21 27 18  0 1 1 1 0 20 0 12.02 
0.204 4 4.10 4.10 4.1 4.1 0.527 0.517 0.8032 0.7723 -0.1995 0.1321 0.0007 0.015547 -1.924699 -1.0742 0 1.9125 0  24 5 10 26 12 26 4 11  0 1 1 1 0 20 0 11.97 
0.205 4 4.10 4.10 4.1 4.1 0.584 0.533 0.7723 0.8193 0.3032 0.1329 0.0007 0.015547 -1.924702 -1.0742 0 1.9125 0  14 9 -3 23 21 11 8 21  0 1 1 1 0 20 0 11.97 
0.206 4 4.10 4.10 4.1 4.1 0.563 0.569 0.8032 0.8032 0.0000 0.1337 0.0007 0.015547 -1.924710 -1.0742 0 1.9125 0  14 25 23 12 17 13 3 -6  0 1 1 1 0 20 0 11.98 
0.207 4 4.10 4.10 4.1 4.1 0.500 0.529 0.8727 0.8924 0.1270 0.1347 0.0007 0.018138 -1.924713 -1.0742 0 1.9125 0  8 20 -7 25 18 21 4 3  0 1 1 1 0 20 0 12.00 
0.208 4 4.10 4.10 4.1 4.1 0.500 0.508 0.9125 0.9125 0.0000 0.1355 0.0007 0.018138 -1.924714 -1.0742 0 1.9125 0  23 31 16 8 18 18 25 19  0 1 1 1 0 20 0 11.99 
0.209 4 4.10 4.10 4.1 4.1 0.531 0.496 0.9338 0.9559 0.1425 0.1365 0.0008 0.015547 -1.924716 -1.0742 0 1.9125 0  24 -18 3 14 6 9 13 20  0 1 1 1 0 20 0 11.99 
0.210 4 4.10 4.10 4.1 4.1 0.515 0.438 0.9559 0.9796 0.1529 0.1376 0.0008 0.018138 -1.924719 -1.0742 0 1.9125 0  15 4 -13 32 16 20 16 23  0 1 1 1 0 20 0 12.01 
0.211 4 4.10 4.10 4.1 4.1 0.463 0.468 0.9796 0.9796 0.0000 0.1384 0.0008 0.018138 -1.924722 -1.0742 0 1.9125 0  20 -17 1 47 27 30 41 20  0 1 1 1 0 20 0 12.02 
0.212 4 4.10 4.10 4.1 4.1 0.484 0.465 0.9796 1.0298 0.3239 0.1396 0.0008 0.018138 -1.924725 -1.0742 0 1.9125 0  17 23 13 21 14 2 27 28  0 1 1 1 0 20 0 12.01 
0.213 4 4.10 4.10 4.1 4.1 0.439 0.466 1.0298 1.0298 0.0000 0.1404 0.0008 0.018138 -1.924718 -1.0742 0 1.9125 0  4 -3 -2 20 8 17 24 21  0 1 1 1 0 20 0 12.03 
0.214 4 4.10 4.10 4.1 4.1 0.405 0.404 1.0298 1.0298 0.0000 0.1416 0.0008 0.018138 -1.924703 -1.0742 0 1.9125 0  12 22 7 36 10 20 -7 12  0 1 1 1 0 20 0 12.02 
0.215 4 4.10 4.10 4.1 4.1 0.437 0.385 1.0567 1.0852 0.1840 0.1426 0.0009 0.020729 -1.924692 -1.0742 0 1.9125 0  17 13 10 33 17 35 29 32  0 1 1 1 0 20 0 12.02 
0.216 4 4.10 4.10 4.1 4.1 0.467 0.370 1.0567 1.0852 0.1840 0.1436 0.0009 0.018138 -1.924689 -1.0742 0 1.9125 0  1 39 21 28 9 8 -5 -2  0 1 1 1 0 20 0 12.03 
0.217 4 4.10 4.10 4.1 4.1 0.405 0.369 1.1153 1.0852 -0.1943 0.1448 0.0009 0.018138 -1.924690 -1.0742 0 1.9125 0  -1 17 9 26 6 21 6 0  0 1 1 1 0 20 0 12.03 
0.218 4 4.10 4.10 4.1 4.1 0.415 0.375 1.1153 1.1153 0.0000 0.1458 0.0009 0.020729 -1.924694 -1.0742 0 1.9125 0  7 38 25 11 29 16 -8 13  0 1 1 1 0 20 0 12.05 
0.219 4 4.10 4.10 4.1 4.1 0.405 0.387 1.1474 1.1474 0.0000 0.1470 0.0010 0.020729 -1.924703 -1.0742 0 1.9125 0  6 17 -10 38 21 12 33 0  0 1 1 1 0 20 0 12.02 
0.220 4 4.10 4.10 4.1 4.1 0.371 0.366 1.1474 1.1474 0.0000 0.1480 0.0010 0.018138 -1.924707 -1.0742 0 1.9125 0  29 17 22 3 10 0 49 17  0 1 1 1 0 20 0 12.04 
0.221 4 4.10 4.10 4.1 4.1 0.362 0.337 1.1153 1.1812 0.4249 0.1490 0.0010 0.020729 -1.924714 -1.0742 0 1.9125 0  13 29 8 43 12 20 21 5  0 1 1 1 0 20 0 12.04 
0.222 4 4.10 4.10 4.1 4.1 0.378 0.325 1.1812 1.1812 0.0000 0.1502 0.0010 0.020729 -1.924729 -1.0742 0 1.9125 0  7 33 9 15 21 12 19 12  0 1 1 1 0 20 0 12.03 
0.223 4 4.10 4.10 4.1 4.1 0.359 0.316 1.1812 1.2169 0.2306 0.1514 0.0010 0.020729 -1.924737 -1.0742 0 1.9125 0  10 23 15 34 23 11 -9 -6  0 1 1 1 0 20 0 12.06 
0.224 4 4.10 4.10 4.1 4.1 0.347 0.337 1.1812 1.2169 0.2306 0.1526 0.0011 0.020729 -1.924736 -1.0742 0 1.9125 0  22 32 19 17 24 15 25 16  0 1 1 1 0 20 0 12.05 
0.225 4 4.10 4.10 4.1 4.1 0.356 0.327 1.2169 1.2952 0.5053 0.1538 0.0011 0.020729 -1.924735 -1.0742 0 1.9125 0  16 -1 -1 19 31 9 19 9  0 1 1 1 0 20 0 12.06 
0.226 4 4.10 4.10 4.1 4.1 0.321 0.302 1.2551 1.2551 0.0000 0.1550 0.0011 0.020729 -1.924735 -1.0742 0 1.9125 0  8 24 5 19 18 19 0 -1  0 1 1 1 0 20 0 12.06 
0.227 4 4.10 4.10 4.1 4.1 0.337 0.303 1.2169 1.2952 0.5053 0.1562 0.0011 0.020729 -1.924729 -1.0742 0 1.9125 0  9 11 9 21 20 14 9 -1  0 1 1 1 0 20 0 12.04 
0.228 4 4.10 4.10 4.1 4.1 0.351 0.309 1.2169 1.2952 0.5053 0.1574 0.0012 0.020729 -1.924720 -1.0742 0 1.9125 0  26 24 16 25 2 -4 17 16  0 1 1 1 0 20 0 12.06 
0.229 4 4.10 4.10 4.1 4.1 0.310 0.265 1.2551 1.3386 0.5390 0.1586 0.0012 0.020729 -1.924715 -1.0742 0 1.9125 0  20 18 4 34 20 21 -11 2  0 1 1 1 0 20 0 12.06 
0.230 4 4.10 4.10 4.1 4.1 0.365 0.307 1.2551 1.3386 0.5390 0.1598 0.0012 0.020729 -1.924724 -1.0742 0 1.9125 0  9 25 28 19 17 31 -6 0  0 1 1 1 0 20 0 12.06 
0.231 4 4.10 4.10 4.1 4.1 0.300 0.269 1.2551 1.2952 0.2591 0.1610 0.0012 0.020729 -1.924739 -1.0742 0 1.9125 0  14 -27 6 15 4 10 33 21  0 1 1 1 0 20 0 12.06 
0.232 4 4.10 4.10 4.1 4.1 0.292 0.264 1.2952 1.3386 0.2798 0.1624 0.0013 0.023320 -1.924751 -1.0742 0 1.9125 0  27 20 13 6 6 26 24 15  0 1 1 1 0 20 0 12.07 
0.233 4 4.10 4.10 4.1 4.1 0.301 0.246 1.2952 1.2952 0.0000 0.1637 0.0013 0.023320 -1.924767 -1.0742 0 1.9125 0  21 29 17 29 9 42 18 5  0 1 1 1 0 20 0 12.07 
0.234 4 4.10 4.10 4.1 4.1 0.310 0.257 1.2952 1.3386 0.2798 0.1649 0.0013 0.023320 -1.924778 -1.0742 0 1.9125 0  -6 25 6 14 7 7 34 18  0 1 1 1 0 20 0 12.08 
0.235 4 4.10 4.10 4.1 4.1 0.312 0.261 1.2952 1.3848 0.5778 0.1661 0.0014 0.023320 -1.924783 -1.0742 0 1.9125 0  17 16 20 31 14 6 4 8  0 1 1 1 0 20 0 12.05 
0.236 4 4.10 4.10 4.1 4.1 0.282 0.246 1.2551 1.2551 0.0000 0.1673 0.0014 0.023320 -1.924794 -1.0742 0 1.9125 0  28 27 24 26 15 15 37 34  0 1 1 1 0 20 0 12.07 
0.237 4 4.10 4.10 4.1 4.1 0.254 0.250 1.2952 1.3848 0.5778 0.1687 0.0014 0.025911 -1.924798 -1.0742 0 1.9125 0  22 20 21 36 10 29 13 10  0 1 1 1 0 20 0 12.08 
0.238 4 4.10 4.10 4.1 4.1 0.300 0.234 1.3386 1.3386 0.0000 0.1699 0.0014 0.025911 -1.924786 -1.0742 0 1.9125 0  8 31 9 17 19 21 -5 16  0 1 1 1 0 20 0 12.07 
0.239 4 4.10 4.10 4.1 4.1 0.286 0.216 1.3386 1.4342 0.6167 0.1713 0.0015 0.023320 -1.924769 -1.0742 0 1.9125 0  11 -11 8 16 29 8 -3 -2  0 1 1 1 0 20 0 12.08 
0.240 4 4.10 4.10 4.1 4.1 0.270 0.242 1.2952 1.4342 0.8965 0.1727 0.0015 0.025911 -1.924747 -1.0742 0 1.9125 0  24 32 37 31 7 21 14 20  0 1 1 1 0 20 0 12.08 
0.241 4 4.10 4.10 4.1 4.1 0.269 0.228 1.3848 1.3848 0.0000 0.1739 0.0015 0.025911 -1.924727 -1.0742 0 1.9125 0  11 52 9 31 12 31 12 4  0 1 1 1 0 20 0 12.09 
0.242 4 4.10 4.10 4.1 4.1 0.245 0.218 1.3848 1.4342 0.3187 0.1751 0.0016 0.025911 -1.924716 -1.0742 0 1.9125 0  13 35 15 18 18 24 -1 16  0 1 1 1 0 20 0 12.08 
0.243 4 4.10 4.10 4.1 4.1 0.302 0.189 1.3386 1.4342 0.6167 0.1767 0.0016 0.025911 -1.924711 -1.0742 0 1.9125 0  9 8 10 19 0 13 21 12  0 1 1 1 0 20 0 12.09 
0.244 4 4.10 4.10 4.1 4.1 0.276 0.192 1.3386 1.4342 0.6167 0.1779 0.0017 0.025911 -1.924710 -1.0742 0 1.9125 0  14 23 30 23 0 21 19 12  0 1 1 1 0 20 0 12.08 
0.245 4 4.10 4.10 4.1 4.1 0.252 0.228 1.3848 1.4342 0.3187 0.1791 0.0017 0.025911 -1.924711 -1.0742 0 1.9125 0  17 3 11 25 32 12 0 14  0 1 1 1 0 20 0 12.09 
0.246 4 4.10 4.10 4.1 4.1 0.249 0.203 1.3386 1.4872 0.9587 0.1805 0.0017 0.028502 -1.924718 -1.0742 0 1.9125 0  10 34 6 23 15 7 -6 11  0 1 1 1 0 20 0 12.08 
0.247 4 4.10 4.10 4.1 4.1 0.214 0.200 1.3848 1.4342 0.3187 0.1819 0.0018 0.025911 -1.924730 -1.0742 0 1.9125 0  15 16 17 10 -3 1 11 -1  0 1 1 1 0 20 0 12.09 
0.248 4 4.10 4.10 4.1 4.1 0.279 0.206 1.3848 1.2551 -0.8369 0.1831 0.0018 0.025911 -1.924742 -1.0742 0 1.9125 0  25 8 12 17 -13 -5 10 17  0 1 1 1 0 20 0 12.08 
0.249 4 4.10 4.10 4.1 4.1 0.250 0.253 1.3848 1.4872 0.6607 0.1845 0.0018 0.028502 -1.924754 -1.0742 0 1.9125 0  21 4 17 30 -10 9 22 13  0 1 1 1 0 20 0 12.09 
0.250 4 4.10 4.10 4.1 4.1 0.254 0.208 1.3386 1.4872 0.9587 0.1861 0.0019 0.028502 -1.924764 -1.0742 0 1.9125 0  10 18 5 2 0 8 19 21  0 1 1 1 0 20 0 12.09 
0.251 4 4.10 4.10 4.1 4.1 0.221 0.182 1.3848 1.4342 0.3187 0.1873 0.0019 0.028502 -1.924773 -1.0742 0 1.9125 0  -3 49 26 34 27 23 2 8  0 1 1 1 0 20 0 12.09 
0.252 4 4.10 4.10 4.1 4.1 0.203 0.173 1.3386 1.4872 0.9587 0.1885 0.0019 0.028502 -1.924770 -1.0742 0 1.9125 0  25 31 32 30 -4 14 11 4  0 1 1 1 0 20 0 12.09 
0.253 4 4.10 4.10 4.1 4.1 0.234 0.167 1.2952 1.4872 1.2386 0.1899 0.0020 0.031093 -1.924764 -1.0742 0 1.9125 0  23 3 12 30 21 14 -12 7  0 1 1 1 0 20 0 12.08 
0.254 4 4.10 4.10 4.1 4.1 0.210 0.217 1.4342 1.4872 0.3420 0.1914 0.0020 0.028502 -1.924757 -1.0742 0 1.9125 0  4 50 17 22 15 15 33 18  0 1 1 1 0 20 0 12.08 
0.255 4 4.10 4.10 4.1 4.1 0.253 0.200 1.3848 1.4872 0.6607 0.1928 0.0021 0.031093 -1.924745 -1.0742 0 1.9125 0  19 7 12 22 24 -1 -8 16  0 1 1 1 0 20 0 12.09 
0.256 4 4.10 4.10 4.1 4.1 0.210 0.191 1.4342 1.5446 0.7126 0.1942 0.0021 0.028502 -1.924726 -1.0742 0 1.9125 0  18 23 25 8 -4 18 18 11  0 1 1 1 0 20 0 12.10 
0.257 4 4.10 4.10 4.1 4.1 0.230 0.176 1.4342 1.4872 0.3420 0.1956 0.0022 0.031093 -1.924709 -1.0742 0 1.9125 0  28 7 10 35 29 9 -4 7  0 1 1 1 0 20 0 12.08 
0.258 4 4.10 4.10 4.1 4.1 0.218 0.181 1.4342 1.4872 0.3420 0.1970 0.0022 0.028502 -1.924706 -1.0742 0 1.9125 0  4 -1 0 20 19 9 15 11  0 1 1 1 0 20 0 12.09 
0.259 4 4.10 4.10 4.1 4.1 0.229 0.196 1.4342 1.4872 0.3420 0.1984 0.0022 0.031093 -1.924713 -1.0742 0 1.9125 0  23 30 25 37 28 23 -7 4  0 1 1 1 0 20 0 12.09 
0.260 4 4.10 4.10 4.1 4.1 0.211 0.157 1.4342 1.2952 -0.8965 0.1996 0.0023 0.031093 -1.924721 -1.0742 0 1.9125 0  30 24 40 32 -8 9 0 8  0 1 1 1 0 20 0 12.10 
0.261 4 4.10 4.10 4.1 4.1 0.208 0.177 1.3848 1.5446 1.0313 0.2012 0.0023 0.031093 -1.924735 -1.0742 0 1.9125 0  29 16 14 29 25 24 -6 18  0 1 1 1 0 20 0 12.09 
0.262 4 4.10 4.10 4.1 4.1 0.238 0.181 1.4342 1.4872 0.3420 0.2026 0.0024 0.033685 -1.924755 -1.0742 0 1.9125 0  8 16 5 9 18 10 23 21  0 1 1 1 0 20 0 12.10 
0.263 4 4.10 4.10 4.1 4.1 0.219 0.209 1.4342 1.5446 0.7126 0.2040 0.0024 0.031093 -1.924776 -1.0742 0 1.9125 0  16 22 2 9 3 7 32 12  0 1 1 1 0 20 0 12.10 
0.264 4 4.10 4.10 4.1 4.1 0.229 0.186 1.4342 1.4342 0.0000 0.2054 0.0025 0.033685 -1.924796 -1.0742 0 1.9125 0  22 36 30 30 -2 18 32 29  0 1 1 1 0 20 0 12.10 
0.265 4 4.10 4.10 4.1 4.1 0.188 0.166 1.4342 1.5446 0.7126 0.2066 0.0025 0.033685 -1.924812 -1.0742 0 1.9125 0  13 -4 19 25 29 3 8 3  0 1 1 1 0 20 0 12.11 
0.266 4 4.10 4.10 4.1 4.1 0.191 0.156 1.3848 1.5446 1.0313 0.2082 0.0026 0.033685 -1.924820 -1.0742 0 1.9125 0  4 7 -1 -3 22 -1 12 13  0 1 1 1 0 20 0 12.11 
0.267 4 4.10 4.10 4.1 4.1 0.192 0.177 1.4872 1.5446 0.3705 0.2096 0.0026 0.036276 -1.924821 -1.0742 0 1.9125 0  7 9 7 6 31 7 17 14  0 1 1 1 0 20 0 12.10 
0.268 4 4.10 4.10 4.1 4.1 0.210 0.190 1.4872 1.5446 0.3705 0.2110 0.0027 0.033685 -1.924816 -1.0742 0 1.9125 0  20 11 10 6 9 -1 22 10  0 1 1 1 0 20 0 12.11 
0.269 4 4.10 4.10 4.1 4.1 0.208 0.153 1.4342 1.4872 0.3420 0.2124 0.0027 0.036276 -1.924804 -1.0742 0 1.9125 0  21 21 22 36 7 13 7 7  0 1 1 1 0 20 0 12.10 
0.270 4 4.10 4.10 4.1 4.1 0.211 0.148 1.4872 1.4872 0.0000 0.2138 0.0028 0.033685 -1.924785 -1.0742 0 1.9125 0  5 27 -8 10 8 18 4 0  0 1 1 1 0 20 0 12.09 
0.271 4 4.10 4.10 4.1 4.1 0.192 0.135 1.4342 1.6065 1.1116 0.2152 0.0028 0.036276 -1.924765 -1.0742 0 1.9125 0  16 17 13 21 26 27 -7 17  0 1 1 1 0 20 0 12.10 
0.272 4 4.10 4.10 4.1 4.1 0.203 0.167 1.4342 1.6065 1.1116 0.2168 0.0029 0.036276 -1.924744 -1.0742 0 1.9125 0  13 29 18 22 -15 5 31 11  0 1 1 1 0 20 0 12.10 
0.273 4 4.10 4.10 4.1 4.1 0.196 0.152 1.4342 1.5446 0.7126 0.2180 0.0029 0.036276 -1.924732 -1.0742 0 1.9125 0  24 27 30 50 28 22 8 6  0 1 1 1 0 20 0 12.10 
0.274 4 4.10 4.10 4.1 4.1 0.184 0.145 1.4342 1.5446 0.7126 0.2197 0.0030 0.036276 -1.924733 -1.0742 0 1.9125 0  8 20 14 26 34 1 37 17  0 1 1 1 0 20 0 12.11 
0.275 4 4.10 4.10 4.1 4.1 0.182 0.158 1.4342 1.4872 0.3420 0.2211 0.0030 0.038867 -1.924736 -1.0742 0 1.9125 0  4 43 14 18 24 21 -16 5  0 1 1 1 0 20 0 12.10 
0.276 4 4.10 4.10 4.1 4.1 0.211 0.154 1.4872 1.6065 0.7696 0.2225 0.0031 0.036276 -1.924748 -1.0742 0 1.9125 0  7 34 9 4 2 10 27 34  0 1 1 1 0 20 0 12.09 
0.277 4 4.10 4.10 4.1 4.1 0.197 0.164 1.4872 1.6065 0.7696 0.2239 0.0031 0.038867 -1.924775 -1.0742 0 1.9125 0  25 7 10 20 19 20 0 20  0 1 1 1 0 20 0 12.11 
0.278 4 4.10 4.10 4.1 4.1 0.214 0.124 1.4872 1.6065 0.7696 0.2255 0.0032 0.038867 -1.924797 -1.0742 0 1.9125 0  15 30 7 21 13 38 12 10  0 1 1 1 0 20 0 12.09 
0.279 4 4.10 4.10 4.1 4.1 0.199 0.146 1.4872 1.5446 0.3705 0.2267 0.0032 0.038867 -1.924811 -1.0742 0 1.9125 0  11 16 25 25 -10 12 18 8  0 1 1 1 0 20 0 12.10 
0.280 4 4.10 4.10 4.1 4.1 0.181 0.128 1.4872 1.5446 0.3705 0.2283 0.0033 0.038867 -1.924824 -1.0742 0 1.9125 0  6 18 4 15 25 2 3 6  0 1 1 1 0 20 0 12.10 
0.281 4 4.10 4.10 4.1 4.1 0.187 0.168 1.4872 1.5446 0.3705 0.2297 0.0033 0.041458 -1.924834 -1.0742 0 1.9125 0  28 6 15 26 21 9 41 28  0 1 1 1 0 20 0 12.11 
0.282 4 4.10 4.10 4.1 4.1 0.201 0.137 1.4342 1.6065 1.1116 0.2311 0.0034 0.038867 -1.924842 -1.0742 0 1.9125 0  9 41 11 20 31 11 9 10  0 1 1 1 0 20 0 12.10 
0.283 4 4.10 4.10 4.1 4.1 0.214 0.145 1.4872 1.6065 0.7696 0.2325 0.0035 0.041458 -1.924853 -1.0742 0 1.9125 0  36 -2 23 35 17 16 3 6  0 1 1 1 0 20 0 12.11 
0.284 4 4.10 4.10 4.1 4.1 0.193 0.137 1.5446 1.6065 0.3990 0.2341 0.0035 0.041458 -1.924853 -1.0742 0 1.9125 0  13 12 11 7 22 -4 0 8  0 1 1 1 0 20 0 12.10 
0.285 4 4.10 4.10 4.1 4.1 0.222 0.171 1.4872 1.6732 1.1997 0.2357 0.0036 0.041458 -1.924836 -1.0742 0 1.9125 0  27 23 29 25 35 26 0 12  0 1 1 1 0 20 0 12.10 
0.286 4 4.10 4.10 4.1 4.1 0.177 0.134 1.4872 1.6065 0.7696 0.2369 0.0036 0.041458 -1.924809 -1.0742 0 1.9125 0  7 24 19 9 7 11 18 22  0 1 1 1 0 20 0 12.11 
0.287 4 4.10 4.10 4.1 4.1 0.217 0.146 1.4872 1.6065 0.7696 0.2385 0.0037 0.041458 -1.924779 -1.0742 0 1.9125 0  18 -22 17 20 9 1 21 13  0 1 1 1 0 20 0 12.11 
0.288 4 4.10 4.10 4.1 4.1 0.167 0.140 1.4872 1.4342 -0.3420 0.2397 0.0038 0.041458 -1.924758 -1.0742 0 1.9125 0  3 19 17 13 -19 -11 27 3  0 1 1 1 0 20 0 12.11 
0.289 4 4.10 4.10 4.1 4.1 0.181 0.131 1.4872 1.6065 0.7696 0.2413 0.0038 0.041458 -1.924742 -1.0742 0 1.9125 0  24 13 33 25 20 30 -5 -4  0 1 1 1 0 20 0 12.10 
0.290 4 4.10 4.10 4.1 4.1 0.192 0.128 1.4872 1.6065 0.7696 0.2427 0.0039 0.044049 -1.924729 -1.0742 0 1.9125 0  22 1 9 25 12 12 -8 10  0 1 1 1 0 20 0 12.11 
0.291 4 4.10 4.10 4.1 4.1 0.177 0.119 1.4872 1.6065 0.7696 0.2443 0.0040 0.044049 -1.924722 -1.0742 0 1.9125 0  24 11 14 15 33 1 13 27  0 1 1 1 0 20 0 12.10 
0.292 4 4.10 4.10 4.1 4.1 0.192 0.143 1.4872 1.5446 0.3705 0.2455 0.0040 0.044049 -1.924725 -1.0742 0 1.9125 0  9 38 18 18 -3 10 22 13  0 1 1 1 0 20 0 12.10 
0.293 4 4.10 4.10 4.1 4.1 0.150 0.122 1.4872 1.5446 0.3705 0.2471 0.0041 0.044049 -1.924739 -1.0742 0 1.9125 0  11 -5 18 3 25 1 23 27  0 1 1 1 0 20 0 12.11 
0.294 4 4.10 4.10 4.1 4.1 0.204 0.164 1.4872 1.6065 0.7696 0.2487 0.0042 0.044049 -1.924752 -1.0742 0 1.9125 0  17 25 18 23 22 5 -6 13  0 1 1 1 0 20 0 12.11 
0.295 4 4.10 4.10 4.1 4.1 0.177 0.127 1.5446 1.5446 0.0000 0.2502 0.0042 0.046640 -1.924771 -1.0742 0 1.9125 0  17 8 27 30 37 19 -16 11  0 1 1 1 0 20 0 12.11 
0.296 4 4.10 4.10 4.1 4.1 0.219 0.139 1.4872 1.5446 0.3705 0.2516 0.0043 0.044049 -1.924796 -1.0742 0 1.9125 0  15 23 23 24 2 19 11 18  0 1 1 1 0 20 0 12.11 
0.297 4 4.10 4.10 4.1 4.1 0.174 0.113 1.5446 1.6732 0.8292 0.2530 0.0043 0.046640 -1.924810 -1.0742 0 1.9125 0  22 7 15 26 18 14 -17 2  0 1 1 1 0 20 0 12.11 
0.298 4 4.10 4.10 4.1 4.1 0.165 0.160 1.4872 1.6732 1.1997 0.2546 0.0044 0.046640 -1.924811 -1.0742 0 1.9125 0  16 24 9 18 13 23 11 13  0 1 1 1 0 20 0 12.12 
0.299 4 4.10 4.10 4.1 4.1 0.196 0.105 1.4872 1.6732 1.1997 0.2560 0.0045 0.049231 -1.924803 -1.0742 0 1.9125 0  22 18 16 12 22 27 7 23  0 1 1 1 0 20 0 12.11 
0.300 4 4.10 4.10 4.1 4.1 0.158 0.135 1.4872 1.6065 0.7696 0.2576 0.0046 0.049231 -1.924795 -1.0742 0 1.9125 0  18 24 24 23 29 0 19 18  0 1 1 1 0 20 0 12.12 
0.301 4 4.10 4.10 4.1 4.1 0.184 0.122 1.4342 1.5446 0.7126 0.2590 0.0046 0.046640 -1.924785 -1.0742 0 1.9125 0  32 17 22 27 19 22 11 -6  0 1 1 1 0 20 0 12.12 
0.302 4 4.10 4.10 4.1 4.1 0.149 0.148 1.4872 1.6732 1.1997 0.2604 0.0047 0.049231 -1.924771 -1.0742 0 1.9125 0  5 32 -1 11 14 35 26 14  0 1 1 1 0 20 0 12.11 
0.303 4 4.10 4.10 4.1 4.1 0.209 0.145 1.4872 1.5446 0.3705 0.2620 0.0048 0.049231 -1.924757 -1.0742 0 1.9125 0  23 14 28 29 28 16 -5 14  0 1 1 1 0 20 0 12.11 
0.304 4 4.10 4.10 4.1 4.1 0.190 0.123 1.4872 1.6065 0.7696 0.2632 0.0048 0.049231 -1.924747 -1.0742 0 1.9125 0  31 23 31 17 4 19 14 15  0 1 1 1 0 20 0 12.11 
0.305 4 4.10 4.10 4.1 4.1 0.205 0.117 1.4872 1.6732 1.1997 0.2648 0.0049 0.049231 -1.924750 -1.0742 0 1.9125 0  20 23 11 41 20 23 -12 4  0 1 1 1 0 20 0 12.11 
0.306 4 4.10 4.10 4.1 4.1 0.162 0.135 1.4872 1.6065 0.7696 0.2664 0.0050 0.049231 -1.924767 -1.0742 0 1.9125 0  3 20 1 9 16 17 11 27  0 1 1 1 0 20 0 12.11 
0.307 4 4.10 4.10 4.1 4.1 0.156 0.115 1.4872 1.6065 0.7696 0.2678 0.0051 0.051822 -1.924787 -1.0742 0 1.9125 0  19 0 18 14 12 11 17 10  0 1 1 1 0 20 0 12.11 
0.308 4 4.10 4.10 4.1 4.1 0.177 0.121 1.4872 1.5446 0.3705 0.2694 0.0052 0.051822 -1.924808 -1.0742 0 1.9125 0  13 39 31 20 -17 21 16 7  0 1 1 1 0 20 0 12.11 
0.309 4 4.10 4.10 4.1 4.1 0.157 0.136 1.4872 1.5446 0.3705 0.2706 0.0052 0.051822 -1.924835 -1.0742 0 1.9125 0  17 13 21 22 31 25 4 -7  0 1 1 1 0 20 0 12.11 
0.310 4 4.10 4.10 4.1 4.1 0.157 0.121 1.5446 1.6065 0.3990 0.2722 0.0053 0.051822 -1.924860 -1.0742 0 1.9125 0  2 22 10 11 27 9 38 -2  0 1 1 1 0 20 0 12.11 
0.311 4 4.10 4.10 4.1 4.1 0.162 0.131 1.4872 1.5446 0.3705 0.2738 0.0054 0.051822 -1.924868 -1.0742 0 1.9125 0  24 8 29 31 3 27 -7 -6  0 1 1 1 0 20 0 12.11 
0.312 4 4.10 4.10 4.1 4.1 0.184 0.108 1.4872 1.2952 -1.2386 0.2750 0.0054 0.051822 -1.924854 -1.0742 0 1.9125 0  21 27 16 18 -14 7 1 7  0 1 1 1 0 20 0 12.11 
0.313 4 4.10 4.10 4.1 4.1 0.168 0.149 1.4872 1.6065 0.7696 0.2766 0.0055 0.051822 -1.924831 -1.0742 0 1.9125 0  23 25 21 23 24 27 18 1  0 1 1 1 0 20 0 12.12 
0.314 4 4.10 4.10 4.1 4.1 0.183 0.115 1.5446 1.6065 0.3990 0.2780 0.0056 0.054414 -1.924808 -1.0742 0 1.9125 0  17 23 5 25 19 18 7 15  0 1 1 1 0 20 0 12.13 
0.315 4 4.10 4.10 4.1 4.1 0.148 0.150 1.4872 1.6732 1.1997 0.2796 0.0057 0.054414 -1.924781 -1.0742 0 1.9125 0  13 -7 29 34 20 14 3 19  0 1 1 1 0 20 0 12.11 
0.316 4 4.10 4.10 4.1 4.1 0.170 0.122 1.4872 1.6065 0.7696 0.2812 0.0058 0.054414 -1.924753 -1.0742 0 1.9125 0  28 23 26 13 -15 21 15 9  0 1 1 1 0 20 0 12.10 
0.317 4 4.10 4.10 4.1 4.1 0.172 0.137 1.4872 1.6065 0.7696 0.2824 0.0058 0.054414 -1.924734 -1.0742 0 1.9125 0  17 6 8 26 5 32 26 9  0 1 1 1 0 20 0 12.12 
0.318 4 4.10 4.10 4.1 4.1 0.200 0.112 1.5446 1.6732 0.8292 0.2840 0.0059 0.054414 -1.924734 -1.0742 0 1.9125 0  18 5 21 34 26 11 3 10  0 1 1 1 0 20 0 12.12 
0.319 4 4.10 4.10 4.1 4.1 0.184 0.123 1.5446 1.6065 0.3990 0.2854 0.0060 0.057005 -1.924750 -1.0742 0 1.9125 0  0 1 16 17 21 10 -13 4  0 1 1 1 0 20 0 12.11 
0.320 4 4.10 4.10 4.1 4.1 0.157 0.127 1.4872 1.6065 0.7696 0.2871 0.0061 0.057005 -1.924767 -1.0742 0 1.9125 0  30 33 26 12 4 35 16 11  0 1 1 1 0 20 0 12.12 
0.321 4 4.10 4.10 4.1 4.1 0.185 0.124 1.3386 1.6065 1.7283 0.2887 0.0062 0.057005 -1.924785 -1.0742 0 1.9125 0  16 8 17 15 -7 22 -3 3  0 1 1 1 0 20 0 12.11 
0.322 4 4.10 4.10 4.1 4.1 0.150 0.127 1.5446 1.6065 0.3990 0.2899 0.0063 0.057005 -1.924813 -1.0742 0 1.9125 0  14 38 21 34 33 33 10 21  0 1 1 1 0 20 0 12.11 
0.323 4 4.10 4.10 4.1 4.1 0.181 0.127 1.5446 1.6732 0.8292 0.2915 0.0063 0.057005 -1.924841 -1.0742 0 1.9125 0  14 8 1 36 33 10 0 5  0 1 1 1 0 20 0 12.12 
0.324 4 4.10 4.10 4.1 4.1 0.160 0.110 1.4872 1.6732 1.1997 0.2931 0.0064 0.057005 -1.924852 -1.0742 0 1.9125 0  22 14 23 20 -8 18 -3 10  0 1 1 1 0 20 0 12.11 
0.325 4 4.10 4.10 4.1 4.1 0.171 0.109 1.4872 1.6065 0.7696 0.2945 0.0065 0.059596 -1.924841 -1.0742 0 1.9125 0  23 0 13 26 17 9 -8 4  0 1 1 1 0 20 0 12.11 
0.326 4 4.10 4.10 4.1 4.1 0.170 0.125 1.4872 1.6065 0.7696 0.2959 0.0066 0.057005 -1.924821 -1.0742 0 1.9125 0  13 54 13 21 30 16 12 27  0 1 1 1 0 20 0 12.12 
0.327 4 4.10 4.10 4.1 4.1 0.160 0.124 1.4872 1.6065 0.7696 0.2973 0.0067 0.059596 -1.924801 -1.0742 0 1.9125 0  17 7 20 26 -4 12 20 -1  0 1 1 1 0 20 0 12.11 
0.328 4 4.10 4.10 4.1 4.1 0.171 0.119 1.4872 1.6065 0.7696 0.2989 0.0068 0.059596 -1.924774 -1.0742 0 1.9125 0  20 24 19 20 15 16 1 18  0 1 1 1 0 20 0 12.12 
0.329 4 4.10 4.10 4.1 4.1 0.132 0.084 1.5446 1.6065 0.3990 0.3005 0.0069 0.059596 -1.924747 -1.0742 0 1.9125 0  7 9 8 15 3 22 6 12  0 1 1 1 0 20 0 12.12 
0.330 4 4.10 4.10 4.1 4.1 0.185 0.112 1.5446 1.6065 0.3990 0.3019 0.0070 0.062187 -1.924731 -1.0742 0 1.9125 0  5 28 15 29 10 27 13 19  0 1 1 1 0 20 0 12.12 
0.331 4 4.10 4.10 4.1 4.1 0.163 0.091 1.4872 1.6732 1.1997 0.3033 0.0070 0.059596 -1.924729 -1.0742 0 1.9125 0  24 24 17 -1 13 21 -10 5  0 1 1 1 0 20 0 12.12 
0.332 4 4.10 4.10 4.1 4.1 0.169 0.153 1.4872 1.6065 0.7696 0.3047 0.0071 0.062187 -1.924742 -1.0742 0 1.9125 0  28 19 6 15 -16 15 12 25  0 1 1 1 0 20 0 12.12 
0.333 4 4.10 4.10 4.1 4.1 0.147 0.119 1.4872 1.6065 0.7696 0.3063 0.0072 0.062187 -1.924765 -1.0742 0 1.9125 0  15 -13 2 16 4 -8 -10 8  0 1 1 1 0 20 0 12.12 
0.334 4 4.10 4.10 4.1 4.1 0.164 0.153 1.5446 1.6732 0.8292 0.3079 0.0073 0.062187 -1.924790 -1.0742 0 1.9125 0  19 22 5 8 12 12 11 13  0 1 1 1 0 20 0 12.10 
0.335 4 4.10 4.10 4.1 4.1 0.190 0.113 1.5446 1.6732 0.8292 0.3093 0.0074 0.064778 -1.924813 -1.0742 0 1.9125 0  32 13 29 17 5 22 37 27  0 1 1 1 0 20 0 12.11 
0.336 4 4.10 4.10 4.1 4.1 0.190 0.126 1.4872 1.6732 1.1997 0.3107 0.0075 0.062187 -1.924840 -1.0742 0 1.9125 0  14 31 26 35 6 26 -1 -1  0 1 1 1 0 20 0 12.11 
0.337 4 4.10 4.10 4.1 4.1 0.171 0.090 1.5446 1.6732 0.8292 0.3121 0.0076 0.064778 -1.924858 -1.0742 0 1.9125 0  18 24 19 26 1 24 7 -2  0 1 1 1 0 20 0 12.12 
0.338 4 4.10 4.10 4.1 4.1 0.135 0.106 1.5446 1.6065 0.3990 0.3137 0.0077 0.064778 -1.924855 -1.0742 0 1.9125 0  6 13 13 5 31 9 -7 22  0 1 1 1 0 20 0 12.12 
0.339 4 4.10 4.10 4.1 4.1 0.175 0.130 1.5446 1.5446 0.0000 0.3153 0.0078 0.064778 -1.924836 -1.0742 0 1.9125 0  26 10 25 31 22 19 -15 11  0 1 1 1 0 20 0 12.11 
0.340 4 4.10 4.10 4.1 4.1 0.163 0.120 1.4872 1.6732 1.1997 0.3167 0.0079 0.067369 -1.924819 -1.0742 0 1.9125 0  21 32 16 9 -2 31 23 5  0 1 1 1 0 20 0 12.11 
0.341 4 4.10 4.10 4.1 4.1 0.177 0.111 1.4872 1.6065 0.7696 0.3181 0.0080 0.064778 -1.924802 -1.0742 0 1.9125 0  1 -1 18 7 23 8 16 11  0 1 1 1 0 20 0 12.11 
0.342 4 4.10 4.10 4.1 4.1 0.153 0.117 1.5446 1.6732 0.8292 0.3197 0.0081 0.064778 -1.924770 -1.0742 0 1.9125 0  20 2 -6 23 16 15 -12 5  0 1 1 1 0 20 0 12.11 
0.343 4 4.10 4.10 4.1 4.1 0.198 0.124 1.5446 1.6732 0.8292 0.3211 0.0082 0.067369 -1.924736 -1.0742 0 1.9125 0  23 19 21 24 3 5 22 6  0 1 1 1 0 20 0 12.12 
0.344 4 4.10 4.10 4.1 4.1 0.164 0.124 1.5446 1.6732 0.8292 0.3227 0.0083 0.067369 -1.924724 -1.0742 0 1.9125 0  18 46 25 20 -6 1 -1 7  0 1 1 1 0 20 0 12.11 
0.345 4 4.10 4.10 4.1 4.1 0.183 0.138 1.5446 1.6065 0.3990 0.3239 0.0084 0.067369 -1.924738 -1.0742 0 1.9125 0  20 22 16 21 -1 28 23 18  0 1 1 1 0 20 0 12.12 
0.346 4 4.10 4.10 4.1 4.1 0.162 0.115 1.5446 1.6065 0.3990 0.3255 0.0085 0.067369 -1.924761 -1.0742 0 1.9125 0  -11 38 12 12 12 12 9 28  0 1 1 1 0 20 0 12.11 
0.347 4 4.10 4.10 4.1 4.1 0.143 0.126 1.5446 1.6065 0.3990 0.3271 0.0086 0.067369 -1.924787 -1.0742 0 1.9125 0  26 7 19 13 27 8 15 2  0 1 1 1 0 20 0 12.10 
0.348 4 4.10 4.10 4.1 4.1 0.174 0.106 1.4872 1.6065 0.7696 0.3285 0.0087 0.069960 -1.924818 -1.0742 0 1.9125 0  34 32 23 1 5 14 11 22  0 1 1 1 0 20 0 12.11 
0.349 4 4.10 4.10 4.1 4.1 0.155 0.121 1.4872 1.6065 0.7696 0.3301 0.0088 0.069960 -1.924850 -1.0742 0 1.9125 0  13 16 16 31 26 14 -7 10  0 1 1 1 0 20 0 12.11 
0.350 4 4.10 4.10 4.1 4.1 0.171 0.092 1.6065 1.4872 -0.7696 0.3315 0.0089 0.067369 -1.924866 -1.0742 0 1.9125 0  7 46 9 26 -3 19 15 16  0 1 1 1 0 20 0 12.11 
0.351 4 4.10 4.10 4.1 4.1 0.131 0.113 1.5446 1.6732 0.8292 0.3329 0.0090 0.069960 -1.924856 -1.0742 0 1.9125 0  19 35 13 6 17 28 -1 2  0 1 1 1 0 20 0 12.12 
0.352 4 4.10 4.10 4.1 4.1 0.182 0.116 1.5446 1.6065 0.3990 0.3345 0.0091 0.069960 -1.924829 -1.0742 0 1.9125 0  36 26 23 17 -2 8 19 17  0 1 1 1 0 20 0 12.11 
0.353 4 4.10 4.10 4.1 4.1 0.161 0.131 1.4872 1.6732 1.1997 0.3360 0.0092 0.072551 -1.924796 -1.0742 0 1.9125 0  11 24 26 29 9 22 -7 2  0 1 1 1 0 20 0 12.12 
0.354 4 4.10 4.10 4.1 4.1 0.189 0.122 1.5446 1.6065 0.3990 0.3376 0.0093 0.072551 -1.924765 -1.0742 0 1.9125 0  8 37 24 19 4 26 31 21  0 1 1 1 0 20 0 12.12 
0.355 4 4.10 4.10 4.1 4.1 0.154 0.127 1.5446 1.6065 0.3990 0.3390 0.0094 0.069960 -1.924734 -1.0742 0 1.9125 0  21 21 22 24 3 11 0 18  0 1 1 1 0 20 0 12.11 
0.356 4 4.10 4.10 4.1 4.1 0.184 0.102 1.5446 1.6732 0.8292 0.3404 0.0095 0.072551 -1.924703 -1.0742 0 1.9125 0  18 29 32 21 -10 21 11 29  0 1 1 1 0 20 0 12.11 
0.357 4 4.10 4.10 4.1 4.1 0.174 0.128 1.5446 1.6065 0.3990 0.3420 0.0096 0.072551 -1.924686 -1.0742 0 1.9125 0  28 19 28 27 18 22 13 8  0 1 1 1 0 20 0 12.11 
0.358 4 4.10 4.10 4.1 4.1 0.169 0.111 1.5446 1.6065 0.3990 0.3436 0.0098 0.072551 -1.924691 -1.0742 0 1.9125 0  4 27 13 12 -4 24 26 12  0 1 1 1 0 20 0 12.11 
0.359 4 4.10 4.10 4.1 4.1 0.170 0.128 1.5446 1.6065 0.3990 0.3450 0.0099 0.075143 -1.924709 -1.0742 0 1.9125 0  27 3 17 31 36 1 13 7  0 1 1 1 0 20 0 12.12 
0.360 4 4.10 4.10 4.1 4.1 0.148 0.133 1.5446 1.6732 0.8292 0.3464 0.0100 0.072551 -1.924733 -1.0742 0 1.9125 0  36 11 22 30 -18 17 -8 4  0 1 1 1 0 20 0 12.12 
0.361 4 4.10 4.10 4.1 4.1 0.183 0.127 1.4872 1.6732 1.1997 0.3478 0.0101 0.075143 -1.924760 -1.0742 0 1.9125 0  26 8 18 30 31 22 -5 7  0 1 1 1 0 20 0 12.11 
0.362 4 4.10 4.10 4.1 4.1 0.150 0.126 1.4872 1.6065 0.7696 0.3494 0.0102 0.075143 -1.924784 -1.0742 0 1.9125 0  -1 25 33 16 -7 18 20 15  0 1 1 1 0 20 0 12.11 
0.363 4 4.10 4.10 4.1 4.1 0.190 0.125 1.5446 1.6065 0.3990 0.3510 0.0103 0.075143 -1.924800 -1.0742 0 1.9125 0  43 22 28 20 17 22 12 13  0 1 1 1 0 20 0 12.11 
0.364 4 4.10 4.10 4.1 4.1 0.163 0.111 1.5446 1.6065 0.3990 0.3524 0.0104 0.077734 -1.924809 -1.0742 0 1.9125 0  14 27 22 25 17 32 13 17  0 1 1 1 0 20 0 12.12 
0.365 4 4.10 4.10 4.1 4.1 0.193 0.112 1.5446 1.6065 0.3990 0.3538 0.0105 0.075143 -1.924802 -1.0742 0 1.9125 0  11 -2 10 21 33 -6 -4 14  0 1 1 1 0 20 0 12.12 
0.366 4 4.10 4.10 4.1 4.1 0.173 0.129 1.5446 1.6065 0.3990 0.3554 0.0106 0.075143 -1.924782 -1.0742 0 1.9125 0  8 27 27 24 -13 17 17 22  0 1 1 1 0 20 0 12.12 
0.367 4 4.10 4.10 4.1 4.1 0.150 0.087 1.5446 1.6065 0.3990 0.3568 0.0108 0.077734 -1.924760 -1.0742 0 1.9125 0  24 15 30 41 42 18 4 11  0 1 1 1 0 20 0 12.12 
0.368 4 4.10 4.10 4.1 4.1 0.169 0.093 1.4872 1.6065 0.7696 0.3584 0.0109 0.077734 -1.924733 -1.0742 0 1.9125 0  17 37 9 20 13 15 -11 11  0 1 1 1 0 20 0 12.13 
0.369 4 4.10 4.10 4.1 4.1 0.150 0.080 1.5446 1.2952 -1.6091 0.3600 0.0110 0.077734 -1.924709 -1.0742 0 1.9125 0  26 10 15 33 17 31 7 1  0 1 1 1 0 20 0 12.11 
0.370 4 4.10 4.10 4.1 4.1 0.181 0.115 1.5446 1.6065 0.3990 0.3612 0.0111 0.077734 -1.924694 -1.0742 0 1.9125 0  1 26 2 13 8 20 12 12  0 1 1 1 0 20 0 12.12 
