%% logfile from robot 16
%  1    time 0.000 sec
%  2    mission (0) state 2
%  3  4  5 Acc x,y,z [m/s2]: -8.765117 0.630532 3.790386
%  6  7  8 Gyro x,y,z [deg/s]: 0.366211 -0.213623 1.159668
%  9 10 Motor velocity ref left, right: -1.70 -1.70
% 11 12 Motor voltage [V] left, right: -1.7 -1.7
% 13 14 Motor current left, right [A]: 0.012 -0.004
% 15 16 Encoder left, right: 4294965427 4294964884
% 17 18 Wheel velocity [m/s] left, right: 0.0000 0.0000
% 19    Turnrate [r/s]: 0.0000
% 20 21 22 23 Pose x,y,h,tilt [m,m,rad,rad]: 0.0000 0.0000 0.000000 1.986478
% 24    Battery voltage [V]: 12.20
0.001 2 -8.707578 0.604160 3.804770 0.335693 -0.152588 1.220703 -1.70 -1.70 -1.7 -1.7 -0.098 0.002 4294965427 4294964884 0.0000 0.0000 0.0000 0.0000 0.0000 0.000000 1.986476 12.18 
0.002 2 -8.705180 0.582583 3.852720 0.213623 -0.091553 1.190186 -1.70 -1.70 -1.7 -1.7 -0.215 -0.174 4294965427 4294964884 0.0000 0.0000 0.0000 0.0000 0.0000 0.000000 1.986476 12.17 
0.003 2 -8.717168 0.671289 3.852720 0.244141 -0.061035 1.098633 -1.70 -1.70 -1.7 -1.7 -0.272 -0.233 4294965427 4294964884 0.0000 0.0000 0.0000 0.0000 0.0000 0.000000 1.986478 12.17 
0.004 2 -8.714770 0.736021 3.857515 0.183105 -0.122070 1.037598 -1.70 -1.70 -1.7 -1.7 -0.361 -0.292 4294965427 4294964884 0.0000 0.0000 0.0000 0.0000 0.0000 0.000000 1.986481 12.15 
0.005 2 -8.693193 0.714443 3.939028 0.549316 -0.213623 1.007080 -1.70 -1.70 -1.7 -1.7 -0.348 -0.319 4294965427 4294964884 0.0000 0.0000 0.0000 0.0000 0.0000 0.000000 1.986489 12.16 
0.006 2 -8.666821 0.683276 3.953413 0.854492 -0.549316 0.518799 -1.70 -1.70 -1.7 -1.7 -0.322 -0.281 4294965427 4294964884 0.0000 0.0000 0.0000 0.0000 0.0000 0.000000 1.986506 12.15 
0.007 2 -8.654834 0.709648 3.991772 0.762939 -1.007080 -0.549316 -1.70 -1.70 -1.7 -1.7 -0.350 -0.287 4294965427 4294964883 0.0000 0.0000 0.0000 -0.0002 0.0000 -0.002591 1.986534 12.15 
0.008 2 -8.724360 0.700059 4.034926 0.854492 -1.251221 -0.671387 -1.70 -1.70 -1.7 -1.7 -0.318 -0.308 4294965426 4294964883 0.0000 0.0000 0.0000 -0.0004 0.0000 0.000000 1.986571 12.15 
0.009 2 -8.544551 0.975767 4.111645 1.495361 -1.464844 -1.251221 -1.70 -1.70 -1.7 -1.7 -0.293 -0.300 4294965426 4294964883 0.0000 0.0000 0.0000 -0.0004 0.0000 0.000000 1.986619 12.15 
0.010 2 -8.566128 0.915830 4.042119 1.586914 -1.861572 -1.434326 -1.70 -1.70 -1.7 -1.7 -0.417 -0.297 4294965426 4294964883 0.0000 0.0000 0.0000 -0.0004 0.0000 0.000000 1.986677 12.15 
0.011 2 -8.650039 0.937407 4.075684 1.373291 -2.593994 -2.319336 -1.70 -1.70 -1.7 -1.7 -0.297 -0.297 4294965426 4294964882 0.0000 -0.0984 -0.6348 -0.0006 0.0000 -0.002591 1.986741 12.16 
0.012 2 -8.563730 1.004536 4.092466 1.464844 -3.540039 -3.173828 -1.70 -1.70 -1.7 -1.7 -0.283 -0.306 4294965425 4294964882 -0.1092 -0.0984 0.0700 -0.0008 0.0000 0.000000 1.986822 12.15 
0.013 2 -8.451050 1.107627 4.140415 1.373291 -4.211426 -3.814697 -1.70 -1.70 -1.7 -1.7 -0.346 -0.234 4294965425 4294964882 -0.1092 -0.0984 0.0700 -0.0008 0.0000 0.000000 1.986924 12.16 
0.014 2 -8.508589 0.920625 4.078081 0.183105 -4.119873 -3.784180 -1.70 -1.70 -1.7 -1.7 -0.313 -0.261 4294965424 4294964881 -0.1671 -0.1378 0.1892 -0.0012 0.0000 0.000000 1.987031 12.15 
0.015 2 -8.587705 0.872676 4.150005 -0.335693 -4.486084 -3.112793 -1.70 -1.70 -1.7 -1.7 -0.253 -0.249 4294965424 4294964881 -0.1671 -0.1378 0.1892 -0.0012 0.0000 0.000000 1.987139 12.16 
0.016 2 -8.532563 1.004536 4.109248 0.152588 -4.913330 -3.417969 -1.70 -1.70 -1.7 -1.7 -0.311 -0.262 4294965423 4294964880 -0.2008 -0.1759 0.1606 -0.0016 0.0000 0.000000 1.987254 12.16 
0.017 2 -8.518178 0.611353 4.164390 -0.549316 -5.401611 -3.692627 -1.70 -1.70 -1.7 -1.7 -0.263 -0.269 4294965423 4294964880 -0.2008 -0.1759 0.1606 -0.0016 0.0000 0.000000 1.987379 12.16 
0.018 2 -8.482217 0.647314 4.193159 -1.434326 -5.798340 -4.089355 -1.70 -1.70 -1.7 -1.7 -0.211 -0.228 4294965422 4294964880 -0.2169 -0.1759 0.2643 -0.0018 0.0000 0.002591 1.987517 12.15 
0.019 2 -8.487012 0.647314 4.178774 -1.434326 -6.866455 -5.249023 -1.70 -1.70 -1.7 -1.7 -0.310 -0.257 4294965422 4294964879 -0.2169 -0.1743 0.2747 -0.0020 0.0000 0.000000 1.987669 12.16 
0.020 2 -8.530166 0.611353 4.042119 -1.708984 -6.744385 -5.279541 -1.70 -1.70 -1.7 -1.7 -0.312 -0.219 4294965421 4294964878 -0.2125 -0.2281 -0.1011 -0.0024 0.0000 0.000000 1.987821 12.16 
0.021 2 -8.537358 0.582583 3.924644 -2.075195 -6.805420 -4.943848 -1.70 -1.70 -1.7 -1.7 -0.245 -0.174 4294965420 4294964878 -0.2125 -0.2281 -0.1011 -0.0026 0.0000 0.002591 1.987959 12.15 
0.022 2 -8.525371 0.549019 3.845527 -2.014160 -7.568359 -5.645752 -1.70 -1.70 -1.7 -1.7 -0.231 -0.204 4294965420 4294964877 -0.2590 -0.2305 0.1840 -0.0028 -0.0000 0.000000 1.988094 12.16 
0.023 2 -8.578115 0.429145 3.857515 -1.831055 -8.300781 -6.927490 -1.70 -1.70 -1.7 -1.7 -0.284 -0.207 4294965419 4294964877 -0.2848 -0.2305 0.3498 -0.0030 -0.0000 0.002591 1.988239 12.15 
0.024 2 -8.546948 0.611353 3.708872 -1.770020 -8.209229 -8.056641 -1.70 -1.70 -1.7 -1.7 -0.166 -0.087 4294965418 4294964876 -0.2827 -0.2607 0.1425 -0.0034 -0.0000 0.002591 1.988381 12.16 
0.025 2 -8.510986 0.551416 3.672910 -1.922607 -8.239746 -9.216309 -1.70 -1.70 -1.7 -1.7 -0.256 -0.176 4294965418 4294964875 -0.2827 -0.2434 0.2539 -0.0036 -0.0000 0.000000 1.988515 12.16 
0.026 2 -8.657231 0.366812 3.653730 -2.166748 -8.117676 -9.735107 -1.70 -1.70 -1.7 -1.7 -0.206 -0.147 4294965417 4294964875 -0.2522 -0.2434 0.0570 -0.0038 -0.0000 0.002591 1.988644 12.16 
0.027 2 -8.621269 0.414761 3.572217 -2.410889 -7.598877 -9.918213 -1.70 -1.70 -1.7 -1.7 -0.163 -0.127 4294965416 4294964874 -0.2952 -0.2848 0.0674 -0.0042 -0.0000 0.002591 1.988759 12.16 
0.028 2 -8.611679 0.405171 3.512280 -2.685547 -6.958008 -9.521484 -1.70 -1.70 -1.7 -1.7 -0.262 -0.201 4294965415 4294964873 -0.2952 -0.2711 0.1555 -0.0044 -0.0000 0.000000 1.988858 12.16 
0.029 2 -8.599692 0.596968 3.428369 -2.563477 -5.889893 -8.819580 -1.70 -1.70 -1.7 -1.7 -0.201 -0.169 4294965415 4294964872 -0.2952 -0.2711 0.1555 -0.0046 -0.0000 0.002591 1.988935 12.16 
0.030 2 -8.640449 0.604160 3.421177 -2.380371 -5.432129 -8.575439 -1.70 -1.70 -1.7 -1.7 -0.166 -0.194 4294965414 4294964872 -0.3113 -0.3088 0.0155 -0.0050 -0.0000 0.002591 1.988994 12.16 
0.031 2 -8.626064 0.606558 3.392407 -2.410889 -5.004883 -8.087158 -1.70 -1.70 -1.7 -1.7 -0.288 -0.172 4294965413 4294964871 -0.2928 -0.2767 0.1036 -0.0054 -0.0000 0.002591 1.989043 12.16 
0.032 2 -8.741142 0.671289 3.318086 -2.319336 -4.669189 -7.354736 -1.70 -1.70 -1.7 -1.7 -0.177 -0.171 4294965412 4294964870 -0.2928 -0.3317 -0.2513 -0.0056 -0.0000 0.000000 1.989078 12.17 
0.033 2 -8.688398 0.580186 3.373227 -1.892090 -4.058838 -6.347656 -1.70 -1.70 -1.7 -1.7 -0.122 -0.166 4294965412 4294964869 -0.3289 -0.3462 -0.1114 -0.0060 -0.0000 0.000000 1.989102 12.17 
0.034 2 -8.681206 0.618545 3.435561 -1.342773 -3.234863 -5.157471 -1.70 -1.70 -1.7 -1.7 -0.212 -0.180 4294965411 4294964868 -0.3161 -0.3462 -0.1943 -0.0062 -0.0000 0.002591 1.989121 12.16 
0.035 2 -8.659629 0.601763 3.481113 -0.854492 -2.960205 -3.906250 -1.70 -1.70 -1.7 -1.7 -0.173 -0.171 4294965410 4294964868 -0.3402 -0.3490 -0.0570 -0.0066 -0.0000 0.002591 1.989136 12.16 
0.036 2 -8.659629 0.640122 3.409189 -0.091553 -2.624512 -2.929688 -1.70 -1.70 -1.7 -1.7 -0.151 -0.177 4294965409 4294964867 -0.3265 -0.2928 0.2177 -0.0070 -0.0000 0.002591 1.989145 12.16 
0.037 2 -8.803476 0.618545 3.500293 0.640869 -1.953125 -1.068115 -1.70 -1.70 -1.7 -1.7 -0.271 -0.160 4294965408 4294964866 -0.3490 -0.3615 -0.0803 -0.0074 -0.0000 0.002591 1.989144 12.16 
0.038 2 -8.738745 0.750405 3.541050 1.831055 -1.464844 0.579834 -1.70 -1.70 -1.7 -1.7 -0.194 -0.120 4294965407 4294964865 -0.3490 -0.3522 -0.0207 -0.0076 -0.0000 0.000000 1.989137 12.16 
0.039 2 -8.789091 0.671289 3.624961 2.532959 -0.976562 2.502441 -1.70 -1.70 -1.7 -1.7 -0.134 -0.072 4294965407 4294964864 -0.3213 -0.3715 -0.3239 -0.0080 -0.0000 0.000000 1.989128 12.16 
0.040 2 -8.815464 0.568198 3.677705 2.990723 -0.457764 4.730225 -1.70 -1.70 -1.7 -1.7 -0.226 -0.120 4294965406 4294964863 -0.3582 -0.3430 0.0985 -0.0084 -0.0000 0.000000 1.989115 12.16 
0.041 2 -8.621269 0.673687 3.766411 3.387451 -0.396729 6.134033 -1.70 -1.70 -1.7 -1.7 -0.176 -0.139 4294965405 4294964862 -0.3462 -0.3860 -0.2565 -0.0088 -0.0000 0.000000 1.989108 12.17 
0.042 2 -8.709975 0.563403 3.859912 3.784180 -0.152588 7.995605 -1.70 -1.70 -1.7 -1.7 -0.154 -0.055 4294965404 4294964861 -0.3683 -0.3823 -0.0907 -0.0090 -0.0000 0.002591 1.989109 12.17 
0.043 2 -8.590102 0.565801 3.934233 3.936768 -0.305176 9.887695 -1.70 -1.70 -1.7 -1.7 -0.253 -0.124 4294965403 4294964860 -0.3402 -0.3430 -0.0181 -0.0094 -0.0000 0.002591 1.989118 12.17 
0.044 2 -8.664424 0.565801 3.924644 3.875732 -0.823975 11.505127 -1.70 -1.70 -1.7 -1.7 -0.147 -0.091 4294965402 4294964860 -0.3823 -0.3936 -0.0726 -0.0098 -0.0000 0.002591 1.989137 12.16 
0.045 2 -8.736347 0.469902 4.010952 3.601074 -0.610352 14.312744 -1.70 -1.70 -1.7 -1.7 -0.144 -0.071 4294965401 4294964859 -0.3896 -0.3823 0.0466 -0.0102 -0.0000 0.002591 1.989159 12.16 
0.046 2 -8.791489 0.561006 4.001362 3.875732 -0.213623 16.418457 -1.70 -1.70 -1.7 -1.7 -0.234 -0.108 4294965400 4294964858 -0.3823 -0.3976 -0.0985 -0.0106 -0.0000 0.002591 1.989176 12.16 
0.047 2 -8.767514 0.580186 3.924644 4.241943 -0.030518 18.585205 -1.70 -1.70 -1.7 -1.7 -0.139 -0.111 4294965399 4294964857 -0.3550 -0.3265 0.1840 -0.0110 -0.0000 0.002591 1.989184 12.17 
0.048 2 -8.863413 0.570596 3.994170 4.272461 0.366211 20.660400 -1.70 -1.70 -1.7 -1.7 -0.092 -0.008 4294965398 4294964856 -0.3860 -0.3615 0.1581 -0.0114 -0.0000 0.002591 1.989185 12.17 
0.049 2 -8.892182 0.644917 3.951015 4.791260 0.335693 22.644043 -1.70 -1.70 -1.7 -1.7 -0.194 -0.114 4294965397 4294964855 -0.3823 -0.3582 0.1555 -0.0116 -0.0000 0.000000 1.989181 12.17 
0.050 2 -8.973696 0.668892 4.034926 5.554199 0.183105 24.444580 -1.70 -1.70 -1.7 -1.7 -0.108 -0.109 4294965396 4294964854 -0.3490 -0.3860 -0.2384 -0.0120 -0.0000 0.000000 1.989178 12.16 
0.051 2 -8.978491 0.654507 4.030132 5.859375 0.366211 25.695801 -1.70 -1.70 -1.7 -1.7 -0.119 -0.048 4294965395 4294964853 -0.3936 -0.4016 -0.0518 -0.0125 -0.0000 0.000000 1.989177 12.17 
0.052 2 -9.026441 0.642520 4.030132 6.225586 0.244141 26.580811 -1.70 -1.70 -1.7 -1.7 -0.203 -0.079 4294965394 4294964852 -0.3936 -0.4137 -0.1296 -0.0129 -0.0000 0.000000 1.989174 12.16 
0.053 2 -9.105556 0.695264 4.063696 6.866455 0.000000 27.465820 -1.70 -1.70 -1.7 -1.7 -0.142 -0.130 4294965394 4294964851 -0.3976 -0.4137 -0.1036 -0.0133 -0.0000 0.000000 1.989174 12.16 
0.054 2 -9.131928 0.707251 4.070889 7.049561 0.213623 27.801514 -1.70 -1.70 -1.7 -1.7 -0.117 -0.039 4294965393 4294964850 -0.3651 -0.4225 -0.3705 -0.0137 -0.0000 0.000000 1.989173 12.16 
0.055 2 -9.143916 0.637725 4.099658 7.049561 0.610352 27.587891 -1.70 -1.70 -1.7 -1.7 -0.182 -0.096 4294965392 4294964849 -0.4016 -0.3976 0.0259 -0.0141 -0.0000 0.000000 1.989168 12.18 
0.056 2 -9.124736 0.664097 3.996567 7.293701 0.915527 27.221680 -1.70 -1.70 -1.7 -1.7 -0.150 -0.100 4294965391 4294964848 -0.3860 -0.4137 -0.1788 -0.0145 -0.0000 0.000000 1.989153 12.17 
0.057 2 -9.117543 0.704853 4.051709 7.141113 1.403809 26.580811 -1.70 -1.70 -1.7 -1.7 -0.063 -0.063 4294965390 4294964847 -0.4016 -0.3582 0.2798 -0.0149 -0.0000 0.000000 1.989130 12.16 
0.058 2 -9.139121 0.692866 4.008554 6.652832 2.166748 25.817871 -1.70 -1.70 -1.7 -1.7 -0.122 -0.060 4294965389 4294964845 -0.3823 -0.3976 -0.0985 -0.0153 -0.0000 0.000000 1.989096 12.17 
0.059 2 -9.105556 0.671289 3.977388 5.981445 2.532959 24.505615 -1.70 -1.70 -1.7 -1.7 -0.131 -0.110 4294965388 4294964844 -0.3976 -0.4317 -0.2202 -0.0157 -0.0000 0.000000 1.989050 12.16 
0.060 2 -9.117543 0.644917 3.883887 5.157471 3.173828 22.552490 -1.70 -1.70 -1.7 -1.7 -0.094 -0.106 4294965387 4294964843 -0.3936 -0.4225 -0.1866 -0.0161 -0.0000 0.000000 1.988989 12.17 
0.061 2 -9.151108 0.661699 3.867104 4.211426 3.479004 20.263672 -1.70 -1.70 -1.7 -1.7 -0.122 -0.137 4294965386 4294964842 -0.4056 -0.3683 0.2410 -0.0165 -0.0000 0.000000 1.988914 12.17 
0.062 2 -9.201455 0.678481 3.895874 3.143311 3.997803 17.791748 -1.70 -1.70 -1.7 -1.7 -0.099 -0.082 4294965385 4294964841 -0.3823 -0.4269 -0.2876 -0.0171 -0.0000 -0.002591 1.988831 12.17 
0.063 2 -9.151108 0.613750 3.881489 2.166748 4.913330 15.045166 -1.70 -1.70 -1.7 -1.7 -0.079 -0.106 4294965384 4294964840 -0.4016 -0.4410 -0.2539 -0.0175 -0.0000 -0.002591 1.988736 12.16 
0.064 2 -9.268583 0.522646 3.891079 1.678467 5.401611 12.298584 -1.70 -1.70 -1.7 -1.7 -0.108 -0.091 4294965383 4294964839 -0.4056 -0.3936 0.0777 -0.0179 -0.0000 -0.002591 1.988627 12.16 
0.065 2 -9.258994 0.546621 3.869502 1.037598 5.706787 9.094238 -1.70 -1.70 -1.7 -1.7 -0.078 0.059 4294965381 4294964838 -0.4137 -0.4269 -0.0855 -0.0183 -0.0000 -0.002591 1.988509 12.17 
0.066 2 -9.249404 0.561006 3.886284 0.030518 6.805420 5.737305 -1.70 -1.70 -1.7 -1.7 -0.059 -0.091 4294965380 4294964837 -0.4362 -0.4462 -0.0648 -0.0187 -0.0000 -0.002591 1.988379 12.17 
0.067 2 -9.258994 0.549019 3.797578 -1.068115 7.904053 2.441406 -1.70 -1.70 -1.7 -1.7 -0.113 -0.079 4294965379 4294964836 -0.4317 -0.4562 -0.1581 -0.0191 -0.0000 -0.002591 1.988226 12.17 
0.068 2 -9.299750 0.589775 3.883887 -0.885010 8.056641 -0.885010 -1.70 -1.70 -1.7 -1.7 -0.108 0.066 4294965378 4294964835 -0.3936 -0.4317 -0.2462 -0.0195 -0.0000 -0.002591 1.988062 12.16 
0.069 2 -9.282969 0.563403 3.802373 -1.586914 7.934570 -4.760742 -1.70 -1.70 -1.7 -1.7 -0.082 -0.101 4294965377 4294964833 -0.4097 -0.4510 -0.2669 -0.0199 -0.0000 -0.002591 1.987898 12.17 
0.070 2 -9.220634 0.565801 3.773603 -2.502441 8.911133 -8.270264 -1.70 -1.70 -1.7 -1.7 -0.089 -0.100 4294965376 4294964832 -0.3615 -0.4667 -0.6789 -0.0205 -0.0000 -0.005182 1.987722 12.17 
0.071 2 -9.141519 0.580186 3.799975 -3.234863 9.216309 -11.749268 -1.70 -1.70 -1.7 -1.7 -0.090 0.068 4294965375 4294964831 -0.3936 -0.4016 -0.0518 -0.0211 -0.0000 -0.002591 1.987538 12.18 
0.072 2 -9.076787 0.529839 3.778398 -3.936768 9.582520 -15.350342 -1.70 -1.70 -1.7 -1.7 -0.099 -0.077 4294965374 4294964830 -0.4225 -0.4362 -0.0881 -0.0215 -0.0000 -0.002591 1.987352 12.17 
0.073 2 -9.043222 0.611353 3.833540 -4.638672 10.162354 -18.524170 -1.70 -1.70 -1.7 -1.7 -0.112 -0.084 4294965373 4294964829 -0.3823 -0.4410 -0.3783 -0.0219 -0.0000 -0.002591 1.987161 12.16 
0.074 2 -8.983286 0.632930 3.859912 -5.676270 10.314941 -21.636963 -1.70 -1.70 -1.7 -1.7 -0.084 0.052 4294965372 4294964828 -0.4056 -0.4615 -0.3602 -0.0223 -0.0000 -0.002591 1.986969 12.17 
0.075 2 -8.952119 0.697661 3.852720 -6.591797 10.040283 -24.200439 -1.70 -1.70 -1.7 -1.7 -0.235 -0.067 4294965371 4294964827 -0.4317 -0.4462 -0.0933 -0.0227 0.0000 -0.002591 1.986781 12.16 
0.076 2 -8.908964 0.680879 3.986977 -7.629395 10.223389 -26.672363 -1.70 -1.70 -1.7 -1.7 -0.126 -0.078 4294965370 4294964826 -0.4362 -0.4667 -0.1969 -0.0231 0.0000 -0.002591 1.986602 12.16 
0.077 2 -8.748335 0.829521 3.883887 -8.422852 10.406494 -28.717041 -1.70 -1.70 -1.7 -1.7 -0.098 0.067 4294965369 4294964824 -0.3860 -0.4562 -0.4534 -0.0235 0.0000 -0.002591 1.986426 12.16 
0.078 2 -8.829848 0.707251 3.982183 -9.155273 9.918213 -30.578613 -1.70 -1.70 -1.7 -1.7 -0.206 -0.082 4294965368 4294964823 -0.4097 -0.4362 -0.1710 -0.0239 0.0000 -0.002591 1.986253 12.16 
0.079 2 -8.717168 0.759995 4.046914 -9.552002 9.613037 -32.196045 -1.70 -1.70 -1.7 -1.7 -0.130 -0.081 4294965367 4294964822 -0.4181 -0.4723 -0.3498 -0.0245 0.0000 -0.005182 1.986097 12.16 
0.080 2 -8.693193 0.690469 4.078081 -10.070801 9.429932 -33.172607 -1.70 -1.70 -1.7 -1.7 -0.150 0.030 4294965366 4294964821 -0.4269 -0.4836 -0.3653 -0.0249 0.0000 -0.005182 1.985952 12.16 
0.081 2 -8.674013 0.767187 4.008554 -10.223389 9.399414 -33.874512 -1.70 -1.70 -1.7 -1.7 -0.149 -0.121 4294965365 4294964820 -0.4016 -0.4896 -0.5675 -0.0253 0.0000 -0.005182 1.985808 12.16 
0.082 2 -8.647641 0.812739 4.037324 -10.589600 8.850098 -34.515381 -1.70 -1.70 -1.7 -1.7 -0.111 -0.087 4294965364 4294964819 -0.4181 -0.4510 -0.2125 -0.0257 0.0000 -0.005182 1.985669 12.16 
0.083 2 -8.621269 0.848701 4.030132 -10.070801 8.300781 -34.820557 -1.70 -1.70 -1.7 -1.7 -0.202 0.024 4294965363 4294964817 -0.4181 -0.4779 -0.3861 -0.0261 0.0000 -0.005182 1.985542 12.17 
0.084 2 -8.522973 0.791162 3.989375 -9.918213 7.781982 -34.545898 -1.70 -1.70 -1.7 -1.7 -0.163 -0.082 4294965362 4294964816 -0.4269 -0.4896 -0.4042 -0.0267 0.0000 -0.007773 1.985424 12.16 
0.085 2 -8.463037 0.793560 4.003760 -9.674072 7.720947 -33.996582 -1.70 -1.70 -1.7 -1.7 -0.122 -0.056 4294965361 4294964815 -0.4269 -0.4723 -0.2928 -0.0271 0.0000 -0.007773 1.985314 12.17 
0.086 2 -8.463037 0.815137 3.927041 -9.368896 7.324219 -33.111572 -1.70 -1.70 -1.7 -1.7 -0.207 0.067 4294965360 4294964814 -0.4362 -0.4896 -0.3446 -0.0275 0.0000 -0.007773 1.985207 12.17 
0.087 2 -8.383921 0.834316 3.929438 -8.758545 6.500244 -32.165527 -1.70 -1.70 -1.7 -1.7 -0.112 -0.112 4294965358 4294964813 -0.4016 -0.4723 -0.4560 -0.0279 0.0000 -0.007773 1.985108 12.17 
0.088 2 -8.369535 0.788765 3.910259 -8.453369 6.286621 -30.761719 -1.70 -1.70 -1.7 -1.7 -0.097 -0.112 4294965357 4294964811 -0.4181 -0.4896 -0.4612 -0.0283 0.0000 -0.007773 1.985020 12.17 
0.089 2 -8.295215 0.884663 3.843130 -8.270264 5.493164 -29.327393 -1.70 -1.70 -1.7 -1.7 -0.168 0.053 4294965356 4294964810 -0.4317 -0.5020 -0.4534 -0.0291 0.0000 -0.007773 1.984938 12.16 
0.090 2 -8.335972 0.743213 3.905464 -7.781982 4.730225 -27.343750 -1.70 -1.70 -1.7 -1.7 -0.166 -0.089 4294965355 4294964809 -0.4181 -0.4510 -0.2125 -0.0295 0.0000 -0.007773 1.984871 12.16 
0.091 2 -8.216099 0.800752 3.951015 -7.263184 4.180908 -25.115967 -1.70 -1.70 -1.7 -1.7 -0.071 -0.074 4294965354 4294964808 -0.4362 -0.4779 -0.2695 -0.0299 0.0000 -0.007773 1.984822 12.20 
0.092 2 -8.180137 0.779175 3.963003 -6.713867 3.723145 -22.460938 -1.70 -1.70 -1.7 -1.7 -0.092 0.095 4294965353 4294964807 -0.4462 -0.4615 -0.0985 -0.0303 0.0000 -0.007773 1.984789 12.17 
0.093 2 -8.266445 0.793560 3.835938 -6.103516 3.295898 -20.080566 -1.70 -1.70 -1.7 -1.7 -0.105 -0.076 4294965352 4294964805 -0.4510 -0.4896 -0.2487 -0.0307 0.0000 -0.007773 1.984756 12.17 
0.094 2 -8.192123 0.781572 3.790386 -5.340576 2.319336 -17.547607 -1.70 -1.70 -1.7 -1.7 -0.081 -0.098 4294965351 4294964804 -0.4317 -0.5081 -0.4923 -0.0313 0.0001 -0.010364 1.984727 12.17 
0.095 2 -8.196918 0.764790 3.799975 -4.455566 1.464844 -15.014648 -1.70 -1.70 -1.7 -1.7 -0.064 0.015 4294965350 4294964803 -0.4410 -0.5020 -0.3939 -0.0317 0.0001 -0.010364 1.984714 12.17 
0.096 2 -8.208906 0.781572 3.756821 -3.601074 1.159668 -12.298584 -1.70 -1.70 -1.7 -1.7 -0.053 -0.112 4294965349 4294964802 -0.3976 -0.5149 -0.7566 -0.0321 0.0001 -0.010364 1.984709 12.17 
0.097 2 -8.201714 0.779175 3.735244 -2.777100 0.946045 -9.674072 -1.70 -1.70 -1.7 -1.7 -0.181 -0.096 4294965348 4294964800 -0.4225 -0.4956 -0.4716 -0.0325 0.0001 -0.010364 1.984705 12.17 
0.098 2 -8.180137 0.795957 3.787988 -1.617432 0.213623 -7.354736 -1.70 -1.70 -1.7 -1.7 -0.098 0.004 4294965346 4294964799 -0.4362 -0.4317 0.0285 -0.0329 0.0001 -0.010364 1.984711 12.18 
0.099 2 -8.098622 0.769585 3.776001 -0.854492 -0.549316 -4.760742 -1.70 -1.70 -1.7 -1.7 -0.052 -0.079 4294965345 4294964798 -0.4410 -0.4896 -0.3135 -0.0335 0.0001 -0.012956 1.984735 12.17 
0.100 2 -8.196918 0.731226 3.728052 0.061035 -1.068115 -2.166748 -1.70 -1.70 -1.7 -1.7 -0.190 -0.036 4294965344 4294964797 -0.4269 -0.5149 -0.5675 -0.0339 0.0001 -0.012956 1.984767 12.17 
0.101 2 -8.072250 0.786367 3.699282 0.854492 -1.586914 0.061035 -1.70 -1.70 -1.7 -1.7 -0.107 -0.133 4294965343 4294964796 -0.4362 -0.5213 -0.5493 -0.0345 0.0001 -0.010364 1.984805 12.17 
0.102 2 -8.086636 0.791162 3.780796 1.739502 -2.319336 1.708984 -1.70 -1.70 -1.7 -1.7 -0.202 -0.094 4294965342 4294964794 -0.4462 -0.4956 -0.3187 -0.0351 0.0001 -0.012956 1.984858 12.17 
0.103 2 -8.120200 0.774380 3.797578 2.014160 -2.868652 3.540039 -1.70 -1.70 -1.7 -1.7 -0.108 0.015 4294965341 4294964793 -0.4317 -0.5081 -0.4923 -0.0355 0.0001 -0.012956 1.984927 12.17 
0.104 2 -8.060264 0.817534 3.766411 2.593994 -3.356934 5.279541 -1.70 -1.70 -1.7 -1.7 -0.075 -0.051 4294965340 4294964792 -0.4410 -0.5149 -0.4768 -0.0359 0.0001 -0.012956 1.985004 12.17 
0.105 2 -8.050673 0.712046 3.764014 2.838135 -3.692627 7.263184 -1.70 -1.70 -1.7 -1.7 -0.203 -0.070 4294965339 4294964790 -0.4410 -0.4836 -0.2747 -0.0363 0.0001 -0.012956 1.985089 12.17 
0.106 2 -8.122598 0.733623 3.728052 2.960205 -4.028320 8.911133 -1.70 -1.70 -1.7 -1.7 -0.133 -0.021 4294965338 4294964789 -0.4510 -0.5149 -0.4120 -0.0369 0.0001 -0.015547 1.985175 12.17 
0.107 2 -8.136982 0.712046 3.821553 2.990723 -4.577637 10.589600 -1.70 -1.70 -1.7 -1.7 -0.078 -0.016 4294965337 4294964788 -0.4362 -0.5213 -0.5493 -0.0374 0.0001 -0.015547 1.985271 12.17 
0.108 2 -8.136982 0.776777 3.711269 3.417969 -5.401611 12.145996 -1.70 -1.70 -1.7 -1.7 -0.105 -0.052 4294965336 4294964787 -0.4462 -0.4956 -0.3187 -0.0378 0.0001 -0.015547 1.985377 12.17 
0.109 2 -8.180137 0.731226 3.632153 3.540039 -5.920410 13.244629 -1.70 -1.70 -1.7 -1.7 -0.083 -0.027 4294965334 4294964785 -0.4462 -0.5149 -0.4431 -0.0382 0.0001 -0.015547 1.985484 12.17 
0.110 2 -8.223290 0.664097 3.663320 3.753662 -6.042480 14.709473 -1.70 -1.70 -1.7 -1.7 -0.061 0.021 4294965333 4294964784 -0.4723 -0.5213 -0.3161 -0.0390 0.0002 -0.015547 1.985592 12.17 
0.111 2 -8.300010 0.743213 3.648935 4.364014 -6.500244 16.143799 -1.70 -1.70 -1.7 -1.7 -0.041 -0.068 4294965332 4294964783 -0.4667 -0.4836 -0.1088 -0.0394 0.0002 -0.015547 1.985703 12.17 
0.112 2 -8.345561 0.608955 3.706475 4.302979 -6.500244 17.425537 -1.70 -1.70 -1.7 -1.7 -0.061 -0.070 4294965331 4294964782 -0.4462 -0.5081 -0.3990 -0.0398 0.0002 -0.015547 1.985818 12.17 
0.113 2 -8.386318 0.572993 3.617769 4.760742 -6.622314 18.524170 -1.70 -1.70 -1.7 -1.7 -0.146 0.052 4294965330 4294964780 -0.4510 -0.5020 -0.3291 -0.0402 0.0002 -0.015547 1.985930 12.17 
0.114 2 -8.415088 0.616147 3.603384 5.249023 -7.324219 19.531250 -1.70 -1.70 -1.7 -1.7 -0.105 -0.056 4294965329 4294964779 -0.3860 -0.4956 -0.7074 -0.0408 0.0002 -0.018138 1.986042 12.16 
0.115 2 -8.448652 0.515454 3.598589 5.828857 -7.141113 20.385742 -1.70 -1.70 -1.7 -1.7 -0.104 -0.077 4294965328 4294964778 -0.4181 -0.5149 -0.6245 -0.0412 0.0002 -0.018138 1.986157 12.18 
0.116 2 -8.594897 0.541826 3.670513 6.134033 -7.385254 21.057129 -1.70 -1.70 -1.7 -1.7 -0.184 0.067 4294965327 4294964777 -0.4462 -0.5020 -0.3602 -0.0416 0.0002 -0.018138 1.986271 12.17 
0.117 2 -8.561333 0.644917 3.636948 6.500244 -7.568359 21.606445 -1.70 -1.70 -1.7 -1.7 -0.107 -0.035 4294965326 4294964776 -0.4510 -0.5149 -0.4120 -0.0420 0.0002 -0.018138 1.986389 12.17 
0.118 2 -8.573320 0.532236 3.565024 6.622314 -7.385254 22.216797 -1.70 -1.70 -1.7 -1.7 -0.091 -0.063 4294965324 4294964774 -0.4317 -0.5081 -0.4923 -0.0426 0.0002 -0.020729 1.986502 12.17 
0.119 2 -8.568525 0.714443 3.692090 6.958008 -6.896973 22.735596 -1.70 -1.70 -1.7 -1.7 -0.180 0.030 4294965323 4294964773 -0.4667 -0.5213 -0.3524 -0.0432 0.0002 -0.018138 1.986611 12.16 
0.120 2 -8.690796 0.553813 3.773603 7.110596 -6.317139 23.406982 -1.70 -1.70 -1.7 -1.7 -0.088 -0.102 4294965322 4294964772 -0.4667 -0.5281 -0.3964 -0.0436 0.0002 -0.018138 1.986719 12.17 
0.121 2 -8.705180 0.628135 3.768808 7.171631 -6.072998 23.925781 -1.70 -1.70 -1.7 -1.7 -0.169 -0.137 4294965321 4294964770 -0.4362 -0.4836 -0.3058 -0.0440 0.0002 -0.018138 1.986820 12.17 
0.122 2 -8.784297 0.549019 3.785591 7.354736 -6.011963 24.475098 -1.70 -1.70 -1.7 -1.7 -0.158 0.041 4294965320 4294964769 -0.4510 -0.5081 -0.3679 -0.0446 0.0003 -0.020729 1.986917 12.17 
0.123 2 -8.750732 0.630532 3.862309 7.293701 -5.645752 24.810791 -1.70 -1.70 -1.7 -1.7 -0.077 -0.034 4294965319 4294964768 -0.4510 -0.5213 -0.4534 -0.0450 0.0003 -0.020729 1.987014 12.17 
0.124 2 -8.827451 0.604160 3.845527 6.988525 -5.615234 24.810791 -1.70 -1.70 -1.7 -1.7 -0.157 -0.066 4294965318 4294964767 -0.4562 -0.5081 -0.3343 -0.0454 0.0003 -0.020729 1.987109 12.17 
0.125 2 -8.822656 0.680879 3.941426 7.171631 -5.798340 25.238037 -1.70 -1.70 -1.7 -1.7 -0.113 0.072 4294965317 4294964765 -0.4410 -0.5149 -0.4768 -0.0458 0.0003 -0.020729 1.987208 12.17 
0.126 2 -8.846631 0.807944 3.847925 7.354736 -5.706787 24.963379 -1.70 -1.70 -1.7 -1.7 -0.086 -0.038 4294965316 4294964764 -0.4510 -0.5149 -0.4120 -0.0464 0.0003 -0.023320 1.987307 12.17 
0.127 2 -8.911362 0.630532 3.898271 6.744385 -5.462646 24.627686 -1.70 -1.70 -1.7 -1.7 -0.227 -0.103 4294965314 4294964763 -0.4462 -0.5213 -0.4845 -0.0468 0.0003 -0.023320 1.987399 12.16 
0.128 2 -8.887387 0.759995 3.946221 6.988525 -5.920410 23.864746 -1.70 -1.70 -1.7 -1.7 -0.062 0.005 4294965313 4294964762 -0.4462 -0.5281 -0.5286 -0.0474 0.0003 -0.020729 1.987497 12.17 
0.129 2 -9.062402 0.671289 3.965400 6.622314 -6.195068 23.162842 -1.70 -1.70 -1.7 -1.7 -0.074 0.022 4294965312 4294964760 -0.4562 -0.4779 -0.1399 -0.0478 0.0003 -0.020729 1.987601 12.16 
0.130 2 -9.026441 0.628135 3.867104 6.225586 -5.462646 22.460938 -1.70 -1.70 -1.7 -1.7 -0.189 -0.032 4294965311 4294964759 -0.4362 -0.4836 -0.3058 -0.0484 0.0003 -0.023320 1.987695 12.16 
0.131 2 -9.043222 0.685674 3.840732 5.920410 -5.065918 21.545410 -1.70 -1.70 -1.7 -1.7 -0.105 -0.003 4294965310 4294964758 -0.4462 -0.5081 -0.3990 -0.0488 0.0003 -0.023320 1.987773 12.17 
0.132 2 -9.048018 0.697661 3.886284 5.798340 -4.577637 20.416260 -1.70 -1.70 -1.7 -1.7 -0.046 -0.059 4294965309 4294964756 -0.4410 -0.5213 -0.5182 -0.0492 0.0004 -0.023320 1.987844 12.16 
0.133 2 -9.105556 0.632930 3.936631 5.218506 -3.692627 19.378662 -1.70 -1.70 -1.7 -1.7 -0.098 -0.078 4294965308 4294964755 -0.4510 -0.5213 -0.4534 -0.0498 0.0004 -0.025911 1.987906 12.16 
0.134 2 -9.163095 0.608955 3.941426 4.760742 -3.051758 18.188477 -1.70 -1.70 -1.7 -1.7 -0.102 -0.059 4294965307 4294964754 -0.4362 -0.5281 -0.5934 -0.0502 0.0004 -0.025911 1.987954 12.16 
0.135 2 -9.191865 0.561006 3.919848 4.638672 -2.532959 16.693115 -1.70 -1.70 -1.7 -1.7 -0.084 -0.011 4294965305 4294964753 -0.4510 -0.5149 -0.4120 -0.0506 0.0004 -0.025911 1.987991 12.17 
0.136 2 -9.215839 0.580186 3.958208 3.936768 -2.288818 15.197754 -1.70 -1.70 -1.7 -1.7 -0.087 -0.032 4294965304 4294964751 -0.4667 -0.5213 -0.3524 -0.0510 0.0004 -0.025911 1.988020 12.17 
0.137 2 -9.244609 0.556211 4.037324 3.540039 -1.892090 13.549805 -1.70 -1.70 -1.7 -1.7 -0.063 -0.060 4294965303 4294964750 -0.4462 -0.5081 -0.3990 -0.0518 0.0004 -0.025911 1.988048 12.18 
0.138 2 -9.294956 0.577788 3.905464 2.777100 -1.495361 11.474609 -1.70 -1.70 -1.7 -1.7 -0.154 -0.028 4294965302 4294964749 -0.4562 -0.5354 -0.5105 -0.0522 0.0004 -0.025911 1.988065 12.17 
0.139 2 -9.273378 0.520249 3.905464 2.441406 -1.403809 9.674072 -1.70 -1.70 -1.7 -1.7 -0.073 -0.050 4294965301 4294964748 -0.4362 -0.5354 -0.6400 -0.0526 0.0004 -0.025911 1.988071 12.16 
0.140 2 -9.237416 0.563403 4.015747 2.288818 -0.976562 7.385254 -1.70 -1.70 -1.7 -1.7 -0.062 -0.033 4294965300 4294964746 -0.4510 -0.4836 -0.2099 -0.0530 0.0005 -0.025911 1.988079 12.16 
0.141 2 -9.242211 0.589775 4.082876 1.312256 -0.152588 5.432129 -1.70 -1.70 -1.7 -1.7 -0.186 0.014 4294965299 4294964745 -0.4562 -0.5149 -0.3783 -0.0536 0.0005 -0.028502 1.988084 12.16 
0.142 2 -9.299750 0.623340 3.960605 1.220703 -0.122070 3.356934 -1.70 -1.70 -1.7 -1.7 -0.097 -0.075 4294965298 4294964744 -0.4615 -0.5281 -0.4301 -0.0540 0.0005 -0.028502 1.988079 12.17 
0.143 2 -9.299750 0.570596 4.037324 0.671387 0.213623 1.220703 -1.70 -1.70 -1.7 -1.7 -0.188 -0.036 4294965297 4294964743 -0.4410 -0.4956 -0.3524 -0.0544 0.0005 -0.028502 1.988067 12.16 
0.144 2 -9.282969 0.568198 3.927041 -0.030518 1.434326 -0.701904 -1.70 -1.70 -1.7 -1.7 -0.150 0.031 4294965295 4294964741 -0.4562 -0.5213 -0.4198 -0.0550 0.0005 -0.031093 1.988040 12.17 
0.145 2 -9.213442 0.599365 3.912656 -0.793457 2.044678 -2.471924 -1.70 -1.70 -1.7 -1.7 -0.085 -0.103 4294965294 4294964740 -0.4562 -0.5354 -0.5105 -0.0556 0.0005 -0.028502 1.987993 12.17 
0.146 2 -9.278173 0.676084 3.989375 -1.251221 2.410889 -4.333496 -1.70 -1.70 -1.7 -1.7 -0.157 -0.074 4294965293 4294964739 -0.4462 -0.5020 -0.3602 -0.0560 0.0005 -0.028502 1.987941 12.17 
0.147 2 -9.225430 0.668892 3.955810 -1.892090 2.990723 -6.347656 -1.70 -1.70 -1.7 -1.7 -0.096 -0.008 4294965292 4294964737 -0.4562 -0.5213 -0.4198 -0.0564 0.0006 -0.028502 1.987882 12.17 
0.148 2 -9.153505 0.666494 3.939028 -2.380371 3.692627 -8.056641 -1.70 -1.70 -1.7 -1.7 -0.044 -0.049 4294965291 4294964736 -0.4510 -0.5281 -0.4975 -0.0570 0.0006 -0.031093 1.987813 12.17 
0.149 2 -9.167891 0.680879 3.943823 -2.807617 4.028320 -9.887695 -1.70 -1.70 -1.7 -1.7 -0.131 -0.056 4294965290 4294964735 -0.4615 -0.4896 -0.1814 -0.0574 0.0006 -0.031093 1.987735 12.17 
0.150 2 -9.148710 0.616147 4.010952 -3.295898 3.936768 -11.444092 -1.70 -1.70 -1.7 -1.7 -0.086 -0.005 4294965289 4294964734 -0.4462 -0.5149 -0.4431 -0.0578 0.0006 -0.031093 1.987658 12.16 
0.151 2 -9.098364 0.668892 4.061299 -3.631592 4.150391 -12.634277 -1.70 -1.70 -1.7 -1.7 -0.095 -0.063 4294965287 4294964732 -0.4562 -0.5081 -0.3343 -0.0582 0.0006 -0.031093 1.987587 12.17 
0.152 2 -9.052813 0.678481 4.133223 -4.180908 4.272461 -14.190674 -1.70 -1.70 -1.7 -1.7 -0.055 -0.068 4294965286 4294964731 -0.4615 -0.5020 -0.2617 -0.0588 0.0006 -0.033685 1.987521 12.16 
0.153 2 -9.069594 0.704853 4.078081 -4.638672 3.936768 -15.686035 -1.70 -1.70 -1.7 -1.7 -0.020 -0.024 4294965285 4294964730 -0.4896 -0.5213 -0.2047 -0.0594 0.0006 -0.031093 1.987458 12.17 
0.154 2 -8.976093 0.791162 3.951015 -4.852295 3.601074 -17.181396 -1.70 -1.70 -1.7 -1.7 -0.159 0.066 4294965284 4294964728 -0.4779 -0.5081 -0.1943 -0.0598 0.0007 -0.031093 1.987394 12.17 
0.155 2 -8.923349 0.683276 3.881489 -5.676270 4.486084 -18.676758 -1.70 -1.70 -1.7 -1.7 -0.122 -0.056 4294965283 4294964727 -0.4562 -0.4779 -0.1399 -0.0602 0.0007 -0.031093 1.987319 12.17 
0.156 2 -8.918554 0.611353 3.960605 -5.889893 4.882812 -19.714355 -1.70 -1.70 -1.7 -1.7 -0.216 -0.051 4294965282 4294964726 -0.4615 -0.5213 -0.3861 -0.0608 0.0007 -0.033685 1.987235 12.17 
0.157 2 -8.985683 0.702456 4.003760 -5.798340 4.852295 -20.812988 -1.70 -1.70 -1.7 -1.7 -0.111 0.093 4294965281 4294964725 -0.3976 -0.5354 -0.8888 -0.0612 0.0007 -0.033685 1.987152 12.17 
0.158 2 -8.863413 0.652109 3.843130 -6.134033 5.615234 -21.453857 -1.70 -1.70 -1.7 -1.7 -0.074 -0.044 4294965279 4294964723 -0.4269 -0.5281 -0.6530 -0.0616 0.0007 -0.033685 1.987059 12.17 
0.159 2 -8.887387 0.673687 3.881489 -6.591797 5.889893 -22.338867 -1.70 -1.70 -1.7 -1.7 -0.147 -0.116 4294965278 4294964722 -0.4562 -0.5149 -0.3783 -0.0622 0.0007 -0.036276 1.986953 12.16 
0.160 2 -8.904170 0.671289 3.871899 -6.225586 5.737305 -23.010254 -1.70 -1.70 -1.7 -1.7 -0.119 -0.042 4294965277 4294964721 -0.4181 -0.5149 -0.6245 -0.0628 0.0008 -0.033685 1.986846 12.17 
0.161 2 -8.796284 0.762393 3.881489 -6.469727 6.225586 -23.468018 -1.70 -1.70 -1.7 -1.7 -0.057 -0.053 4294965276 4294964720 -0.4562 -0.5281 -0.4638 -0.0632 0.0008 -0.033685 1.986738 12.17 
0.162 2 -8.678808 0.724033 3.857515 -6.896973 6.378174 -23.986816 -1.70 -1.70 -1.7 -1.7 -0.108 -0.067 4294965275 4294964718 -0.4723 -0.5281 -0.3602 -0.0638 0.0008 -0.036276 1.986629 12.17 
0.163 2 -8.745937 0.618545 3.871899 -6.988525 6.256104 -24.017334 -1.70 -1.70 -1.7 -1.7 -0.055 -0.086 4294965274 4294964717 -0.4779 -0.5020 -0.1555 -0.0643 0.0008 -0.036276 1.986521 12.17 
0.164 2 -8.599692 0.671289 3.850322 -6.713867 5.493164 -24.261475 -1.70 -1.70 -1.7 -1.7 -0.160 -0.032 4294965273 4294964716 -0.4462 -0.5213 -0.4845 -0.0647 0.0008 -0.036276 1.986422 12.17 
0.165 2 -8.642846 0.594570 3.879092 -6.652832 5.340576 -24.475098 -1.70 -1.70 -1.7 -1.7 -0.086 -0.040 4294965272 4294964714 -0.4615 -0.5281 -0.4301 -0.0651 0.0008 -0.036276 1.986333 12.18 
0.166 2 -8.582910 0.755200 3.790386 -6.958008 5.493164 -24.230957 -1.70 -1.70 -1.7 -1.7 -0.090 -0.051 4294965270 4294964713 -0.4615 -0.4836 -0.1425 -0.0657 0.0009 -0.038867 1.986242 12.17 
0.167 2 -8.544551 0.764790 3.809565 -6.866455 4.882812 -24.169922 -1.70 -1.70 -1.7 -1.7 -0.147 0.026 4294965269 4294964712 -0.4317 -0.5081 -0.4923 -0.0661 0.0009 -0.038867 1.986154 12.18 
0.168 2 -8.532563 0.697661 3.821553 -6.591797 4.577637 -23.681641 -1.70 -1.70 -1.7 -1.7 -0.071 -0.056 4294965268 4294964711 -0.4562 -0.4896 -0.2151 -0.0667 0.0009 -0.036276 1.986076 12.18 
0.169 2 -8.417485 0.673687 3.771206 -6.591797 5.340576 -22.674561 -1.70 -1.70 -1.7 -1.7 -0.195 -0.038 4294965267 4294964709 -0.4510 -0.5149 -0.4120 -0.0671 0.0009 -0.036276 1.985995 12.17 
0.170 2 -8.427075 0.654507 3.749629 -6.439209 5.462646 -21.667480 -1.70 -1.70 -1.7 -1.7 -0.135 0.008 4294965266 4294964708 -0.4615 -0.5354 -0.4768 -0.0677 0.0009 -0.038867 1.985906 12.17 
0.171 2 -8.451050 0.692866 3.754424 -5.706787 4.913330 -20.721436 -1.70 -1.70 -1.7 -1.7 -0.104 -0.081 4294965265 4294964707 -0.4562 -0.5281 -0.4638 -0.0681 0.0010 -0.038867 1.985818 12.17 
0.172 2 -8.403100 0.690469 3.814360 -5.615234 5.035400 -19.500732 -1.70 -1.70 -1.7 -1.7 -0.162 -0.077 4294965264 4294964705 -0.4615 -0.5426 -0.5234 -0.0685 0.0010 -0.038867 1.985738 12.17 
0.173 2 -8.323984 0.652109 3.802373 -5.340576 5.065918 -18.096924 -1.70 -1.70 -1.7 -1.7 -0.089 -0.016 4294965263 4294964704 -0.4410 -0.5354 -0.6089 -0.0691 0.0010 -0.041458 1.985663 12.17 
0.174 2 -8.405498 0.647314 3.828745 -4.547119 4.211426 -16.387939 -1.70 -1.70 -1.7 -1.7 -0.042 -0.012 4294965261 4294964703 -0.4562 -0.4836 -0.1762 -0.0695 0.0010 -0.041458 1.985595 12.17 
0.175 2 -8.376728 0.709648 3.754424 -4.150391 3.845215 -14.465332 -1.70 -1.70 -1.7 -1.7 -0.158 -0.063 4294965260 4294964702 -0.4615 -0.5149 -0.3446 -0.0701 0.0010 -0.038867 1.985534 12.18 
0.176 2 -8.331177 0.671289 3.730449 -3.723145 3.570557 -12.878418 -1.70 -1.70 -1.7 -1.7 -0.119 -0.062 4294965259 4294964700 -0.4462 -0.5426 -0.6219 -0.0707 0.0011 -0.041458 1.985476 12.17 
0.177 2 -8.319189 0.620942 3.807168 -2.929688 2.960205 -10.955811 -1.70 -1.70 -1.7 -1.7 -0.118 0.042 4294965258 4294964699 -0.4615 -0.4896 -0.1814 -0.0711 0.0011 -0.041458 1.985429 12.17 
0.178 2 -8.278432 0.692866 3.823950 -2.258301 2.075195 -9.277344 -1.70 -1.70 -1.7 -1.7 -0.105 -0.076 4294965257 4294964698 -0.4723 -0.5149 -0.2747 -0.0715 0.0011 -0.041458 1.985402 12.16 
0.179 2 -8.252060 0.776777 3.811963 -1.708984 1.403809 -7.263184 -1.70 -1.70 -1.7 -1.7 -0.063 -0.096 4294965256 4294964696 -0.4723 -0.5213 -0.3161 -0.0719 0.0011 -0.041458 1.985389 12.16 
0.180 2 -8.261650 0.800752 3.787988 -1.556396 0.732422 -5.645752 -1.70 -1.70 -1.7 -1.7 -0.166 0.036 4294965255 4294964695 -0.4562 -0.5020 -0.2954 -0.0725 0.0011 -0.044049 1.985388 12.17 
0.181 2 -8.345561 0.743213 3.744834 -0.823975 0.213623 -3.479004 -1.70 -1.70 -1.7 -1.7 -0.072 0.016 4294965254 4294964694 -0.4615 -0.5213 -0.3861 -0.0729 0.0011 -0.044049 1.985391 12.16 
0.182 2 -8.256855 0.834316 3.737642 0.152588 -0.244141 -1.312256 -1.70 -1.70 -1.7 -1.7 -0.141 -0.048 4294965252 4294964692 -0.4362 -0.5281 -0.5934 -0.0733 0.0012 -0.044049 1.985400 12.16 
0.183 2 -8.254457 0.750405 3.816758 0.152588 -0.061035 0.854492 -1.70 -1.70 -1.7 -1.7 -0.119 -0.089 4294965251 4294964691 -0.4615 -0.4896 -0.1814 -0.0739 0.0012 -0.041458 1.985417 12.17 
0.184 2 -8.252060 0.719238 3.802373 0.793457 -0.305176 2.838135 -1.70 -1.70 -1.7 -1.7 -0.091 -0.007 4294965250 4294964690 -0.4667 -0.5281 -0.3964 -0.0745 0.0012 -0.044049 1.985438 12.17 
0.185 2 -8.340766 0.750405 3.871899 1.403809 -1.373291 4.669189 -1.70 -1.70 -1.7 -1.7 -0.158 -0.001 4294965249 4294964689 -0.4462 -0.5281 -0.5286 -0.0749 0.0012 -0.044049 1.985471 12.17 
0.186 2 -8.314394 0.726431 3.802373 1.617432 -1.403809 6.591797 -1.70 -1.70 -1.7 -1.7 -0.078 -0.021 4294965248 4294964687 -0.4615 -0.5354 -0.4768 -0.0753 0.0013 -0.044049 1.985512 12.17 
0.187 2 -8.290420 0.748008 3.737642 1.831055 -1.556396 8.148193 -1.70 -1.70 -1.7 -1.7 -0.064 0.055 4294965247 4294964686 -0.4562 -0.5213 -0.4198 -0.0759 0.0013 -0.046640 1.985550 12.18 
0.188 2 -8.345561 0.726431 3.828745 2.655029 -2.075195 9.979248 -1.70 -1.70 -1.7 -1.7 -0.086 -0.105 4294965246 4294964685 -0.4615 -0.5149 -0.3446 -0.0763 0.0013 -0.046640 1.985594 12.17 
0.189 2 -8.355151 0.736021 3.682500 2.960205 -2.563477 11.474609 -1.70 -1.70 -1.7 -1.7 -0.092 -0.049 4294965244 4294964684 -0.4510 -0.5281 -0.4975 -0.0767 0.0013 -0.046640 1.985642 12.16 
0.190 2 -8.405498 0.680879 3.716064 3.112793 -2.868652 12.542725 -1.70 -1.70 -1.7 -1.7 -0.057 -0.020 4294965243 4294964682 -0.4615 -0.5281 -0.4301 -0.0773 0.0013 -0.049231 1.985690 12.16 
0.191 2 -8.410293 0.649712 3.752026 3.204346 -3.112793 13.427734 -1.70 -1.70 -1.7 -1.7 -0.092 -0.112 4294965242 4294964681 -0.4667 -0.5149 -0.3109 -0.0779 0.0014 -0.046640 1.985745 12.16 
0.192 2 -8.340766 0.740815 3.744834 3.753662 -3.662109 14.190674 -1.70 -1.70 -1.7 -1.7 -0.079 -0.076 4294965241 4294964680 -0.4510 -0.5281 -0.4975 -0.0783 0.0014 -0.046640 1.985810 12.17 
0.193 2 -8.407895 0.625737 3.704077 4.333496 -3.875732 15.350342 -1.70 -1.70 -1.7 -1.7 -0.111 -0.052 4294965240 4294964678 -0.4615 -0.5020 -0.2617 -0.0787 0.0014 -0.046640 1.985879 12.17 
0.194 2 -8.434267 0.644917 3.660923 4.425049 -3.662109 16.082764 -1.70 -1.70 -1.7 -1.7 -0.096 0.058 4294965239 4294964677 -0.4615 -0.5354 -0.4768 -0.0793 0.0014 -0.049231 1.985942 12.17 
0.195 2 -8.513384 0.608955 3.725654 4.486084 -3.570557 16.754150 -1.70 -1.70 -1.7 -1.7 -0.061 -0.073 4294965237 4294964676 -0.4667 -0.5426 -0.4897 -0.0797 0.0015 -0.049231 1.986001 12.16 
0.196 2 -8.539756 0.611353 3.761616 4.852295 -4.180908 16.967773 -1.70 -1.70 -1.7 -1.7 -0.146 -0.119 4294965236 4294964674 -0.4836 -0.4956 -0.0777 -0.0801 0.0015 -0.049231 1.986067 12.17 
0.197 2 -8.534961 0.649712 3.859912 5.004883 -3.692627 17.333984 -1.70 -1.70 -1.7 -1.7 -0.108 0.023 4294965235 4294964673 -0.4562 -0.5213 -0.4198 -0.0809 0.0015 -0.049231 1.986140 12.17 
0.198 2 -8.551743 0.640122 3.728052 4.821777 -3.265381 17.333984 -1.70 -1.70 -1.7 -1.7 -0.097 0.013 4294965234 4294964672 -0.4615 -0.5354 -0.4768 -0.0813 0.0015 -0.049231 1.986204 12.17 
0.199 2 -8.633257 0.606558 3.752026 5.279541 -3.967285 17.425537 -1.70 -1.70 -1.7 -1.7 -0.211 -0.008 4294965233 4294964671 -0.3976 -0.5213 -0.7981 -0.0817 0.0016 -0.049231 1.986262 12.17 
0.200 4 -8.578115 0.795957 3.720859 4.852295 -3.814697 17.700195 -4.10 -4.10 -4.1 -4.1 -0.096 -0.045 4294965232 4294964669 -0.4317 -0.5149 -0.5364 -0.0821 0.0016 -0.049231 1.986324 12.17 
0.201 4 -8.594897 0.731226 3.742436 4.669189 -3.479004 17.486572 -4.10 -4.10 -4.1 -4.1 -0.304 -0.228 4294965231 4294964668 -0.4562 -0.5281 -0.4638 -0.0827 0.0016 -0.051822 1.986382 12.11 
0.202 4 -8.736347 0.642520 3.828745 5.096436 -3.936768 17.242432 -4.10 -4.10 -4.1 -4.1 -0.519 -0.366 4294965230 4294964667 -0.4667 -0.5354 -0.4431 -0.0831 0.0016 -0.051822 1.986443 12.08 
0.203 4 -8.686001 0.779175 3.752026 4.913330 -4.241943 16.540527 -4.10 -4.10 -4.1 -4.1 -0.550 -0.552 4294965228 4294964665 -0.4562 -0.5213 -0.4198 -0.0835 0.0017 -0.051822 1.986509 12.03 
0.204 4 -8.745937 0.644917 3.766411 4.577637 -4.119873 16.204834 -4.10 -4.10 -4.1 -4.1 -0.640 -0.596 4294965227 4294964664 -0.5354 -0.5735 -0.2462 -0.0843 0.0017 -0.051822 1.986573 12.01 
0.205 4 -8.813066 0.812739 3.869502 4.943848 -3.784180 16.143799 -4.10 -4.10 -4.1 -4.1 -0.548 -0.608 4294965225 4294964662 -0.5575 -0.5735 -0.1036 -0.0849 0.0017 -0.054414 1.986637 12.01 
0.206 4 -8.913759 0.836714 3.907861 5.554199 -3.723145 16.479492 -4.10 -4.10 -4.1 -4.1 -0.721 -0.637 4294965224 4294964660 -0.5820 -0.6583 -0.4923 -0.0855 0.0018 -0.051822 1.986700 12.02 
0.207 4 -8.894580 0.827124 4.025337 5.981445 -3.448486 16.937256 -4.10 -4.10 -4.1 -4.1 -0.638 -0.526 4294965222 4294964659 -0.6085 -0.7044 -0.6193 -0.0861 0.0018 -0.054414 1.986765 12.02 
0.208 4 -8.810669 0.935010 4.147607 6.225586 -3.295898 16.326904 -4.10 -4.10 -4.1 -4.1 -0.573 -0.524 4294965221 4294964657 -0.6273 -0.7169 -0.5778 -0.0869 0.0018 -0.054414 1.986841 12.03 
0.209 4 -8.733950 0.858291 4.449687 6.622314 -4.272461 14.404297 -4.10 -4.10 -4.1 -4.1 -0.537 -0.529 4294965219 4294964655 -0.6804 -0.7044 -0.1555 -0.0877 0.0019 -0.054414 1.986946 12.03 
0.210 4 -8.693193 0.752803 4.569561 7.080078 -6.866455 11.718750 -4.10 -4.10 -4.1 -4.1 -0.548 -0.545 4294965217 4294964653 -0.7044 -0.7872 -0.5338 -0.0885 0.0019 -0.054414 1.987105 12.04 
0.211 4 -8.470229 0.810342 4.603125 6.317139 -8.697510 7.354736 -4.10 -4.10 -4.1 -4.1 -0.547 -0.495 4294965215 4294964651 -0.7302 -0.7434 -0.0855 -0.0891 0.0020 -0.057005 1.987315 12.04 
0.212 4 -8.335972 0.793560 4.432905 4.913330 -10.070801 2.655029 -4.10 -4.10 -4.1 -4.1 -0.530 -0.481 4294965213 4294964649 -0.7575 -0.7872 -0.1917 -0.0899 0.0020 -0.057005 1.987555 12.04 
0.213 4 -8.213701 0.925420 4.327417 3.204346 -12.786865 -4.577637 -4.10 -4.10 -4.1 -4.1 -0.488 -0.439 4294965211 4294964647 -0.7723 -0.7872 -0.0959 -0.0907 0.0020 -0.057005 1.987824 12.05 
0.214 4 -8.002725 0.935010 4.286660 0.854492 -15.747070 -13.793945 -4.10 -4.10 -4.1 -4.1 -0.572 -0.451 4294965209 4294964645 -0.7872 -0.8366 -0.3187 -0.0915 0.0021 -0.057005 1.988145 12.05 
0.215 4 -7.753388 0.942202 4.010952 -3.051758 -18.432617 -24.688721 -4.10 -4.10 -4.1 -4.1 -0.472 -0.407 4294965207 4294964642 -0.8193 -0.8543 -0.2254 -0.0923 0.0021 -0.057005 1.988510 12.06 
0.216 4 -7.595156 0.848701 3.517075 -7.537842 -19.348145 -35.095215 -4.10 -4.10 -4.1 -4.1 -0.403 -0.412 4294965205 4294964640 -0.8366 -0.8924 -0.3602 -0.0931 0.0022 -0.057005 1.988877 12.06 
0.217 4 -7.585566 0.748008 3.332471 -12.176514 -18.188477 -43.701172 -4.10 -4.10 -4.1 -4.1 -0.485 -0.428 4294965203 4294964638 -0.8543 -0.9125 -0.3757 -0.0943 0.0023 -0.057005 1.989210 12.07 
0.218 4 -7.552002 0.666494 3.128686 -16.174316 -15.869141 -51.757812 -4.10 -4.10 -4.1 -4.1 -0.407 -0.454 4294965201 4294964636 -0.8727 -0.9338 -0.3939 -0.0951 0.0023 -0.057005 1.989492 12.06 
0.219 4 -7.496860 0.544224 2.840991 -20.965576 -14.099121 -60.485840 -4.10 -4.10 -4.1 -4.1 -0.370 -0.358 4294965199 4294964633 -0.8924 -0.9559 -0.4094 -0.0959 0.0023 -0.057005 1.989712 12.06 
0.220 4 -8.189726 -0.059937 2.359102 -25.817871 -11.138916 -64.880371 -4.10 -4.10 -4.1 -4.1 -0.397 -0.307 4294965196 4294964631 -0.9125 -0.9559 -0.2798 -0.0969 0.0024 -0.059596 1.989835 12.07 
0.221 4 -10.306684 -0.676084 1.390527 -33.294678 4.974365 -41.564941 -4.10 -4.10 -4.1 -4.1 -0.493 -0.386 4294965194 4294964628 -0.9559 -1.0041 -0.3109 -0.0979 0.0025 -0.057005 1.989677 12.06 
0.222 4 -10.018989 -0.103091 0.390786 -30.303955 15.258789 -24.047852 -4.10 -4.10 -4.1 -4.1 -0.402 -0.387 4294965192 4294964626 -0.9559 -1.0298 -0.4768 -0.0989 0.0025 -0.059596 1.989168 12.07 
0.223 4 -9.019248 0.258926 0.577788 -22.827148 12.695312 -32.562256 -4.10 -4.10 -4.1 -4.1 -0.333 -0.333 4294965189 4294964623 -0.9796 -1.0567 -0.4975 -0.0997 0.0026 -0.059596 1.988558 12.08 
0.224 4 -8.827451 0.544224 0.704853 -20.629883 8.026123 -47.058105 -4.10 -4.10 -4.1 -4.1 -0.409 -0.345 4294965187 4294964621 -1.0041 -1.0567 -0.3394 -0.1010 0.0026 -0.059596 1.988031 12.08 
0.225 4 -8.774707 0.637725 0.911035 -19.042969 1.464844 -59.387207 -4.10 -4.10 -4.1 -4.1 -0.339 -0.335 4294965184 4294964618 -0.9796 -1.0852 -0.6815 -0.1018 0.0027 -0.059596 1.987623 12.08 
0.226 4 -8.805874 0.575391 0.985356 -10.131836 -6.286621 -71.411133 -4.10 -4.10 -4.1 -4.1 -0.317 -0.295 4294965182 4294964616 -1.0298 -1.0567 -0.1736 -0.1030 0.0028 -0.059596 1.987356 12.08 
0.227 4 -8.520576 0.498672 0.445928 -2.044678 -1.525879 -79.406738 -4.10 -4.10 -4.1 -4.1 -0.416 -0.287 4294965179 4294964613 -1.0298 -1.0567 -0.1736 -0.1040 0.0028 -0.062187 1.987089 12.08 
0.228 4 -8.422280 0.484287 0.208579 -0.122070 11.627197 -79.010010 -4.10 -4.10 -4.1 -4.1 -0.295 -0.292 4294965177 4294964610 -1.0298 -1.1153 -0.5519 -0.1050 0.0029 -0.059596 1.986623 12.09 
0.229 4 -8.405498 0.508262 0.455518 -0.427246 23.803711 -70.465088 -4.10 -4.10 -4.1 -4.1 -0.291 -0.296 4294965174 4294964608 -1.0567 -1.1474 -0.5856 -0.1060 0.0029 -0.062187 1.985938 12.09 
0.230 4 -8.288022 0.477095 0.867881 -0.305176 30.914307 -58.685303 -4.10 -4.10 -4.1 -4.1 -0.397 -0.266 4294965171 4294964605 -1.0852 -1.1474 -0.4016 -0.1072 0.0030 -0.062187 1.985125 12.09 
0.231 4 -8.213701 0.481890 1.301821 -2.655029 37.139893 -44.525146 -4.10 -4.10 -4.1 -4.1 -0.268 -0.298 4294965169 4294964602 -1.0852 -1.1153 -0.1943 -0.1082 0.0031 -0.059596 1.984248 12.09 
0.232 4 -8.081841 0.513057 2.265600 -5.706787 37.750244 -30.426025 -4.10 -4.10 -4.1 -4.1 -0.294 -0.262 4294965166 4294964599 -1.0567 -1.1812 -0.8032 -0.1092 0.0031 -0.062187 1.983397 12.10 
0.233 4 -8.017109 0.575391 2.598848 -6.958008 31.646729 -19.348145 -4.10 -4.10 -4.1 -4.1 -0.394 -0.203 4294965164 4294964596 -1.0852 -1.1812 -0.6193 -0.1104 0.0032 -0.062187 1.982672 12.10 
0.234 4 -7.856479 0.620942 2.546103 -5.249023 25.512695 -11.688232 -4.10 -4.10 -4.1 -4.1 -0.307 -0.260 4294965161 4294964594 -1.1153 -1.1812 -0.4249 -0.1116 0.0033 -0.062187 1.982075 12.10 
0.235 4 -7.669477 0.489082 2.512539 2.105713 21.728516 -5.706787 -4.10 -4.10 -4.1 -4.1 -0.280 -0.262 4294965158 4294964591 -1.1153 -1.1812 -0.4249 -0.1126 0.0034 -0.064778 1.981567 12.10 
0.236 4 -7.472886 -1.035703 4.797319 5.065918 24.749756 3.814697 -4.10 -4.10 -4.1 -4.1 -0.312 -0.221 4294965155 4294964588 -1.1153 -1.2169 -0.6556 -0.1138 0.0034 -0.064778 1.981194 12.10 
0.237 4 -7.233140 0.246938 5.034668 7.568359 22.796631 7.629395 -4.10 -4.10 -4.1 -4.1 -0.237 -0.257 4294965153 4294964585 -1.1153 -1.2169 -0.6556 -0.1148 0.0035 -0.062187 1.980959 12.11 
0.238 4 -7.098882 1.253872 4.950757 15.014648 17.425537 6.958008 -4.10 -4.10 -4.1 -4.1 -0.253 -0.211 4294965150 4294964582 -1.1474 -1.2169 -0.4483 -0.1160 0.0036 -0.062187 1.980806 12.10 
0.239 4 -7.362602 2.308755 5.521352 27.648926 14.282227 12.023926 -4.10 -4.10 -4.1 -4.1 -0.353 -0.230 4294965147 4294964579 -1.1474 -1.2551 -0.6944 -0.1170 0.0036 -0.064778 1.980746 12.10 
0.240 4 -7.504053 2.627617 6.657749 34.667969 15.594482 26.702881 -4.10 -4.10 -4.1 -4.1 -0.263 -0.250 4294965144 4294964576 -1.1474 -1.2169 -0.4483 -0.1182 0.0037 -0.064778 1.980760 12.10 
0.241 4 -7.854082 2.244023 7.261909 33.721924 15.106201 50.842285 -4.10 -4.10 -4.1 -4.1 -0.310 -0.240 4294965141 4294964573 -1.1812 -1.2551 -0.4768 -0.1194 0.0038 -0.064778 1.980817 12.11 
0.242 4 -8.232881 2.071406 7.384180 34.790039 10.864258 79.498291 -4.10 -4.10 -4.1 -4.1 -0.285 -0.202 4294965139 4294964570 -1.2169 -1.2551 -0.2462 -0.1206 0.0039 -0.064778 1.980919 12.11 
0.243 4 -8.220893 1.704595 7.182793 37.292480 8.178711 106.964111 -4.10 -4.10 -4.1 -4.1 -0.274 -0.169 4294965136 4294964567 -1.1812 -1.2551 -0.4768 -0.1218 0.0039 -0.064778 1.981068 12.10 
0.244 4 -7.973955 0.978164 7.746196 37.719727 7.171631 131.103516 -4.10 -4.10 -4.1 -4.1 -0.302 -0.195 4294965133 4294964564 -1.0852 -1.2551 -1.0960 -0.1228 0.0040 -0.067369 1.981268 12.11 
0.245 4 -7.988339 1.100435 8.666821 36.804199 0.610352 150.146484 -4.10 -4.10 -4.1 -4.1 -0.272 -0.152 4294965130 4294964561 -1.2169 -1.2952 -0.5053 -0.1242 0.0041 -0.064778 1.981588 12.10 
0.246 4 -8.105815 1.131602 9.239814 36.315918 -11.566162 163.330078 -4.10 -4.10 -4.1 -4.1 -0.229 -0.161 4294965127 4294964558 -1.1812 -1.2551 -0.4768 -0.1252 0.0042 -0.067369 1.982111 12.11 
0.247 4 -8.192123 0.788765 9.333315 37.475586 -23.742676 171.356201 -4.10 -4.10 -4.1 -4.1 -0.329 -0.238 4294965124 4294964555 -1.1812 -1.3386 -1.0157 -0.1264 0.0043 -0.067369 1.982858 12.11 
0.248 4 -8.539756 0.736021 8.484614 40.161133 -32.348633 175.964355 -4.10 -4.10 -4.1 -4.1 -0.196 -0.137 4294965121 4294964552 -1.2169 -1.2952 -0.5053 -0.1276 0.0043 -0.067369 1.983751 12.11 
0.249 4 -8.853823 0.863086 8.041083 43.212891 -39.123535 179.931641 -4.10 -4.10 -4.1 -4.1 -0.219 -0.232 4294965118 4294964549 -1.1812 -1.2952 -0.7359 -0.1288 0.0044 -0.067369 1.984721 12.11 
0.250 4 -9.223032 1.059678 7.686260 44.738770 -45.867920 183.197021 -4.10 -4.10 -4.1 -4.1 -0.301 -0.216 4294965116 4294964546 -1.2169 -1.2952 -0.5053 -0.1302 0.0045 -0.069960 1.985764 12.11 
0.251 4 -9.537099 1.105229 7.098882 43.548584 -49.499512 185.882568 -4.10 -4.10 -4.1 -4.1 -0.241 -0.164 4294965113 4294964543 -1.2169 -1.2551 -0.2462 -0.1314 0.0046 -0.069960 1.986848 12.11 
0.252 4 -10.119682 0.970972 6.017627 43.365479 -51.605225 186.614990 -4.10 -4.10 -4.1 -4.1 -0.184 -0.247 4294965110 4294964540 -1.2169 -1.3386 -0.7851 -0.1326 0.0047 -0.069960 1.987902 12.11 
0.253 4 -10.409775 0.992549 5.698764 42.297363 -53.253174 185.852051 -4.10 -4.10 -4.1 -4.1 -0.236 -0.198 4294965107 4294964536 -1.2169 -1.3386 -0.7851 -0.1338 0.0048 -0.069960 1.988918 12.12 
0.254 4 -10.651918 0.841509 5.471006 39.886475 -52.398682 184.692383 -4.10 -4.10 -4.1 -4.1 -0.181 -0.148 4294965104 4294964533 -1.2169 -1.3386 -0.7851 -0.1350 0.0048 -0.069960 1.989909 12.12 
0.255 4 -10.953999 0.743213 5.243247 37.628174 -50.628662 181.213379 -4.10 -4.10 -4.1 -4.1 -0.171 -0.189 4294965101 4294964530 -1.2169 -1.2952 -0.5053 -0.1362 0.0049 -0.069960 1.990849 12.12 
0.256 4 -10.908447 0.335645 4.890820 32.958984 -47.180176 169.006348 -4.10 -4.10 -4.1 -4.1 -0.249 -0.195 4294965098 4294964527 -1.2551 -1.3386 -0.5390 -0.1376 0.0050 -0.072551 1.991716 12.11 
0.257 4 -10.740624 -0.210977 5.945703 21.423340 -50.628662 141.662598 -4.10 -4.10 -4.1 -4.1 -0.220 -0.185 4294965095 4294964524 -1.2551 -1.3386 -0.5390 -0.1388 0.0051 -0.072551 1.992612 12.11 
0.258 4 -10.397788 -0.992549 6.382041 15.014648 -64.453125 95.642090 -4.10 -4.10 -4.1 -4.1 -0.210 -0.094 4294965092 4294964521 -1.2952 -1.2952 0.0000 -0.1400 0.0052 -0.072551 1.993721 12.12 
0.259 4 -9.990219 -0.788765 4.699023 12.359619 -65.338135 53.833008 -4.10 -4.10 -4.1 -4.1 -0.203 -0.140 4294965089 4294964517 -1.2169 -1.3386 -0.7851 -0.1412 0.0053 -0.072551 1.994926 12.14 
0.260 4 -10.229965 -0.544224 3.373227 6.469727 -56.121826 12.756348 -4.10 -4.10 -4.1 -4.1 -0.183 -0.167 4294965086 4294964514 -1.2551 -1.3848 -0.8369 -0.1424 0.0054 -0.072551 1.995940 12.13 
0.261 4 -10.568007 -0.026372 3.138276 -3.173828 -42.755127 -11.016846 -4.10 -4.10 -4.1 -4.1 -0.299 -0.085 4294965083 4294964511 -1.2952 -1.3386 -0.2798 -0.1438 0.0055 -0.075143 1.996681 12.13 
0.262 4 -10.704662 0.263721 3.265342 -9.185791 -34.790039 -33.111572 -4.10 -4.10 -4.1 -4.1 -0.219 -0.180 4294965080 4294964508 -1.2551 -1.4342 -1.1556 -0.1450 0.0056 -0.075143 1.997224 12.12 
0.263 4 -10.170029 0.402773 3.622563 -12.481689 -33.599854 -60.668945 -4.10 -4.10 -4.1 -4.1 -0.169 -0.173 4294965077 4294964504 -1.2551 -1.3848 -0.8369 -0.1462 0.0057 -0.075143 1.997713 12.12 
0.264 4 -10.474506 0.951792 4.322622 -17.242432 -34.301758 -83.679199 -4.10 -4.10 -4.1 -4.1 -0.256 -0.064 4294965074 4294964501 -1.2551 -1.3848 -0.8369 -0.1474 0.0058 -0.075143 1.998246 12.13 
0.265 4 -10.707060 1.503208 4.610317 -24.383545 -31.555176 -95.703125 -4.10 -4.10 -4.1 -4.1 -0.210 -0.181 4294965071 4294964498 -1.2551 -1.3848 -0.8369 -0.1488 0.0059 -0.077734 1.998792 12.12 
0.266 4 -11.093051 1.440874 4.372969 -29.602051 -25.726318 -99.151611 -4.10 -4.10 -4.1 -4.1 -0.191 -0.184 4294965068 4294964494 -1.2551 -1.3386 -0.5390 -0.1500 0.0060 -0.077734 1.999254 12.12 
0.267 4 -11.265669 2.042637 3.941426 -31.158447 -17.333984 -99.700928 -4.10 -4.10 -4.1 -4.1 -0.288 -0.137 4294965064 4294964491 -1.2952 -1.3848 -0.5778 -0.1512 0.0061 -0.077734 1.999557 12.12 
0.268 4 -10.999551 1.647056 3.464331 -33.477783 -7.446289 -100.799561 -4.10 -4.10 -4.1 -4.1 -0.163 -0.139 4294965061 4294964488 -1.2952 -1.3848 -0.5778 -0.1526 0.0062 -0.080325 1.999666 12.12 
0.269 4 -11.670839 1.287436 3.850322 -36.163330 -0.091553 -93.780518 -4.10 -4.10 -4.1 -4.1 -0.162 -0.146 4294965058 4294964484 -1.2551 -1.3848 -0.8369 -0.1538 0.0063 -0.080325 1.999614 12.14 
0.270 4 -12.641811 1.002139 3.893476 -37.353516 7.507324 -71.258545 -4.10 -4.10 -4.1 -4.1 -0.272 -0.175 4294965055 4294964481 -1.2551 -1.3848 -0.8369 -0.1550 0.0064 -0.080325 1.999430 12.12 
0.271 4 -12.066421 1.786108 3.768808 -32.501221 4.974365 -61.035156 -4.10 -4.10 -4.1 -4.1 -0.207 -0.127 4294965052 4294964478 -1.2551 -1.4342 -1.1556 -0.1564 0.0065 -0.082916 1.999193 12.12 
0.272 4 -11.953740 2.009072 3.816758 -27.801514 -3.326416 -63.323975 -4.10 -4.10 -4.1 -4.1 -0.231 -0.143 4294965049 4294964474 -1.2952 -1.4342 -0.8965 -0.1576 0.0066 -0.082916 1.999056 12.11 
0.273 4 -11.862637 1.620684 3.557832 -25.817871 -7.965088 -65.795898 -4.10 -4.10 -4.1 -4.1 -0.237 -0.130 4294965046 4294964471 -1.2952 -1.3848 -0.5778 -0.1588 0.0067 -0.082916 1.999027 12.13 
0.274 4 -11.745161 0.697661 3.217392 -22.033691 -10.162354 -68.847656 -4.10 -4.10 -4.1 -4.1 -0.161 -0.108 4294965043 4294964468 -1.3386 -1.3848 -0.2980 -0.1604 0.0068 -0.082916 1.999036 12.13 
0.275 4 -10.556020 0.163027 2.543706 -15.594482 -12.847900 -80.505371 -4.10 -4.10 -4.1 -4.1 -0.267 -0.135 4294965040 4294964464 -1.2952 -1.3848 -0.5778 -0.1616 0.0069 -0.082916 1.999060 12.12 
0.276 4 -10.047758 0.297285 2.208061 -13.031006 -8.300781 -95.703125 -4.10 -4.10 -4.1 -4.1 -0.261 -0.138 4294965037 4294964461 -1.2952 -1.3848 -0.5778 -0.1628 0.0070 -0.082916 1.999043 12.12 
0.277 4 -9.767256 0.338042 2.198472 -13.244629 0.213623 -108.428955 -4.10 -4.10 -4.1 -4.1 -0.178 -0.113 4294965033 4294964458 -1.3386 -1.4342 -0.6167 -0.1642 0.0071 -0.085507 1.998904 12.13 
0.278 4 -9.412432 0.371606 2.351909 -15.075684 9.002686 -118.133545 -4.10 -4.10 -4.1 -4.1 -0.211 -0.103 4294965030 4294964454 -1.2952 -1.3848 -0.5778 -0.1654 0.0072 -0.085507 1.998629 12.13 
0.279 4 -9.026441 0.127065 2.224844 -16.662598 19.012451 -122.497559 -4.10 -4.10 -4.1 -4.1 -0.249 -0.135 4294965027 4294964451 -1.2952 -1.4342 -0.8965 -0.1666 0.0073 -0.085507 1.998200 12.13 
0.280 4 -8.736347 0.294888 2.251216 -21.697998 28.717041 -123.687744 -4.10 -4.10 -4.1 -4.1 -0.184 -0.139 4294965024 4294964448 -1.2952 -1.4342 -0.8965 -0.1680 0.0074 -0.088098 1.997603 12.12 
0.281 4 -8.522973 0.294888 2.344717 -28.442383 36.651611 -123.291016 -4.10 -4.10 -4.1 -4.1 -0.235 -0.120 4294965021 4294964444 -1.2952 -1.4342 -0.8965 -0.1693 0.0076 -0.088098 1.996867 12.14 
0.282 4 -8.424678 0.261323 2.505347 -34.057617 40.435791 -121.673584 -4.10 -4.10 -4.1 -4.1 -0.254 -0.165 4294965018 4294964441 -1.2952 -1.4342 -0.8965 -0.1709 0.0077 -0.088098 1.996047 12.12 
0.283 4 -8.359946 0.513057 2.699541 -38.421631 42.572021 -118.774414 -4.10 -4.10 -4.1 -4.1 -0.176 -0.043 4294965015 4294964437 -1.3386 -1.4342 -0.6167 -0.1721 0.0078 -0.088098 1.995198 12.14 
0.284 4 -8.254457 0.383594 2.852978 -40.588379 42.694092 -115.783691 -4.10 -4.10 -4.1 -4.1 -0.258 -0.103 4294965012 4294964434 -1.2952 -1.3848 -0.5778 -0.1733 0.0079 -0.088098 1.994353 12.13 
0.285 4 -8.201714 0.397979 3.078340 -41.137695 40.283203 -113.891602 -4.10 -4.10 -4.1 -4.1 -0.184 -0.107 4294965008 4294964430 -1.2952 -1.4342 -0.8965 -0.1747 0.0080 -0.090689 1.993551 12.13 
0.286 4 -8.163354 0.455518 3.186225 -39.245605 35.858154 -114.257812 -4.10 -4.10 -4.1 -4.1 -0.143 -0.064 4294965005 4294964427 -1.2952 -1.4342 -0.8965 -0.1759 0.0081 -0.090689 1.992830 12.13 
0.287 4 -7.997930 0.688071 3.421177 -35.461426 30.212402 -115.753174 -4.10 -4.10 -4.1 -4.1 -0.295 -0.095 4294965002 4294964424 -1.2952 -1.4342 -0.8965 -0.1773 0.0083 -0.093280 1.992220 12.13 
0.288 4 -7.861274 0.721636 3.526665 -30.364990 25.146484 -116.821289 -4.10 -4.10 -4.1 -4.1 -0.239 -0.112 4294964999 4294964420 -1.3386 -1.4342 -0.6167 -0.1785 0.0084 -0.093280 1.991728 12.13 
0.289 4 -7.839697 0.584980 3.675308 -25.634766 22.399902 -114.898682 -4.10 -4.10 -4.1 -4.1 -0.157 -0.067 4294964996 4294964417 -1.3848 -1.4342 -0.3187 -0.1800 0.0085 -0.093280 1.991323 12.13 
0.290 4 -7.686260 0.587378 3.600986 -21.301270 21.209717 -110.015869 -4.10 -4.10 -4.1 -4.1 -0.254 -0.105 4294964993 4294964413 -1.3386 -1.4342 -0.6167 -0.1812 0.0086 -0.093280 1.990960 12.13 
0.291 4 -7.499258 0.683276 3.581806 -17.486572 21.240234 -102.386475 -4.10 -4.10 -4.1 -4.1 -0.195 -0.119 4294964989 4294964410 -1.3848 -1.4342 -0.3187 -0.1824 0.0088 -0.093280 1.990612 12.12 
0.292 4 -7.506450 0.810342 3.598589 -14.160156 24.230957 -88.958740 -4.10 -4.10 -4.1 -4.1 -0.164 -0.020 4294964986 4294964406 -1.3848 -1.4342 -0.3187 -0.1838 0.0089 -0.095872 1.990241 12.13 
0.293 4 -7.715029 1.052485 3.692090 -12.115479 30.212402 -68.664551 -4.10 -4.10 -4.1 -4.1 -0.325 -0.095 4294964983 4294964403 -1.3386 -1.4342 -0.6167 -0.1850 0.0090 -0.095872 1.989794 12.14 
0.294 4 -7.878057 1.412104 3.636948 -10.009766 36.315918 -44.830322 -4.10 -4.10 -4.1 -4.1 -0.212 -0.135 4294964980 4294964399 -1.3386 -1.4342 -0.6167 -0.1866 0.0092 -0.095872 1.989234 12.14 
0.295 4 -7.691054 1.567939 3.754424 -6.408691 38.085938 -23.132324 -4.10 -4.10 -4.1 -4.1 -0.149 -0.074 4294964977 4294964396 -1.3386 -1.4342 -0.6167 -0.1878 0.0093 -0.095872 1.988610 12.14 
0.296 4 -7.276294 1.189141 3.742436 -4.669189 35.766602 -7.324219 -4.10 -4.10 -4.1 -4.1 -0.222 -0.091 4294964974 4294964392 -1.3386 -1.4872 -0.9587 -0.1892 0.0094 -0.098463 1.988012 12.14 
0.297 4 -6.928662 0.683276 3.898271 -3.997803 28.869629 -0.183105 -4.10 -4.10 -4.1 -4.1 -0.186 -0.090 4294964970 4294964389 -1.2952 -1.4872 -1.2386 -0.1904 0.0095 -0.098463 1.987525 12.13 
0.298 4 -6.509106 0.678481 3.989375 -2.410889 18.737793 3.814697 -4.10 -4.10 -4.1 -4.1 -0.168 -0.094 4294964967 4294964386 -1.3386 -1.4872 -0.9587 -0.1918 0.0097 -0.101054 1.987224 12.13 
0.299 4 -7.127651 0.956587 3.764014 1.739502 12.664795 13.977051 -4.10 -4.10 -4.1 -4.1 -0.178 -0.080 4294964964 4294964382 -1.2952 -1.4872 -1.2386 -0.1930 0.0098 -0.101054 1.987052 12.13 
0.300 4 -6.952637 0.644917 3.795181 6.103516 7.720947 19.348145 -4.10 -4.10 -4.1 -4.1 -0.152 -0.098 4294964961 4294964378 -1.3386 -1.4872 -0.9587 -0.1946 0.0100 -0.101054 1.986950 12.13 
0.301 4 -6.595415 0.889458 3.737642 8.270264 5.340576 23.376465 -4.10 -4.10 -4.1 -4.1 -0.212 -0.051 4294964958 4294964375 -1.3386 -1.4342 -0.6167 -0.1958 0.0101 -0.101054 1.986928 12.13 
0.302 4 -7.281089 1.380937 3.222188 9.948730 8.758545 34.240723 -4.10 -4.10 -4.1 -4.1 -0.186 -0.093 4294964954 4294964372 -1.3386 -1.4872 -0.9587 -0.1972 0.0102 -0.103645 1.986855 12.14 
0.303 4 -7.506450 0.620942 3.018403 13.427734 15.045166 48.339844 -4.10 -4.10 -4.1 -4.1 -0.162 -0.117 4294964951 4294964368 -1.3386 -1.4342 -0.6167 -0.1984 0.0103 -0.103645 1.986631 12.14 
0.304 4 -7.412949 0.175015 3.006416 16.448975 18.798828 56.915283 -4.10 -4.10 -4.1 -4.1 -0.203 -0.093 4294964948 4294964365 -1.3386 -1.4872 -0.9587 -0.2000 0.0105 -0.103645 1.986303 12.14 
0.305 4 -7.559194 0.486685 2.932095 17.272949 22.705078 66.131592 -4.10 -4.10 -4.1 -4.1 -0.162 -0.116 4294964945 4294964361 -1.3386 -1.4872 -0.9587 -0.2012 0.0106 -0.103645 1.985904 12.14 
0.306 4 -7.796543 1.011729 2.994429 18.066406 24.383545 74.523926 -4.10 -4.10 -4.1 -4.1 -0.162 -0.070 4294964942 4294964358 -1.3848 -1.4872 -0.6607 -0.2026 0.0108 -0.106236 1.985446 12.13 
0.307 4 -7.971557 1.006934 2.951274 21.575928 23.742676 79.986572 -4.10 -4.10 -4.1 -4.1 -0.214 -0.130 4294964938 4294964354 -1.3848 -1.4342 -0.3187 -0.2038 0.0109 -0.106236 1.984972 12.12 
0.308 4 -7.904428 1.340181 2.968056 26.000977 22.857666 82.916260 -4.10 -4.10 -4.1 -4.1 -0.188 -0.130 4294964935 4294964351 -1.3386 -1.4342 -0.6167 -0.2052 0.0111 -0.108827 1.984509 12.14 
0.309 4 -7.870864 1.625479 3.217392 28.076172 22.705078 84.808350 -4.10 -4.10 -4.1 -4.1 -0.133 -0.075 4294964932 4294964347 -1.3386 -1.4872 -0.9587 -0.2064 0.0112 -0.108827 1.984071 12.13 
0.310 4 -8.208906 0.604160 2.733105 26.153564 23.498535 89.630127 -4.10 -4.10 -4.1 -4.1 -0.211 -0.097 4294964929 4294964344 -1.3386 -1.4872 -0.9587 -0.2080 0.0114 -0.108827 1.983610 12.13 
0.311 4 -8.026699 0.467505 3.200610 29.785156 17.730713 87.799072 -4.10 -4.10 -4.1 -4.1 -0.180 -0.150 4294964926 4294964340 -1.3386 -1.4872 -0.9587 -0.2092 0.0115 -0.108827 1.983188 12.14 
0.312 4 -7.803735 0.541826 3.394804 32.257080 14.556885 83.618164 -4.10 -4.10 -4.1 -4.1 -0.147 -0.080 4294964922 4294964336 -1.3386 -1.4872 -0.9587 -0.2106 0.0116 -0.111418 1.982888 12.13 
0.313 4 -7.753388 0.498672 3.718462 29.541016 11.138916 77.911377 -4.10 -4.10 -4.1 -4.1 -0.271 -0.095 4294964919 4294964333 -1.3386 -1.4872 -0.9587 -0.2118 0.0118 -0.111418 1.982681 12.13 
0.314 4 -7.671875 0.537031 4.087671 25.665283 7.263184 71.563721 -4.10 -4.10 -4.1 -4.1 -0.143 -0.140 4294964916 4294964330 -1.2952 -1.4872 -1.2386 -0.2132 0.0119 -0.114009 1.982577 12.14 
0.315 4 -7.434526 0.026372 3.974990 25.817871 1.831055 61.645508 -4.10 -4.10 -4.1 -4.1 -0.199 -0.051 4294964913 4294964326 -1.3386 -1.4342 -0.6167 -0.2146 0.0121 -0.111418 1.982576 12.14 
0.316 4 -6.885508 -0.551416 3.972593 22.766113 0.976562 47.332764 -4.10 -4.10 -4.1 -4.1 -0.190 -0.035 4294964909 4294964322 -1.3386 -1.4872 -0.9587 -0.2160 0.0123 -0.114009 1.982646 12.14 
0.317 4 -6.806391 -0.863086 4.121235 15.808105 1.708984 35.034180 -4.10 -4.10 -4.1 -4.1 -0.177 -0.083 4294964906 4294964319 -1.3386 -1.4342 -0.6167 -0.2172 0.0124 -0.114009 1.982745 12.13 
0.318 4 -8.055469 0.033564 4.257891 9.521484 4.455566 33.843994 -4.10 -4.10 -4.1 -4.1 -0.299 -0.101 4294964903 4294964315 -1.3386 -1.5446 -1.3292 -0.2186 0.0126 -0.116600 1.982795 12.13 
0.319 4 -8.163354 0.172617 4.145210 7.629395 7.873535 37.200928 -4.10 -4.10 -4.1 -4.1 -0.177 -0.086 4294964900 4294964312 -1.3848 -1.5446 -1.0313 -0.2202 0.0127 -0.116600 1.982753 12.13 
0.320 4 -8.180137 0.256528 4.171582 5.981445 10.803223 37.353516 -4.10 -4.10 -4.1 -4.1 -0.135 -0.059 4294964897 4294964308 -1.3386 -1.5446 -1.3292 -0.2214 0.0129 -0.116600 1.982649 12.14 
0.321 4 -8.151367 0.215771 4.531201 2.746582 9.552002 34.576416 -4.10 -4.10 -4.1 -4.1 -0.211 -0.128 4294964893 4294964305 -1.3848 -1.4872 -0.6607 -0.2228 0.0130 -0.119192 1.982549 12.14 
0.322 4 -8.558935 0.287695 4.811704 0.518799 3.448486 31.036377 -4.10 -4.10 -4.1 -4.1 -0.203 -0.030 4294964890 4294964301 -1.3848 -1.4872 -0.6607 -0.2240 0.0132 -0.119192 1.982534 12.13 
0.323 4 -8.599692 0.429145 4.643882 1.007080 -1.190186 27.557373 -4.10 -4.10 -4.1 -4.1 -0.172 -0.072 4294964887 4294964298 -1.3386 -1.5446 -1.3292 -0.2256 0.0134 -0.119192 1.982606 12.13 
0.324 4 -8.604487 0.503467 4.543189 2.380371 -3.570557 23.681641 -4.10 -4.10 -4.1 -4.1 -0.121 -0.104 4294964884 4294964294 -1.3386 -1.4342 -0.6167 -0.2268 0.0135 -0.119192 1.982726 12.13 
0.325 4 -8.724360 0.513057 4.581548 3.326416 -7.720947 20.019531 -4.10 -4.10 -4.1 -4.1 -0.115 -0.089 4294964880 4294964291 -1.3386 -1.4342 -0.6167 -0.2282 0.0137 -0.121783 1.982897 12.13 
0.326 4 -8.940131 0.532236 4.358584 3.387451 -11.962891 17.364502 -4.10 -4.10 -4.1 -4.1 -0.216 -0.108 4294964877 4294964287 -1.3386 -1.4872 -0.9587 -0.2294 0.0138 -0.121783 1.983125 12.13 
0.327 4 -8.932940 0.381196 4.236313 4.119873 -13.793945 15.258789 -4.10 -4.10 -4.1 -4.1 -0.198 -0.100 4294964874 4294964284 -1.3386 -1.4872 -0.9587 -0.2310 0.0140 -0.121783 1.983386 12.13 
0.328 4 -9.012055 0.479492 4.104453 3.784180 -13.977051 13.793945 -4.10 -4.10 -4.1 -4.1 -0.232 -0.045 4294964871 4294964280 -1.3386 -1.4342 -0.6167 -0.2322 0.0142 -0.121783 1.983650 12.13 
0.329 4 -9.009658 0.508262 3.852720 2.960205 -13.824463 12.481689 -4.10 -4.10 -4.1 -4.1 -0.163 -0.049 4294964867 4294964276 -1.3386 -1.4872 -0.9587 -0.2335 0.0144 -0.124374 1.983896 12.14 
0.330 4 -8.952119 0.517852 3.893476 0.671387 -13.946533 11.108398 -4.10 -4.10 -4.1 -4.1 -0.147 -0.120 4294964864 4294964273 -1.3386 -1.4872 -0.9587 -0.2347 0.0145 -0.124374 1.984132 12.14 
0.331 4 -8.853823 0.491479 3.337265 -1.281738 -10.986328 8.911133 -4.10 -4.10 -4.1 -4.1 -0.245 -0.032 4294964861 4294964269 -1.2952 -1.4872 -1.2386 -0.2361 0.0147 -0.126965 1.984321 12.14 
0.332 4 -8.899375 0.496274 3.310894 -2.471924 -6.958008 6.195068 -4.10 -4.10 -4.1 -4.1 -0.163 -0.106 4294964858 4294964266 -1.3386 -1.4872 -0.9587 -0.2375 0.0149 -0.124374 1.984423 12.14 
0.333 4 -8.870605 0.565801 3.294111 -3.601074 -3.265381 2.685547 -4.10 -4.10 -4.1 -4.1 -0.167 -0.074 4294964854 4294964262 -1.3848 -1.4342 -0.3187 -0.2389 0.0150 -0.126965 1.984454 12.14 
0.334 4 -8.913759 0.656904 3.282124 -4.821777 -0.854492 -1.525879 -4.10 -4.10 -4.1 -4.1 -0.188 -0.023 4294964851 4294964259 -1.4342 -1.3386 0.6167 -0.2401 0.0152 -0.126965 1.984431 12.13 
0.335 4 -9.000068 0.716841 3.289316 -5.859375 1.190186 -5.340576 -4.10 -4.10 -4.1 -4.1 -0.127 -0.097 4294964848 4294964255 -1.3386 -1.5446 -1.3292 -0.2417 0.0154 -0.126965 1.984366 12.13 
0.336 4 -9.081582 0.745610 3.361240 -5.249023 2.136230 -8.605957 -4.10 -4.10 -4.1 -4.1 -0.143 -0.090 4294964845 4294964252 -1.3386 -1.5446 -1.3292 -0.2431 0.0156 -0.129556 1.984276 12.14 
0.337 4 -9.127133 0.824727 3.454741 -4.089355 1.525879 -10.742188 -4.10 -4.10 -4.1 -4.1 -0.171 -0.061 4294964841 4294964248 -1.3848 -1.4872 -0.6607 -0.2443 0.0157 -0.129556 1.984188 12.13 
0.338 4 -9.167891 1.026113 3.704077 -3.784180 1.159668 -11.871338 -4.10 -4.10 -4.1 -4.1 -0.181 -0.040 4294964838 4294964245 -1.3386 -1.4872 -0.9587 -0.2457 0.0159 -0.132147 1.984124 12.13 
0.339 4 -9.208647 0.992549 3.632153 -3.082275 0.976562 -11.901855 -4.10 -4.10 -4.1 -4.1 -0.139 -0.105 4294964835 4294964241 -1.3386 -1.4872 -0.9587 -0.2471 0.0161 -0.129556 1.984072 12.13 
0.340 4 -9.237416 0.913433 3.776001 -1.922607 -0.823975 -11.535645 -4.10 -4.10 -4.1 -4.1 -0.169 -0.023 4294964832 4294964238 -1.3386 -1.4872 -0.9587 -0.2485 0.0163 -0.132147 1.984040 12.13 
0.341 4 -9.247006 0.896650 3.907861 -1.098633 -1.342773 -10.162354 -4.10 -4.10 -4.1 -4.1 -0.126 -0.085 4294964828 4294964234 -1.3386 -1.4872 -0.9587 -0.2497 0.0164 -0.132147 1.984039 12.14 
0.342 4 -9.100761 0.944600 3.986977 -0.396729 -0.885010 -8.728027 -4.10 -4.10 -4.1 -4.1 -0.190 -0.086 4294964825 4294964231 -1.3386 -1.4342 -0.6167 -0.2511 0.0166 -0.134738 1.984052 12.14 
0.343 4 -9.107954 0.980561 4.133223 -0.335693 -0.885010 -7.049561 -4.10 -4.10 -4.1 -4.1 -0.164 -0.066 4294964822 4294964227 -1.3848 -1.4872 -0.6607 -0.2525 0.0168 -0.132147 1.984074 12.13 
0.344 4 -9.071992 0.970972 4.090068 0.549316 -0.885010 -5.432129 -4.10 -4.10 -4.1 -4.1 -0.121 -0.089 4294964819 4294964224 -1.3848 -1.4872 -0.6607 -0.2539 0.0170 -0.134738 1.984101 12.13 
0.345 4 -9.052813 0.944600 4.358584 1.007080 -0.854492 -3.662109 -4.10 -4.10 -4.1 -4.1 -0.280 -0.096 4294964815 4294964220 -1.3386 -1.5446 -1.3292 -0.2553 0.0172 -0.137329 1.984138 12.14 
0.346 4 -8.942529 1.050088 4.236313 1.098633 0.976562 -1.159668 -4.10 -4.10 -4.1 -4.1 -0.160 -0.074 4294964812 4294964216 -1.3386 -1.4872 -0.9587 -0.2564 0.0174 -0.137329 1.984170 12.13 
0.347 4 -9.014453 1.095640 4.363379 1.495361 1.861572 1.617432 -4.10 -4.10 -4.1 -4.1 -0.190 -0.070 4294964809 4294964213 -1.2169 -1.4342 -1.4018 -0.2580 0.0176 -0.137329 1.984178 12.14 
0.348 4 -9.031235 1.095640 4.384956 1.556396 2.258301 4.760742 -4.10 -4.10 -4.1 -4.1 -0.253 -0.138 4294964805 4294964209 -1.3386 -1.4872 -0.9587 -0.2592 0.0177 -0.137329 1.984180 12.14 
0.349 4 -8.978491 1.102832 4.372969 1.953125 2.166748 7.415771 -4.10 -4.10 -4.1 -4.1 -0.159 -0.001 4294964802 4294964206 -1.3848 -1.4872 -0.6607 -0.2606 0.0179 -0.139921 1.984181 12.14 
0.350 4 -9.067197 0.894253 4.488047 2.014160 1.403809 10.437012 -4.10 -4.10 -4.1 -4.1 -0.263 -0.094 4294964799 4294964202 -1.3386 -1.4872 -0.9587 -0.2618 0.0181 -0.139921 1.984193 12.13 
0.351 4 -9.071992 0.759995 4.512022 2.197266 0.030518 13.061523 -4.10 -4.10 -4.1 -4.1 -0.144 -0.045 4294964795 4294964198 -1.3386 -1.4872 -0.9587 -0.2634 0.0183 -0.139921 1.984228 12.13 
0.352 4 -9.098364 0.769585 4.579150 2.441406 -0.854492 15.502930 -4.10 -4.10 -4.1 -4.1 -0.139 -0.034 4294964792 4294964195 -1.3386 -1.4872 -0.9587 -0.2646 0.0185 -0.139921 1.984285 12.13 
0.353 4 -9.124736 0.690469 4.579150 2.502441 -1.373291 17.028809 -4.10 -4.10 -4.1 -4.1 -0.215 -0.123 4294964789 4294964192 -1.3848 -1.4872 -0.6607 -0.2660 0.0187 -0.142512 1.984357 12.13 
0.354 4 -9.103159 0.620942 4.327417 3.173828 -2.319336 18.157959 -4.10 -4.10 -4.1 -4.1 -0.186 -0.108 4294964786 4294964188 -1.3386 -1.4872 -0.9587 -0.2674 0.0189 -0.139921 1.984430 12.13 
0.355 4 -9.242211 0.740815 4.380161 3.845215 -3.692627 18.707275 -4.10 -4.10 -4.1 -4.1 -0.152 -0.022 4294964783 4294964185 -1.3386 -1.4342 -0.6167 -0.2688 0.0191 -0.142512 1.984512 12.12 
0.356 4 -9.194263 0.668892 4.185966 4.028320 -3.051758 19.073486 -4.10 -4.10 -4.1 -4.1 -0.131 -0.069 4294964779 4294964181 -1.3386 -1.4872 -0.9587 -0.2700 0.0193 -0.142512 1.984592 12.14 
0.357 4 -9.223032 0.558608 4.006157 3.997803 -1.983643 18.859863 -4.10 -4.10 -4.1 -4.1 -0.165 -0.115 4294964776 4294964177 -1.3848 -1.5446 -1.0313 -0.2714 0.0195 -0.145103 1.984640 12.13 
0.358 4 -9.220634 0.611353 3.919848 3.814697 -1.434326 17.852783 -4.10 -4.10 -4.1 -4.1 -0.233 -0.023 4294964773 4294964174 -1.2952 -1.4342 -0.8965 -0.2726 0.0196 -0.145103 1.984662 12.13 
0.359 4 -9.235020 0.584980 3.835938 3.784180 -0.915527 16.723633 -4.10 -4.10 -4.1 -4.1 -0.139 -0.103 4294964770 4294964170 -1.3848 -1.4872 -0.6607 -0.2741 0.0199 -0.145103 1.984666 12.13 
0.360 4 -9.280571 0.616147 3.797578 3.265381 0.122070 15.197754 -4.10 -4.10 -4.1 -4.1 -0.137 -0.090 4294964766 4294964167 -1.3386 -1.2952 0.2798 -0.2755 0.0201 -0.147694 1.984650 12.13 
0.361 4 -9.218237 0.537031 3.586601 2.502441 2.380371 13.305664 -4.10 -4.10 -4.1 -4.1 -0.186 -0.030 4294964763 4294964163 -1.3848 -1.5446 -1.0313 -0.2767 0.0202 -0.147694 1.984594 12.14 
0.362 4 -9.201455 0.606558 3.620166 2.197266 3.417969 10.803223 -4.10 -4.10 -4.1 -4.1 -0.111 -0.090 4294964760 4294964160 -1.3848 -1.4872 -0.6607 -0.2783 0.0205 -0.147694 1.984503 12.13 
0.363 4 -9.155903 0.577788 3.543447 1.647949 4.882812 7.751465 -4.10 -4.10 -4.1 -4.1 -0.207 -0.101 4294964756 4294964156 -1.4342 -1.4872 -0.3420 -0.2795 0.0207 -0.147694 1.984389 12.13 
0.364 4 -9.211044 0.592173 3.632153 0.732422 6.195068 4.608154 -4.10 -4.10 -4.1 -4.1 -0.154 -0.017 4294964753 4294964153 -1.4342 -1.4872 -0.3420 -0.2809 0.0209 -0.150285 1.984251 12.13 
0.365 4 -9.134326 0.616147 3.624961 -0.213623 6.744385 1.281738 -4.10 -4.10 -4.1 -4.1 -0.150 -0.051 4294964750 4294964149 -1.3848 -1.4872 -0.6607 -0.2823 0.0211 -0.147694 1.984101 12.13 
0.366 4 -9.143916 0.618545 3.632153 -0.274658 6.378174 -2.197266 -4.10 -4.10 -4.1 -4.1 -0.109 -0.105 4294964747 4294964145 -1.3848 -1.4872 -0.6607 -0.2837 0.0213 -0.150285 1.983951 12.13 
0.367 4 -9.045620 0.779175 3.831142 -0.549316 5.493164 -6.896973 -4.10 -4.10 -4.1 -4.1 -0.154 -0.014 4294964743 4294964142 -1.3386 -1.4872 -0.9587 -0.2849 0.0215 -0.150285 1.983824 12.13 
0.368 4 -8.954516 0.831919 3.838335 -1.525879 4.913330 -13.214111 -4.10 -4.10 -4.1 -4.1 -0.253 -0.118 4294964740 4294964138 -1.3386 -1.4872 -0.9587 -0.2863 0.0217 -0.152876 1.983723 12.15 
0.369 4 -8.832246 0.958984 4.082876 -1.525879 3.204346 -18.890381 -4.10 -4.10 -4.1 -4.1 -0.154 -0.093 4294964737 4294964135 -1.3386 -1.4872 -0.9587 -0.2876 0.0219 -0.150285 1.983658 12.13 
0.370 4 -8.745937 0.966177 4.025337 -2.716064 1.953125 -23.803711 -4.10 -4.10 -4.1 -4.1 -0.138 -0.021 4294964734 4294964131 -1.3386 -1.4872 -0.9587 -0.2890 0.0221 -0.152876 1.983633 12.13 
0.371 4 -8.633257 0.896650 3.895874 -3.784180 3.143311 -27.923584 -4.10 -4.10 -4.1 -4.1 -0.179 -0.163 4294964730 4294964128 -1.3386 -1.4872 -0.9587 -0.2904 0.0223 -0.155467 1.983603 12.13 
0.372 4 -8.566128 0.937407 4.133223 -5.004883 3.479004 -31.433105 -4.10 -4.10 -4.1 -4.1 -0.144 -0.097 4294964727 4294964124 -1.3848 -1.5446 -1.0313 -0.2916 0.0225 -0.155467 1.983569 12.14 
0.373 4 -8.544551 0.855894 4.126030 -6.744385 3.814697 -33.264160 -4.10 -4.10 -4.1 -4.1 -0.243 -0.087 4294964724 4294964121 -1.3386 -1.4872 -0.9587 -0.2932 0.0228 -0.155467 1.983542 12.14 
0.374 4 -8.602090 0.839111 4.370571 -8.453369 3.356934 -33.599854 -4.10 -4.10 -4.1 -4.1 -0.143 -0.036 4294964721 4294964117 -1.3386 -1.4872 -0.9587 -0.2944 0.0229 -0.155467 1.983527 12.14 
0.375 4 -8.606885 0.831919 4.332212 -10.040283 3.906250 -32.592773 -4.10 -4.10 -4.1 -4.1 -0.108 -0.114 4294964717 4294964113 -1.3386 -1.5446 -1.3292 -0.2958 0.0232 -0.158059 1.983519 12.14 
0.376 4 -8.630859 0.608955 4.176377 -11.077881 4.058838 -31.494141 -4.10 -4.10 -4.1 -4.1 -0.159 -0.086 4294964714 4294964110 -1.3386 -1.4872 -0.9587 -0.2970 0.0233 -0.158059 1.983495 12.14 
0.377 4 -8.666821 0.525044 4.171582 -11.932373 2.563477 -30.426025 -4.10 -4.10 -4.1 -4.1 -0.177 0.018 4294964711 4294964106 -1.3848 -1.4872 -0.6607 -0.2986 0.0236 -0.158059 1.983474 12.13 
0.378 4 -8.669218 0.453120 4.176377 -12.207031 1.373291 -29.205322 -4.10 -4.10 -4.1 -4.1 -0.181 -0.037 4294964707 4294964103 -1.4342 -1.4342 0.0000 -0.2997 0.0238 -0.158059 1.983476 12.13 
0.379 4 -8.707578 0.563403 4.106851 -11.688232 0.305176 -28.594971 -4.10 -4.10 -4.1 -4.1 -0.158 -0.097 4294964704 4294964099 -1.3848 -1.4872 -0.6607 -0.3011 0.0240 -0.160650 1.983493 12.13 
0.380 4 -8.765117 0.623340 4.027734 -10.559082 -1.464844 -28.533936 -4.10 -4.10 -4.1 -4.1 -0.143 -0.108 4294964701 4294964096 -1.2551 -1.5446 -1.8682 -0.3025 0.0242 -0.163241 1.983526 12.13 
0.381 4 -8.724360 0.625737 3.835938 -9.063721 -3.204346 -28.503418 -4.10 -4.10 -4.1 -4.1 -0.310 -0.114 4294964698 4294964092 -1.4342 -1.4872 -0.3420 -0.3039 0.0245 -0.160650 1.983577 12.14 
0.382 4 -8.659629 0.642520 3.809565 -8.026123 -3.570557 -28.503418 -4.10 -4.10 -4.1 -4.1 -0.162 -0.101 4294964694 4294964089 -1.3848 -1.4342 -0.3187 -0.3053 0.0247 -0.163241 1.983637 12.13 
0.383 4 -8.652436 0.568198 3.627358 -7.232666 -2.777100 -27.679443 -4.10 -4.10 -4.1 -4.1 -0.238 -0.080 4294964691 4294964085 -1.3848 -1.4872 -0.6607 -0.3065 0.0249 -0.163241 1.983685 12.14 
0.384 4 -8.647641 0.561006 3.521870 -5.828857 -2.716064 -26.245117 -4.10 -4.10 -4.1 -4.1 -0.188 -0.081 4294964688 4294964081 -1.3848 -1.4872 -0.6607 -0.3081 0.0252 -0.163241 1.983712 12.14 
0.385 4 -8.515781 0.604160 3.449946 -5.279541 -2.166748 -24.627686 -4.10 -4.10 -4.1 -4.1 -0.113 -0.089 4294964685 4294964078 -1.3386 -1.4342 -0.6167 -0.3093 0.0253 -0.163241 1.983728 12.13 
0.386 4 -8.407895 0.659302 3.330073 -5.126953 -0.427246 -22.918701 -4.10 -4.10 -4.1 -4.1 -0.181 -0.125 4294964681 4294964074 -1.3386 -1.4872 -0.9587 -0.3106 0.0256 -0.165832 1.983718 12.13 
0.387 4 -8.379126 0.728828 3.593794 -5.676270 0.854492 -20.874023 -4.10 -4.10 -4.1 -4.1 -0.173 -0.071 4294964678 4294964071 -1.3848 -1.3848 0.0000 -0.3118 0.0258 -0.165832 1.983693 12.14 
0.388 4 -8.429472 0.709648 3.373227 -5.310059 2.319336 -18.341064 -4.10 -4.10 -4.1 -4.1 -0.192 0.058 4294964675 4294964067 -1.3848 -1.4872 -0.6607 -0.3134 0.0260 -0.165832 1.983645 12.14 
0.389 4 -8.491806 0.709648 3.550640 -5.249023 3.143311 -15.167236 -4.10 -4.10 -4.1 -4.1 -0.192 -0.112 4294964671 4294964064 -1.3386 -1.5446 -1.3292 -0.3148 0.0263 -0.168423 1.983573 12.13 
0.390 4 -8.415088 0.702456 3.344458 -5.126953 5.218506 -11.444092 -4.10 -4.10 -4.1 -4.1 -0.166 -0.102 4294964668 4294964060 -1.3386 -1.4872 -0.9587 -0.3160 0.0265 -0.168423 1.983474 12.14 
0.391 4 -8.527768 0.783970 3.382817 -4.211426 5.676270 -8.026123 -4.10 -4.10 -4.1 -4.1 -0.210 0.001 4294964665 4294964056 -1.3386 -1.4872 -0.9587 -0.3174 0.0267 -0.171014 1.983345 12.13 
0.392 4 -8.592500 0.841509 3.488306 -3.448486 5.523682 -5.065918 -4.10 -4.10 -4.1 -4.1 -0.166 -0.058 4294964662 4294964053 -1.3848 -1.4872 -0.6607 -0.3188 0.0270 -0.168423 1.983216 12.14 
0.393 4 -8.534961 0.899048 3.401997 -1.678467 4.974365 -2.227783 -4.10 -4.10 -4.1 -4.1 -0.265 -0.123 4294964658 4294964049 -1.4342 -1.5446 -0.7126 -0.3201 0.0272 -0.171014 1.983095 12.14 
0.394 4 -8.463037 0.994946 3.493100 -0.091553 3.967285 -0.396729 -4.10 -4.10 -4.1 -4.1 -0.181 -0.025 4294964655 4294964046 -1.3848 -1.5446 -1.0313 -0.3215 0.0274 -0.173605 1.982990 12.13 
0.395 4 -8.515781 0.925420 3.505088 1.770020 2.716064 1.098633 -4.10 -4.10 -4.1 -4.1 -0.114 -0.104 4294964652 4294964042 -1.3386 -1.4872 -0.9587 -0.3229 0.0277 -0.171014 1.982910 12.13 
0.396 4 -8.441460 0.932612 3.500293 3.356934 1.342773 1.647949 -4.10 -4.10 -4.1 -4.1 -0.145 -0.095 4294964649 4294964039 -1.3386 -1.3386 0.0000 -0.3241 0.0279 -0.171014 1.982854 12.13 
0.397 4 -8.223290 0.884663 3.541050 3.723145 1.342773 2.319336 -4.10 -4.10 -4.1 -4.1 -0.135 0.036 4294964645 4294964035 -1.3848 -1.4872 -0.6607 -0.3255 0.0281 -0.173605 1.982819 12.14 
0.398 4 -8.206509 0.807944 3.548242 4.943848 0.762939 2.075195 -4.10 -4.10 -4.1 -4.1 -0.171 -0.092 4294964642 4294964032 -1.3848 -1.4872 -0.6607 -0.3269 0.0284 -0.176196 1.982796 12.14 
0.399 4 -8.151367 0.875073 3.807168 4.821777 -0.457764 1.739502 -4.10 -4.10 -4.1 -4.1 -0.148 -0.112 4294964639 4294964028 -1.3848 -1.5446 -1.0313 -0.3283 0.0286 -0.173605 1.982803 12.14 
0.400 4 -8.002725 0.664097 3.704077 4.302979 -0.122070 2.105713 -4.10 -4.10 -4.1 -4.1 -0.133 -0.056 4294964636 4294964024 -1.3848 -1.5446 -1.0313 -0.3296 0.0289 -0.176196 1.982832 12.14 
0.401 4 -8.017109 0.673687 3.843130 3.417969 0.518799 2.685547 -4.10 -4.10 -4.1 -4.1 -0.245 -0.079 4294964632 4294964021 -1.3848 -1.4872 -0.6607 -0.3308 0.0291 -0.176196 1.982856 12.14 
0.402 4 -7.985942 0.568198 3.809565 1.922607 0.854492 3.540039 -4.10 -4.10 -4.1 -4.1 -0.203 -0.114 4294964629 4294964017 -1.3848 -1.4872 -0.6607 -0.3322 0.0293 -0.178788 1.982878 12.13 
0.403 4 -7.981147 0.580186 3.742436 1.312256 0.152588 3.997803 -4.10 -4.10 -4.1 -4.1 -0.117 -0.093 4294964626 4294964014 -1.3848 -1.4872 -0.6607 -0.3338 0.0296 -0.178788 1.982899 12.14 
0.404 4 -8.108212 0.414761 3.910259 -0.213623 -0.885010 5.035400 -4.10 -4.10 -4.1 -4.1 -0.253 -0.041 4294964622 4294964010 -1.3848 -1.4872 -0.6607 -0.3350 0.0298 -0.178788 1.982937 12.13 
0.405 4 -8.163354 0.438735 3.816758 -0.976562 -0.762939 5.950928 -4.10 -4.10 -4.1 -4.1 -0.153 -0.048 4294964619 4294964007 -1.3848 -1.4872 -0.6607 -0.3364 0.0301 -0.181379 1.982983 12.13 
0.406 4 -8.273638 0.496274 3.869502 -0.762939 -2.105713 6.805420 -4.10 -4.10 -4.1 -4.1 -0.158 -0.100 4294964616 4294964003 -1.3386 -1.5446 -1.3292 -0.3375 0.0303 -0.181379 1.983033 12.12 
0.407 4 -8.335972 0.532236 3.874297 -0.427246 -3.845215 7.171631 -4.10 -4.10 -4.1 -4.1 -0.249 -0.069 4294964613 4294963999 -1.4342 -1.5446 -0.7126 -0.3391 0.0306 -0.181379 1.983109 12.13 
0.408 4 -8.434267 0.525044 3.955810 0.000000 -5.279541 7.049561 -4.10 -4.10 -4.1 -4.1 -0.157 -0.108 4294964609 4294963996 -1.4342 -1.4872 -0.3420 -0.3403 0.0308 -0.181379 1.983213 12.14 
0.409 4 -8.398305 0.635327 3.828745 0.671387 -7.019043 6.439209 -4.10 -4.10 -4.1 -4.1 -0.226 -0.106 4294964606 4294963992 -1.3848 -1.4342 -0.3187 -0.3417 0.0310 -0.183970 1.983341 12.14 
0.410 4 -8.482217 0.575391 3.706475 1.708984 -8.728027 6.469727 -4.10 -4.10 -4.1 -4.1 -0.219 -0.044 4294964603 4294963989 -1.3848 -1.4872 -0.6607 -0.3433 0.0313 -0.183970 1.983486 12.14 
0.411 4 -8.446255 0.759995 3.737642 2.593994 -9.155273 6.927490 -4.10 -4.10 -4.1 -4.1 -0.183 -0.097 4294964600 4294963985 -1.3386 -1.5446 -1.3292 -0.3445 0.0316 -0.183970 1.983643 12.13 
0.412 4 -8.379126 0.690469 3.517075 2.166748 -8.178711 7.080078 -4.10 -4.10 -4.1 -4.1 -0.188 -0.090 4294964596 4294963982 -1.3386 -1.5446 -1.3292 -0.3458 0.0318 -0.186561 1.983789 12.14 
0.413 4 -8.422280 0.702456 3.490703 2.960205 -7.751465 7.415771 -4.10 -4.10 -4.1 -4.1 -0.203 -0.102 4294964593 4294963978 -1.3386 -1.4872 -0.9587 -0.3470 0.0320 -0.186561 1.983910 12.14 
0.414 4 -8.527768 0.843906 3.481113 2.990723 -7.598877 8.697510 -4.10 -4.10 -4.1 -4.1 -0.153 0.054 4294964590 4294963974 -1.3386 -1.4342 -0.6167 -0.3486 0.0323 -0.186561 1.984021 12.14 
0.415 4 -8.522973 0.750405 3.361240 2.868652 -5.523682 10.375977 -4.10 -4.10 -4.1 -4.1 -0.145 -0.065 4294964587 4294963971 -1.3386 -1.4342 -0.6167 -0.3498 0.0326 -0.186561 1.984104 12.14 
0.416 4 -8.585307 0.803149 3.464331 2.960205 -3.906250 11.901855 -4.10 -4.10 -4.1 -4.1 -0.226 -0.092 4294964583 4294963967 -1.3848 -1.5446 -1.0313 -0.3512 0.0328 -0.189152 1.984152 12.13 
0.417 4 -8.693193 0.769585 3.440356 2.777100 -2.990723 13.580322 -4.10 -4.10 -4.1 -4.1 -0.139 0.026 4294964580 4294963964 -1.3386 -1.5446 -1.3292 -0.3525 0.0331 -0.191743 1.984179 12.15 
0.418 4 -8.753130 0.788765 3.660923 3.417969 -2.868652 15.686035 -4.10 -4.10 -4.1 -4.1 -0.159 -0.077 4294964577 4294963960 -1.3386 -1.4872 -0.9587 -0.3539 0.0334 -0.189152 1.984204 12.14 
0.419 4 -8.827451 0.745610 3.766411 3.814697 -2.166748 18.005371 -4.10 -4.10 -4.1 -4.1 -0.233 -0.123 4294964574 4294963956 -1.3386 -1.5446 -1.3292 -0.3553 0.0336 -0.191743 1.984234 12.14 
