%% logfile from robot 33
%  1    time 0.000 sec
%  2    mission (0) state 2
%  3  4 Motor velocity ref left, right: 2.10 2.10
%  5  6 Motor voltage [V] left, right: 2.1 2.1
%  7  8 Motor current left, right [A]: -0.013 0.009
%  9 10 Wheel velocity [m/s] left, right: 0.0000 0.0000
% 11 12 13 14 Pose x,y,h,tilt [m,m,rad,rad]: 0.0000 0.0000 0.000000 -2.384195
% 15 .. 34 Line sensor: left -1.939078 0, right 4.180000 0, values 47 8 25 9 4 -4 -8 7, white 0, used 1, LEDhigh=1, xb=1 xw=0 xbc=20 xwc=0
% 34    Battery voltage [V]: 12.20
0.001 2 2.10 2.10 2.1 2.1 0.082 0.080 0.0000 0.0000 0.0000 0.0000 0.000000 -2.384197 -1.9391 0 4.1800 0  3 26 55 14 34 13 -33 -24  0 1 1 1 0 20 0 12.15 
0.002 2 2.10 2.10 2.1 2.1 0.306 0.340 0.0000 0.0000 0.0000 0.0000 0.000000 -2.384194 -1.9391 0 4.1800 0  -3 30 29 18 -2 18 -13 13  0 1 1 1 0 20 0 12.12 
0.003 2 2.10 2.10 2.1 2.1 0.472 0.445 0.0000 0.0000 0.0000 0.0000 0.000000 -2.384191 -1.9391 0 4.1800 0  -31 20 3 21 44 14 33 51  0 1 1 1 0 20 0 12.10 
0.004 2 2.10 2.10 2.1 2.1 0.485 0.505 0.0000 0.0000 0.0002 -0.0000 -0.002591 -2.384192 -1.9391 0 4.1800 0  -35 39 6 18 8 11 -24 9  0 1 1 1 0 20 0 12.09 
0.005 2 2.10 2.10 2.1 2.1 0.509 0.514 0.0000 0.0000 0.0002 -0.0000 -0.002591 -2.384191 -1.9391 0 4.1800 0  -4 21 27 18 37 -5 -13 41  0 1 1 1 0 20 0 12.09 
0.006 2 2.10 2.10 2.1 2.1 0.527 0.481 0.0000 0.0000 0.0002 -0.0000 -0.002591 -2.384188 -1.9391 0 4.1800 0  -2 6 12 -3 21 17 44 37  0 1 1 1 0 20 0 12.09 
0.007 2 2.10 2.10 2.1 2.1 0.534 0.478 0.1141 0.0000 0.0006 -0.0000 -0.002591 -2.384184 -1.9391 0 4.1800 0  6 7 7 45 19 -45 -13 20  0 1 1 1 0 20 0 12.07 
0.008 2 2.10 2.10 2.1 2.1 0.519 0.497 0.1141 0.0000 0.0006 -0.0000 -0.002591 -2.384180 -1.9391 0 4.1800 0  23 22 -8 36 33 34 -11 5  0 1 1 1 0 20 0 12.06 
0.009 2 2.10 2.10 2.1 2.1 0.500 0.449 0.1141 0.1928 0.0008 -0.0000 0.000000 -2.384178 -1.9391 0 4.1800 0  -5 37 -4 22 -21 -21 16 18  0 1 1 1 0 20 0 12.06 
0.010 2 2.10 2.10 2.1 2.1 0.470 0.466 0.1663 0.1928 0.0010 -0.0000 -0.002591 -2.384177 -1.9391 0 4.1800 0  -60 43 17 -11 14 38 11 -24  0 1 1 1 0 20 0 12.09 
0.011 2 2.10 2.10 2.1 2.1 0.384 0.429 0.1663 0.2229 0.0012 -0.0000 0.000000 -2.384174 -1.9391 0 4.1800 0  -37 22 23 14 -14 -13 8 33  0 1 1 1 0 20 0 12.09 
0.012 2 2.10 2.10 2.1 2.1 0.333 0.378 0.2217 0.2848 0.0016 -0.0000 0.000000 -2.384175 -1.9391 0 4.1800 0  39 1 -24 14 46 9 -27 16  0 1 1 1 0 20 0 12.09 
0.013 2 2.10 2.10 2.1 2.1 0.378 0.386 0.2390 0.2827 0.0018 -0.0000 -0.002591 -2.384183 -1.9391 0 4.1800 0  -34 28 13 4 30 14 -4 60  0 1 1 1 0 20 0 12.08 
0.014 2 2.10 2.10 2.1 2.1 0.386 0.409 0.2390 0.2574 0.0020 -0.0000 0.000000 -2.384195 -1.9391 0 4.1800 0  -33 35 5 -2 5 -25 36 -7  0 1 1 1 0 20 0 12.10 
0.015 2 2.10 2.10 2.1 2.1 0.349 0.316 0.2827 0.3374 0.0024 -0.0000 0.000000 -2.384207 -1.9391 0 4.1800 0  29 50 -14 22 9 -13 31 4  0 1 1 1 0 20 0 12.10 
0.016 2 2.10 2.10 2.1 2.1 0.343 0.344 0.2787 0.3237 0.0028 -0.0000 0.000000 -2.384217 -1.9391 0 4.1800 0  -4 38 25 -18 12 -61 29 -8  0 1 1 1 0 20 0 12.08 
0.017 2 2.10 2.10 2.1 2.1 0.390 0.353 0.3346 0.3715 0.0032 -0.0000 0.000000 -2.384229 -1.9391 0 4.1800 0  22 20 19 10 36 -14 37 -21  0 1 1 1 0 20 0 12.10 
0.018 2 2.10 2.10 2.1 2.1 0.363 0.327 0.3346 0.3161 0.0034 -0.0000 0.002591 -2.384246 -1.9391 0 4.1800 0  -54 6 42 -5 31 27 -16 79  0 1 1 1 0 20 0 12.12 
0.019 2 2.10 2.10 2.1 2.1 0.344 0.304 0.3402 0.3550 0.0038 -0.0000 0.002591 -2.384264 -1.9391 0 4.1800 0  19 2 -16 -16 21 16 3 -15  0 1 1 1 0 20 0 12.11 
0.020 2 2.10 2.10 2.1 2.1 0.286 0.321 0.3683 0.3896 0.0042 -0.0000 0.002591 -2.384280 -1.9391 0 4.1800 0  54 22 14 -23 -28 -7 12 64  0 1 1 1 0 20 0 12.12 
0.021 2 2.10 2.10 2.1 2.1 0.317 0.271 0.3615 0.4137 0.0046 0.0000 0.002591 -2.384298 -1.9391 0 4.1800 0  -16 31 13 -17 25 -26 44 12  0 1 1 1 0 20 0 12.11 
0.022 2 2.10 2.10 2.1 2.1 0.263 0.296 0.3936 0.3522 0.0048 0.0000 0.000000 -2.384325 -1.9391 0 4.1800 0  67 -15 37 4 -1 9 18 24  0 1 1 1 0 20 0 12.11 
0.023 2 2.10 2.10 2.1 2.1 0.312 0.275 0.3751 0.3976 0.0054 0.0000 0.002591 -2.384358 -1.9391 0 4.1800 0  -25 57 -36 -13 38 11 -21 42  0 1 1 1 0 20 0 12.12 
0.024 2 2.10 2.10 2.1 2.1 0.314 0.251 0.3976 0.4269 0.0058 0.0000 0.002591 -2.384386 -1.9391 0 4.1800 0  -7 52 -60 47 24 3 29 10  0 1 1 1 0 20 0 12.13 
0.025 2 2.10 2.10 2.1 2.1 0.268 0.253 0.4137 0.4562 0.0062 0.0000 0.002591 -2.384415 -1.9391 0 4.1800 0  9 -11 -26 37 34 22 -5 23  0 1 1 1 0 20 0 12.12 
0.026 2 2.10 2.10 2.1 2.1 0.264 0.272 0.4269 0.3787 0.0066 0.0000 0.002591 -2.384454 -1.9391 0 4.1800 0  -20 29 -5 -14 26 11 5 36  0 1 1 1 0 20 0 12.13 
0.027 2 2.10 2.10 2.1 2.1 0.330 0.227 0.4362 0.4317 0.0072 0.0000 0.000000 -2.384492 -1.9391 0 4.1800 0  -11 41 27 10 28 -2 33 22  0 1 1 1 0 20 0 12.12 
0.028 2 2.10 2.10 2.1 2.1 0.290 0.262 0.4667 0.4317 0.0076 0.0000 0.000000 -2.384527 -1.9391 0 4.1800 0  -14 36 28 2 35 42 33 17  0 1 1 1 0 20 0 12.12 
0.029 2 2.10 2.10 2.1 2.1 0.261 0.284 0.4779 0.4779 0.0082 0.0000 0.002591 -2.384565 -1.9391 0 4.1800 0  -23 59 4 -31 -13 -2 -29 4  0 1 1 1 0 20 0 12.12 
0.030 2 2.10 2.10 2.1 2.1 0.295 0.208 0.4562 0.5081 0.0086 0.0000 0.002591 -2.384600 -1.9391 0 4.1800 0  16 24 11 -4 60 18 -3 51  0 1 1 1 0 20 0 12.13 
0.031 2 2.10 2.10 2.1 2.1 0.229 0.234 0.4779 0.5081 0.0090 0.0000 0.002591 -2.384632 -1.9391 0 4.1800 0  -5 17 -18 -5 -4 4 -15 37  0 1 1 1 0 20 0 12.13 
0.032 2 2.10 2.10 2.1 2.1 0.188 0.255 0.5081 0.5281 0.0096 0.0000 0.000000 -2.384665 -1.9391 0 4.1800 0  10 3 -31 -57 -21 -31 -15 -13  0 1 1 1 0 20 0 12.13 
0.033 2 2.10 2.10 2.1 2.1 0.261 0.208 0.4723 0.5281 0.0102 0.0000 0.002591 -2.384700 -1.9391 0 4.1800 0  13 52 -28 -56 3 -17 -18 -9  0 1 1 1 0 20 0 12.11 
0.034 2 2.10 2.10 2.1 2.1 0.314 0.171 0.5020 0.4723 0.0106 0.0000 0.002591 -2.384735 -1.9391 0 4.1800 0  31 47 28 31 9 13 28 -8  0 1 1 1 0 20 0 12.12 
0.035 2 2.10 2.10 2.1 2.1 0.211 0.219 0.4956 0.5281 0.0110 0.0000 0.002591 -2.384769 -1.9391 0 4.1800 0  -7 42 26 -38 23 24 18 45  0 1 1 1 0 20 0 12.12 
0.036 2 2.10 2.10 2.1 2.1 0.233 0.192 0.5498 0.5575 0.0118 0.0000 0.002591 -2.384800 -1.9391 0 4.1800 0  35 57 49 -15 24 0 1 29  0 1 1 1 0 20 0 12.13 
0.037 2 2.10 2.10 2.1 2.1 0.205 0.177 0.5498 0.5281 0.0122 0.0000 0.002591 -2.384826 -1.9391 0 4.1800 0  -56 19 16 -19 42 -28 0 8  0 1 1 1 0 20 0 12.12 
0.038 2 2.10 2.10 2.1 2.1 0.187 0.189 0.5498 0.5655 0.0127 0.0000 0.002591 -2.384858 -1.9391 0 4.1800 0  -32 4 9 -15 -19 1 3 37  0 1 1 1 0 20 0 12.13 
0.039 2 2.10 2.10 2.1 2.1 0.225 0.193 0.5354 0.5735 0.0135 0.0000 0.002591 -2.384902 -1.9391 0 4.1800 0  -30 -10 54 4 -15 -10 -3 -15  0 1 1 1 0 20 0 12.11 
0.040 2 2.10 2.10 2.1 2.1 0.292 0.167 0.5498 0.5655 0.0139 0.0000 0.002591 -2.384950 -1.9391 0 4.1800 0  -37 49 54 1 14 7 35 34  0 1 1 1 0 20 0 12.13 
0.041 2 2.10 2.10 2.1 2.1 0.190 0.230 0.5655 0.4956 0.0145 0.0000 0.000000 -2.384998 -1.9391 0 4.1800 0  -6 50 28 -16 16 -3 -20 -1  0 1 1 1 0 20 0 12.13 
0.042 2 2.10 2.10 2.1 2.1 0.207 0.210 0.5498 0.5820 0.0151 0.0000 0.002591 -2.385050 -1.9391 0 4.1800 0  -32 32 -11 -22 2 4 1 43  0 1 1 1 0 20 0 12.12 
0.043 2 2.10 2.10 2.1 2.1 0.196 0.176 0.5735 0.6177 0.0157 0.0000 0.005182 -2.385105 -1.9391 0 4.1800 0  -21 49 -6 -3 -36 -15 9 -14  0 1 1 1 0 20 0 12.12 
0.044 2 2.10 2.10 2.1 2.1 0.165 0.151 0.5820 0.5655 0.0163 0.0000 0.002591 -2.385156 -1.9391 0 4.1800 0  61 -4 9 5 0 -20 7 13  0 1 1 1 0 20 0 12.13 
0.045 2 2.10 2.10 2.1 2.1 0.184 0.158 0.5655 0.5992 0.0167 0.0000 0.002591 -2.385206 -1.9391 0 4.1800 0  -19 73 42 -2 -19 -14 23 30  0 1 1 1 0 20 0 12.13 
0.046 2 2.10 2.10 2.1 2.1 0.237 0.158 0.5904 0.6177 0.0175 0.0000 0.002591 -2.385258 -1.9391 0 4.1800 0  10 48 39 -6 4 8 25 38  0 1 1 1 0 20 0 12.13 
0.047 2 2.10 2.10 2.1 2.1 0.181 0.164 0.5992 0.5820 0.0179 0.0000 0.002591 -2.385307 -1.9391 0 4.1800 0  26 16 -4 -26 7 -47 4 -6  0 1 1 1 0 20 0 12.11 
0.048 2 2.10 2.10 2.1 2.1 0.143 0.192 0.5904 0.5992 0.0187 0.0000 0.002591 -2.385350 -1.9391 0 4.1800 0  18 49 51 -14 -8 13 56 20  0 1 1 1 0 20 0 12.12 
0.049 2 2.10 2.10 2.1 2.1 0.203 0.135 0.5820 0.6177 0.0191 0.0000 0.002591 -2.385384 -1.9391 0 4.1800 0  2 42 6 -31 42 24 -6 46  0 1 1 1 0 20 0 12.13 
0.050 2 2.10 2.10 2.1 2.1 0.177 0.131 0.6177 0.6273 0.0199 0.0000 0.002591 -2.385411 -1.9391 0 4.1800 0  -12 75 2 -25 -5 -30 53 24  0 1 1 1 0 20 0 12.14 
0.051 2 2.10 2.10 2.1 2.1 0.159 0.165 0.6273 0.6474 0.0205 0.0000 0.005182 -2.385444 -1.9391 0 4.1800 0  -30 3 23 -3 -36 -22 6 -5  0 1 1 1 0 20 0 12.13 
0.052 2 2.10 2.10 2.1 2.1 0.243 0.189 0.6177 0.5992 0.0211 0.0000 0.002591 -2.385472 -1.9391 0 4.1800 0  15 31 17 39 8 15 7 -37  0 1 1 1 0 20 0 12.13 
0.053 2 2.10 2.10 2.1 2.1 0.188 0.185 0.6085 0.6374 0.0217 0.0000 0.005182 -2.385494 -1.9391 0 4.1800 0  -23 19 -10 -8 11 70 22 5  0 1 1 1 0 20 0 12.14 
0.054 2 2.10 2.10 2.1 2.1 0.129 0.165 0.5992 0.6583 0.0223 0.0000 0.002591 -2.385517 -1.9391 0 4.1800 0  -36 51 21 -20 2 1 -2 -8  0 1 1 1 0 20 0 12.15 
0.055 2 2.10 2.10 2.1 2.1 0.200 0.120 0.6177 0.6474 0.0229 0.0000 0.005182 -2.385525 -1.9391 0 4.1800 0  6 80 16 -39 19 -10 -33 40  0 1 1 1 0 20 0 12.12 
0.056 2 2.10 2.10 2.1 2.1 0.183 0.089 0.6374 0.6691 0.0237 0.0001 0.005182 -2.385509 -1.9391 0 4.1800 0  23 46 23 3 18 -23 31 -11  0 1 1 1 0 20 0 12.13 
0.057 2 2.10 2.10 2.1 2.1 0.177 0.158 0.6273 0.5904 0.0241 0.0001 0.005182 -2.385478 -1.9391 0 4.1800 0  -14 67 -20 26 37 -8 35 45  0 1 1 1 0 20 0 12.14 
0.058 2 2.10 2.10 2.1 2.1 0.148 0.114 0.6177 0.6691 0.0249 0.0001 0.005182 -2.385442 -1.9391 0 4.1800 0  -14 28 35 -18 7 1 17 3  0 1 1 1 0 20 0 12.13 
0.059 2 2.10 2.10 2.1 2.1 0.170 0.155 0.6374 0.6924 0.0253 0.0001 0.005182 -2.385400 -1.9391 0 4.1800 0  7 50 49 -2 -15 4 -10 -11  0 1 1 1 0 20 0 12.14 
0.060 2 2.10 2.10 2.1 2.1 0.136 0.181 0.6474 0.6583 0.0261 0.0001 0.005182 -2.385348 -1.9391 0 4.1800 0  2 9 -12 -19 -5 -31 7 16  0 1 1 1 0 20 0 12.13 
0.061 2 2.10 2.10 2.1 2.1 0.112 0.134 0.6085 0.6273 0.0267 0.0001 0.002591 -2.385286 -1.9391 0 4.1800 0  31 37 59 -32 -10 -3 -26 20  0 1 1 1 0 20 0 12.13 
0.062 2 2.10 2.10 2.1 2.1 0.226 0.134 0.6691 0.6583 0.0273 0.0001 0.005182 -2.385225 -1.9391 0 4.1800 0  16 14 -9 23 14 -28 -16 12  0 1 1 1 0 20 0 12.13 
0.063 2 2.10 2.10 2.1 2.1 0.176 0.159 0.6273 0.6804 0.0281 0.0001 0.005182 -2.385171 -1.9391 0 4.1800 0  -28 46 29 -4 -11 26 21 28  0 1 1 1 0 20 0 12.12 
0.064 2 2.10 2.10 2.1 2.1 0.107 0.116 0.6474 0.6273 0.0285 0.0001 0.005182 -2.385107 -1.9391 0 4.1800 0  -21 31 47 -4 41 -19 5 -43  0 1 1 1 0 20 0 12.13 
0.065 2 2.10 2.10 2.1 2.1 0.165 0.101 0.6691 0.6804 0.0293 0.0001 0.005182 -2.385024 -1.9391 0 4.1800 0  -11 -8 5 3 25 -35 31 35  0 1 1 1 0 20 0 12.14 
0.066 2 2.10 2.10 2.1 2.1 0.213 0.135 0.6085 0.6691 0.0301 0.0001 0.005182 -2.384921 -1.9391 0 4.1800 0  -29 14 15 -19 3 -20 8 18  0 1 1 1 0 20 0 12.13 
0.067 2 2.10 2.10 2.1 2.1 0.121 0.097 0.6273 0.6691 0.0305 0.0001 0.005182 -2.384808 -1.9391 0 4.1800 0  -27 63 50 -5 0 -9 26 0  0 1 1 1 0 20 0 12.13 
0.068 2 2.10 2.10 2.1 2.1 0.158 0.071 0.6924 0.6583 0.0313 0.0001 0.005182 -2.384707 -1.9391 0 4.1800 0  -5 24 27 18 21 29 -18 -4  0 1 1 1 0 20 0 12.13 
0.069 2 2.10 2.10 2.1 2.1 0.154 0.139 0.6583 0.6583 0.0321 0.0001 0.005182 -2.384618 -1.9391 0 4.1800 0  21 47 15 15 33 -13 36 -20  0 1 1 1 0 20 0 12.12 
0.070 2 2.10 2.10 2.1 2.1 0.146 0.121 0.6804 0.6924 0.0325 0.0001 0.005182 -2.384531 -1.9391 0 4.1800 0  -21 61 -15 -11 3 26 21 37  0 1 1 1 0 20 0 12.14 
0.071 2 2.10 2.10 2.1 2.1 0.090 0.106 0.6583 0.7169 0.0333 0.0001 0.005182 -2.384448 -1.9391 0 4.1800 0  20 1 15 2 41 40 2 45  0 1 1 1 0 20 0 12.13 
0.072 2 2.10 2.10 2.1 2.1 0.192 0.165 0.6583 0.6924 0.0339 0.0001 0.007773 -2.384374 -1.9391 0 4.1800 0  42 12 40 27 -10 22 23 24  0 1 1 1 0 20 0 12.14 
0.073 2 2.10 2.10 2.1 2.1 0.158 0.187 0.6474 0.7302 0.0347 0.0001 0.007773 -2.384308 -1.9391 0 4.1800 0  -7 31 28 2 27 -35 4 19  0 1 1 1 0 20 0 12.14 
0.074 2 2.10 2.10 2.1 2.1 0.105 0.086 0.6691 0.6691 0.0353 0.0001 0.005182 -2.384248 -1.9391 0 4.1800 0  -16 7 -11 28 -2 24 -18 10  0 1 1 1 0 20 0 12.14 
0.075 2 2.10 2.10 2.1 2.1 0.145 0.071 0.6804 0.6804 0.0359 0.0001 0.007773 -2.384200 -1.9391 0 4.1800 0  16 67 -3 5 8 -18 28 1  0 1 1 1 0 20 0 12.14 
0.076 2 2.10 2.10 2.1 2.1 0.178 0.127 0.6691 0.6804 0.0367 0.0001 0.007773 -2.384172 -1.9391 0 4.1800 0  34 7 8 -18 39 23 36 -30  0 1 1 1 0 20 0 12.14 
0.077 2 2.10 2.10 2.1 2.1 0.143 0.104 0.6924 0.6804 0.0374 0.0001 0.005182 -2.384171 -1.9391 0 4.1800 0  4 74 17 -60 23 -28 15 -15  0 1 1 1 0 20 0 12.13 
0.078 2 2.10 2.10 2.1 2.1 0.097 0.105 0.6474 0.7302 0.0380 0.0001 0.007773 -2.384198 -1.9391 0 4.1800 0  -74 2 -18 -37 24 -40 -6 7  0 1 1 1 0 20 0 12.13 
0.079 2 2.10 2.10 2.1 2.1 0.150 0.131 0.6583 0.7169 0.0388 0.0001 0.007773 -2.384242 -1.9391 0 4.1800 0  27 8 72 -14 13 22 21 -29  0 1 1 1 0 20 0 12.13 
0.080 2 2.10 2.10 2.1 2.1 0.128 0.070 0.6924 0.7302 0.0396 0.0001 0.007773 -2.384298 -1.9391 0 4.1800 0  18 43 18 2 43 13 29 39  0 1 1 1 0 20 0 12.13 
0.081 2 2.10 2.10 2.1 2.1 0.109 0.098 0.7044 0.6691 0.0400 0.0001 0.007773 -2.384375 -1.9391 0 4.1800 0  -2 23 -3 20 -24 3 -31 24  0 1 1 1 0 20 0 12.13 
0.082 2 2.10 2.10 2.1 2.1 0.177 0.122 0.6804 0.7169 0.0408 0.0002 0.007773 -2.384473 -1.9391 0 4.1800 0  -14 29 12 -4 25 25 -1 -18  0 1 1 1 0 20 0 12.14 
0.083 2 2.10 2.10 2.1 2.1 0.145 0.088 0.6804 0.6804 0.0416 0.0002 0.007773 -2.384587 -1.9391 0 4.1800 0  39 42 -11 2 49 59 32 25  0 1 1 1 0 20 0 12.14 
0.084 2 2.10 2.10 2.1 2.1 0.068 0.059 0.6583 0.7169 0.0422 0.0002 0.010364 -2.384714 -1.9391 0 4.1800 0  43 51 -4 -18 -1 32 48 13  0 1 1 1 0 20 0 12.14 
0.085 2 2.10 2.10 2.1 2.1 0.174 0.115 0.6804 0.6474 0.0428 0.0002 0.007773 -2.384855 -1.9391 0 4.1800 0  -36 -11 10 0 10 -19 -5 -3  0 1 1 1 0 20 0 12.13 
0.086 2 2.10 2.10 2.1 2.1 0.170 0.082 0.6924 0.7169 0.0436 0.0002 0.007773 -2.385008 -1.9391 0 4.1800 0  48 -11 9 -14 -14 -20 -36 -18  0 1 1 1 0 20 0 12.16 
0.087 2 2.10 2.10 2.1 2.1 0.101 0.083 0.6583 0.7575 0.0442 0.0002 0.010364 -2.385169 -1.9391 0 4.1800 0  9 32 42 -22 40 29 19 17  0 1 1 1 0 20 0 12.15 
0.088 2 2.10 2.10 2.1 2.1 0.107 0.093 0.6924 0.7169 0.0450 0.0002 0.010364 -2.385325 -1.9391 0 4.1800 0  -3 2 24 47 -21 -3 11 -24  0 1 1 1 0 20 0 12.13 
0.089 2 2.10 2.10 2.1 2.1 0.136 0.037 0.7044 0.7302 0.0458 0.0002 0.010364 -2.385467 -1.9391 0 4.1800 0  -24 20 13 -25 6 -18 45 -11  0 1 1 1 0 20 0 12.14 
0.090 2 2.10 2.10 2.1 2.1 0.143 0.121 0.6924 0.7044 0.0464 0.0002 0.007773 -2.385606 -1.9391 0 4.1800 0  -3 59 10 6 14 -15 7 5  0 1 1 1 0 20 0 12.14 
0.091 2 2.10 2.10 2.1 2.1 0.142 0.131 0.7169 0.7434 0.0470 0.0002 0.010364 -2.385740 -1.9391 0 4.1800 0  -24 50 33 -56 39 7 -21 57  0 1 1 1 0 20 0 12.14 
0.092 2 2.10 2.10 2.1 2.1 0.154 0.084 0.6691 0.7044 0.0478 0.0002 0.010364 -2.385868 -1.9391 0 4.1800 0  -29 15 58 24 16 -16 37 -26  0 1 1 1 0 20 0 12.14 
0.093 2 2.10 2.10 2.1 2.1 0.177 0.110 0.7169 0.6583 0.0486 0.0002 0.010364 -2.385987 -1.9391 0 4.1800 0  3 80 25 -12 43 -3 38 -25  0 1 1 1 0 20 0 12.14 
0.094 2 2.10 2.10 2.1 2.1 0.120 0.093 0.6374 0.7169 0.0490 0.0002 0.010364 -2.386079 -1.9391 0 4.1800 0  -51 29 17 -1 35 -8 -4 9  0 1 1 1 0 20 0 12.14 
0.095 2 2.10 2.10 2.1 2.1 0.111 0.056 0.6804 0.7575 0.0498 0.0002 0.010364 -2.386146 -1.9391 0 4.1800 0  -11 44 16 11 -8 30 52 5  0 1 1 1 0 20 0 12.15 
0.096 2 2.10 2.10 2.1 2.1 0.125 0.089 0.6924 0.7434 0.0506 0.0002 0.010364 -2.386197 -1.9391 0 4.1800 0  73 7 -2 14 10 11 -13 -14  0 1 1 1 0 20 0 12.13 
0.097 2 2.10 2.10 2.1 2.1 0.124 0.036 0.7302 0.7434 0.0514 0.0003 0.010364 -2.386230 -1.9391 0 4.1800 0  18 44 21 -12 -4 -27 25 50  0 1 1 1 0 20 0 12.15 
0.098 2 2.10 2.10 2.1 2.1 0.088 0.036 0.7302 0.7575 0.0522 0.0003 0.010364 -2.386246 -1.9391 0 4.1800 0  38 16 17 -29 -27 -8 13 19  0 1 1 1 0 20 0 12.15 
0.099 2 2.10 2.10 2.1 2.1 0.103 0.126 0.6924 0.6804 0.0526 0.0003 0.010364 -2.386251 -1.9391 0 4.1800 0  -5 22 -30 0 31 22 18 36  0 1 1 1 0 20 0 12.15 
0.100 2 2.10 2.10 2.1 2.1 0.196 0.095 0.7044 0.7434 0.0534 0.0003 0.010364 -2.386244 -1.9391 0 4.1800 0  44 18 4 34 -5 24 9 29  0 1 1 1 0 20 0 12.13 
0.101 2 2.10 2.10 2.1 2.1 0.139 0.115 0.6924 0.7044 0.0542 0.0003 0.010364 -2.386214 -1.9391 0 4.1800 0  -51 71 18 -5 -3 40 0 4  0 1 1 1 0 20 0 12.13 
0.102 2 2.10 2.10 2.1 2.1 0.031 0.063 0.7044 0.7169 0.0550 0.0003 0.010364 -2.386159 -1.9391 0 4.1800 0  14 16 9 33 26 49 11 -4  0 1 1 1 0 20 0 12.12 
0.103 2 2.10 2.10 2.1 2.1 0.105 0.062 0.7169 0.7169 0.0556 0.0003 0.012956 -2.386076 -1.9391 0 4.1800 0  0 34 -15 0 6 -13 27 4  0 1 1 1 0 20 0 12.12 
0.104 2 2.10 2.10 2.1 2.1 0.133 0.112 0.7044 0.7302 0.0562 0.0003 0.010364 -2.385965 -1.9391 0 4.1800 0  41 31 28 -31 31 -54 48 3  0 1 1 1 0 20 0 12.14 
0.105 2 2.10 2.10 2.1 2.1 0.129 0.052 0.7302 0.7575 0.0570 0.0003 0.010364 -2.385842 -1.9391 0 4.1800 0  -9 38 24 -18 -18 11 -19 -13  0 1 1 1 0 20 0 12.12 
0.106 2 2.10 2.10 2.1 2.1 0.099 0.086 0.6924 0.7434 0.0576 0.0003 0.012956 -2.385709 -1.9391 0 4.1800 0  9 2 30 -35 37 10 -9 -3  0 1 1 1 0 20 0 12.12 
0.107 2 2.10 2.10 2.1 2.1 0.146 0.106 0.6924 0.7575 0.0584 0.0003 0.012956 -2.385561 -1.9391 0 4.1800 0  1 16 -8 -18 5 40 46 0  0 1 1 1 0 20 0 12.14 
0.108 2 2.10 2.10 2.1 2.1 0.168 0.085 0.7302 0.7575 0.0592 0.0003 0.012956 -2.385396 -1.9391 0 4.1800 0  41 4 40 50 -12 3 7 28  0 1 1 1 0 20 0 12.13 
0.109 2 2.10 2.10 2.1 2.1 0.149 0.062 0.7044 0.7723 0.0600 0.0004 0.012956 -2.385215 -1.9391 0 4.1800 0  20 26 44 -41 46 -18 14 -6  0 1 1 1 0 20 0 12.12 
0.110 2 2.10 2.10 2.1 2.1 0.093 0.117 0.7044 0.7044 0.0606 0.0004 0.010364 -2.385013 -1.9391 0 4.1800 0  -27 70 44 -13 -30 0 38 -3  0 1 1 1 0 20 0 12.13 
0.111 2 2.10 2.10 2.1 2.1 0.136 0.063 0.7169 0.7302 0.0612 0.0004 0.012956 -2.384788 -1.9391 0 4.1800 0  -42 11 35 14 -4 8 30 -18  0 1 1 1 0 20 0 12.13 
0.112 2 2.10 2.10 2.1 2.1 0.110 0.105 0.7169 0.6804 0.0620 0.0004 0.012956 -2.384538 -1.9391 0 4.1800 0  31 58 6 17 50 -8 6 -24  0 1 1 1 0 20 0 12.12 
0.113 2 2.10 2.10 2.1 2.1 0.131 0.102 0.7169 0.7575 0.0629 0.0004 0.012956 -2.384278 -1.9391 0 4.1800 0  -39 18 14 10 -5 4 11 26  0 1 1 1 0 20 0 12.13 
0.114 2 2.10 2.10 2.1 2.1 0.086 0.071 0.7169 0.6177 0.0637 0.0004 0.012956 -2.384027 -1.9391 0 4.1800 0  6 -9 48 27 -2 -51 12 -13  0 1 1 1 0 20 0 12.14 
0.115 2 2.10 2.10 2.1 2.1 0.117 0.086 0.6924 0.7302 0.0641 0.0004 0.012956 -2.383778 -1.9391 0 4.1800 0  1 27 -11 -49 -18 -20 29 0  0 1 1 1 0 20 0 12.15 
0.116 2 2.10 2.10 2.1 2.1 0.115 0.081 0.7169 0.7434 0.0649 0.0004 0.012956 -2.383518 -1.9391 0 4.1800 0  -52 20 3 21 23 -12 16 9  0 1 1 1 0 20 0 12.13 
0.117 2 2.10 2.10 2.1 2.1 0.081 0.091 0.6924 0.7723 0.0657 0.0004 0.012956 -2.383255 -1.9391 0 4.1800 0  17 36 41 -4 25 -16 14 35  0 1 1 1 0 20 0 12.13 
0.118 2 2.10 2.10 2.1 2.1 0.177 0.132 0.7434 0.7723 0.0665 0.0004 0.012956 -2.383004 -1.9391 0 4.1800 0  -26 47 26 -6 22 29 -17 -42  0 1 1 1 0 20 0 12.14 
0.119 2 2.10 2.10 2.1 2.1 0.142 0.080 0.7434 0.7575 0.0671 0.0004 0.015547 -2.382769 -1.9391 0 4.1800 0  -30 14 56 -49 -16 -6 3 1  0 1 1 1 0 20 0 12.15 
0.120 2 2.10 2.10 2.1 2.1 0.066 0.032 0.7169 0.6691 0.0677 0.0005 0.012956 -2.382547 -1.9391 0 4.1800 0  30 66 3 -20 25 -22 39 -9  0 1 1 1 0 20 0 12.15 
0.121 2 2.10 2.10 2.1 2.1 0.105 0.105 0.7434 0.7302 0.0685 0.0005 0.012956 -2.382331 -1.9391 0 4.1800 0  20 31 -5 46 20 59 5 -30  0 1 1 1 0 20 0 12.15 
0.122 2 2.10 2.10 2.1 2.1 0.134 0.082 0.7044 0.7169 0.0693 0.0005 0.012956 -2.382126 -1.9391 0 4.1800 0  6 18 12 3 22 24 38 41  0 1 1 1 0 20 0 12.14 
0.123 2 2.10 2.10 2.1 2.1 0.059 0.063 0.6924 0.7169 0.0699 0.0005 0.015547 -2.381948 -1.9391 0 4.1800 0  13 42 13 -37 23 16 -25 -25  0 1 1 1 0 20 0 12.14 
0.124 2 2.10 2.10 2.1 2.1 0.108 0.097 0.7575 0.7434 0.0707 0.0005 0.015547 -2.381799 -1.9391 0 4.1800 0  -12 26 13 13 25 -6 29 5  0 1 1 1 0 20 0 12.14 
0.125 2 2.10 2.10 2.1 2.1 0.086 0.088 0.7434 0.6474 0.0713 0.0005 0.012956 -2.381670 -1.9391 0 4.1800 0  26 47 32 -13 14 4 0 39  0 1 1 1 0 20 0 12.15 
0.126 2 2.10 2.10 2.1 2.1 0.075 0.074 0.7044 0.7434 0.0721 0.0005 0.012956 -2.381562 -1.9391 0 4.1800 0  -19 42 18 -19 36 22 13 9  0 1 1 1 0 20 0 12.13 
0.127 2 2.10 2.10 2.1 2.1 0.117 0.093 0.7169 0.7872 0.0729 0.0005 0.012956 -2.381474 -1.9391 0 4.1800 0  11 -2 -19 10 -14 -2 46 3  0 1 1 1 0 20 0 12.15 
0.128 2 2.10 2.10 2.1 2.1 0.164 0.058 0.7302 0.7575 0.0735 0.0005 0.015547 -2.381408 -1.9391 0 4.1800 0  2 47 10 -16 35 -4 19 37  0 1 1 1 0 20 0 12.14 
0.129 2 2.10 2.10 2.1 2.1 0.124 0.078 0.7302 0.7575 0.0743 0.0005 0.015547 -2.381360 -1.9391 0 4.1800 0  33 -16 3 3 -9 31 1 -40  0 1 1 1 0 20 0 12.14 
0.130 2 2.10 2.10 2.1 2.1 0.095 0.108 0.7302 0.7575 0.0751 0.0006 0.015547 -2.381331 -1.9391 0 4.1800 0  -19 50 -2 -35 -8 -40 13 -25  0 1 1 1 0 20 0 12.13 
0.131 2 2.10 2.10 2.1 2.1 0.139 0.085 0.7302 0.7575 0.0759 0.0006 0.015547 -2.381329 -1.9391 0 4.1800 0  -8 41 14 -14 9 -10 -29 -58  0 1 1 1 0 20 0 12.14 
0.132 2 2.10 2.10 2.1 2.1 0.132 0.046 0.7434 0.7044 0.0765 0.0006 0.012956 -2.381350 -1.9391 0 4.1800 0  29 44 20 9 24 72 -35 -11  0 1 1 1 0 20 0 12.15 
0.133 2 2.10 2.10 2.1 2.1 0.051 0.061 0.7044 0.7302 0.0771 0.0006 0.015547 -2.381387 -1.9391 0 4.1800 0  31 -2 1 -7 19 -12 -14 15  0 1 1 1 0 20 0 12.14 
0.134 2 2.10 2.10 2.1 2.1 0.118 0.090 0.7044 0.7044 0.0779 0.0006 0.015547 -2.381435 -1.9391 0 4.1800 0  1 31 23 -12 21 -26 52 -40  0 1 1 1 0 20 0 12.15 
0.135 2 2.10 2.10 2.1 2.1 0.089 0.139 0.7434 0.7434 0.0787 0.0006 0.015547 -2.381488 -1.9391 0 4.1800 0  13 26 5 -44 18 -22 -13 0  0 1 1 1 0 20 0 12.14 
0.136 2 2.10 2.10 2.1 2.1 0.110 0.089 0.7044 0.7044 0.0795 0.0006 0.015547 -2.381554 -1.9391 0 4.1800 0  -39 50 27 -19 49 56 13 35  0 1 1 1 0 20 0 12.14 
0.137 2 2.10 2.10 2.1 2.1 0.134 0.039 0.7169 0.7575 0.0799 0.0006 0.015547 -2.381643 -1.9391 0 4.1800 0  -11 77 31 -30 38 34 -16 -2  0 1 1 1 0 20 0 12.16 
0.138 2 2.10 2.10 2.1 2.1 0.099 0.066 0.7302 0.7723 0.0807 0.0006 0.015547 -2.381736 -1.9391 0 4.1800 0  8 51 15 3 73 15 31 51  0 1 1 1 0 20 0 12.14 
0.139 2 2.10 2.10 2.1 2.1 0.083 0.106 0.7169 0.7434 0.0815 0.0007 0.015547 -2.381828 -1.9391 0 4.1800 0  26 47 38 15 -24 2 -14 11  0 1 1 1 0 20 0 12.14 
0.140 2 2.10 2.10 2.1 2.1 0.105 0.068 0.7302 0.7723 0.0823 0.0007 0.015547 -2.381937 -1.9391 0 4.1800 0  -4 62 34 -39 14 -15 47 49  0 1 1 1 0 20 0 12.14 
0.141 2 2.10 2.10 2.1 2.1 0.120 0.112 0.7302 0.7302 0.0831 0.0007 0.015547 -2.382060 -1.9391 0 4.1800 0  -74 11 12 7 22 -50 2 -12  0 1 1 1 0 20 0 12.11 
0.142 2 2.10 2.10 2.1 2.1 0.049 0.064 0.7044 0.7044 0.0837 0.0007 0.018138 -2.382178 -1.9391 0 4.1800 0  10 43 11 2 2 16 18 -37  0 1 1 1 0 20 0 12.14 
0.143 2 2.10 2.10 2.1 2.1 0.138 0.072 0.7302 0.7302 0.0843 0.0007 0.015547 -2.382281 -1.9391 0 4.1800 0  -16 51 30 -3 34 43 26 15  0 1 1 1 0 20 0 12.14 
0.144 2 2.10 2.10 2.1 2.1 0.134 0.086 0.6924 0.7575 0.0851 0.0007 0.015547 -2.382377 -1.9391 0 4.1800 0  -20 46 11 -5 42 18 18 -9  0 1 1 1 0 20 0 12.14 
0.145 2 2.10 2.10 2.1 2.1 0.140 0.069 0.7434 0.7169 0.0859 0.0007 0.015547 -2.382473 -1.9391 0 4.1800 0  9 23 -10 -51 -4 -9 2 35  0 1 1 1 0 20 0 12.13 
0.146 2 2.10 2.10 2.1 2.1 0.084 0.008 0.6804 0.6804 0.0865 0.0007 0.018138 -2.382568 -1.9391 0 4.1800 0  25 21 7 -18 16 -17 43 47  0 1 1 1 0 20 0 12.14 
0.147 2 2.10 2.10 2.1 2.1 0.137 0.082 0.7169 0.7302 0.0873 0.0008 0.018138 -2.382648 -1.9391 0 4.1800 0  -7 51 47 11 17 -6 21 29  0 1 1 1 0 20 0 12.15 
0.148 2 2.10 2.10 2.1 2.1 0.098 0.063 0.7434 0.7434 0.0880 0.0008 0.015547 -2.382714 -1.9391 0 4.1800 0  36 19 39 -20 -17 37 23 -27  0 1 1 1 0 20 0 12.14 
0.149 2 2.10 2.10 2.1 2.1 0.073 0.037 0.7044 0.7575 0.0888 0.0008 0.015547 -2.382784 -1.9391 0 4.1800 0  50 3 11 45 30 32 19 32  0 1 1 1 0 20 0 12.13 
0.150 2 2.10 2.10 2.1 2.1 0.156 0.090 0.7169 0.7575 0.0896 0.0008 0.015547 -2.382856 -1.9391 0 4.1800 0  52 58 29 19 19 2 15 -36  0 1 1 1 0 20 0 12.14 
0.151 2 2.10 2.10 2.1 2.1 0.103 0.072 0.7575 0.7723 0.0904 0.0008 0.015547 -2.382915 -1.9391 0 4.1800 0  -33 34 11 -28 -20 -8 -9 -47  0 1 1 1 0 20 0 12.13 
0.152 2 2.10 2.10 2.1 2.1 0.046 0.089 0.7434 0.7434 0.0910 0.0008 0.018138 -2.382968 -1.9391 0 4.1800 0  -5 72 33 -43 14 8 -5 -7  0 1 1 1 0 20 0 12.13 
0.153 2 2.10 2.10 2.1 2.1 0.096 0.103 0.7044 0.7723 0.0918 0.0008 0.018138 -2.383022 -1.9391 0 4.1800 0  5 56 36 2 43 9 27 31  0 1 1 1 0 20 0 12.13 
0.154 2 2.10 2.10 2.1 2.1 0.162 0.067 0.7169 0.7169 0.0924 0.0008 0.015547 -2.383066 -1.9391 0 4.1800 0  -22 45 27 6 44 29 12 11  0 1 1 1 0 20 0 12.15 
0.155 2 2.10 2.10 2.1 2.1 0.084 0.017 0.7044 0.7302 0.0932 0.0008 0.015547 -2.383097 -1.9391 0 4.1800 0  -63 17 3 -11 -4 21 11 40  0 1 1 1 0 20 0 12.17 
0.156 2 2.10 2.10 2.1 2.1 0.064 0.080 0.7169 0.7169 0.0938 0.0009 0.018138 -2.383113 -1.9391 0 4.1800 0  -37 45 -13 -59 10 4 3 80  0 1 1 1 0 20 0 12.16 
0.157 2 2.10 2.10 2.1 2.1 0.124 0.093 0.7302 0.7302 0.0946 0.0009 0.018138 -2.383115 -1.9391 0 4.1800 0  34 61 3 5 8 -5 16 44  0 1 1 1 0 20 0 12.15 
0.158 2 2.10 2.10 2.1 2.1 0.139 0.056 0.7169 0.7044 0.0954 0.0009 0.018138 -2.383116 -1.9391 0 4.1800 0  -26 37 29 -58 9 39 -23 59  0 1 1 1 0 20 0 12.14 
0.159 2 2.10 2.10 2.1 2.1 0.077 0.088 0.7302 0.7434 0.0962 0.0009 0.018138 -2.383115 -1.9391 0 4.1800 0  21 24 13 -7 30 -5 -7 -11  0 1 1 1 0 20 0 12.14 
0.160 2 2.10 2.10 2.1 2.1 0.092 0.101 0.7169 0.7575 0.0968 0.0009 0.015547 -2.383100 -1.9391 0 4.1800 0  -5 -1 -41 -48 -14 -41 3 0  0 1 1 1 0 20 0 12.14 
0.161 2 2.10 2.10 2.1 2.1 0.124 0.113 0.7044 0.7575 0.0974 0.0009 0.018138 -2.383070 -1.9391 0 4.1800 0  34 20 44 25 59 16 -4 45  0 1 1 1 0 20 0 12.15 
0.162 2 2.10 2.10 2.1 2.1 0.120 0.084 0.7434 0.7723 0.0982 0.0009 0.018138 -2.383035 -1.9391 0 4.1800 0  -12 26 2 -38 7 -25 9 -18  0 1 1 1 0 20 0 12.15 
0.163 2 2.10 2.10 2.1 2.1 0.129 0.085 0.7044 0.7575 0.0990 0.0009 0.018138 -2.382996 -1.9391 0 4.1800 0  13 50 25 3 -4 -20 8 23  0 1 1 1 0 20 0 12.13 
0.164 2 2.10 2.10 2.1 2.1 0.168 0.041 0.7169 0.7723 0.0998 0.0010 0.018138 -2.382942 -1.9391 0 4.1800 0  20 4 31 -42 -7 -38 0 -1  0 1 1 1 0 20 0 12.14 
0.165 2 2.10 2.10 2.1 2.1 0.124 0.056 0.7302 0.7434 0.1004 0.0010 0.020729 -2.382870 -1.9391 0 4.1800 0  41 72 55 -35 50 10 48 48  0 1 1 1 0 20 0 12.14 
0.166 2 2.10 2.10 2.1 2.1 0.070 0.117 0.7169 0.7872 0.1012 0.0010 0.020729 -2.382787 -1.9391 0 4.1800 0  15 36 23 2 16 -3 -22 38  0 1 1 1 0 20 0 12.13 
0.167 2 2.10 2.10 2.1 2.1 0.157 0.048 0.7302 0.6924 0.1018 0.0010 0.018138 -2.382706 -1.9391 0 4.1800 0  -11 23 6 -27 -7 6 34 -9  0 1 1 1 0 20 0 12.14 
0.168 2 2.10 2.10 2.1 2.1 0.158 0.034 0.7302 0.7044 0.1026 0.0010 0.018138 -2.382622 -1.9391 0 4.1800 0  10 -1 2 9 9 13 -24 -1  0 1 1 1 0 20 0 12.12 
0.169 2 2.10 2.10 2.1 2.1 0.047 0.105 0.7169 0.7169 0.1034 0.0010 0.018138 -2.382527 -1.9391 0 4.1800 0  16 -8 21 23 20 13 56 0  0 1 1 1 0 20 0 12.14 
0.170 2 2.10 2.10 2.1 2.1 0.111 0.135 0.7169 0.7434 0.1040 0.0010 0.020729 -2.382429 -1.9391 0 4.1800 0  -10 -10 11 37 50 -10 27 -10  0 1 1 1 0 20 0 12.16 
0.171 2 2.10 2.10 2.1 2.1 0.126 0.064 0.6804 0.7169 0.1048 0.0011 0.020729 -2.382335 -1.9391 0 4.1800 0  32 12 28 -8 3 44 6 8  0 1 1 1 0 20 0 12.15 
0.172 2 2.10 2.10 2.1 2.1 0.134 0.092 0.7434 0.7169 0.1054 0.0011 0.018138 -2.382242 -1.9391 0 4.1800 0  -43 35 -2 -57 13 9 3 -20  0 1 1 1 0 20 0 12.16 
0.173 2 2.10 2.10 2.1 2.1 0.130 0.088 0.6924 0.7044 0.1062 0.0011 0.018138 -2.382146 -1.9391 0 4.1800 0  -7 39 1 -11 11 14 25 4  0 1 1 1 0 20 0 12.15 
0.174 2 2.10 2.10 2.1 2.1 0.124 0.068 0.7169 0.7575 0.1068 0.0011 0.020729 -2.382044 -1.9391 0 4.1800 0  6 87 -23 -31 50 -16 43 20  0 1 1 1 0 20 0 12.13 
0.175 2 2.10 2.10 2.1 2.1 0.088 0.045 0.7434 0.7575 0.1076 0.0011 0.020729 -2.381949 -1.9391 0 4.1800 0  -38 17 7 -1 34 44 8 59  0 1 1 1 0 20 0 12.15 
0.176 2 2.10 2.10 2.1 2.1 0.151 0.079 0.7044 0.7575 0.1084 0.0011 0.020729 -2.381867 -1.9391 0 4.1800 0  46 8 40 9 27 33 28 49  0 1 1 1 0 20 0 12.15 
0.177 2 2.10 2.10 2.1 2.1 0.125 0.045 0.7169 0.7723 0.1092 0.0011 0.020729 -2.381790 -1.9391 0 4.1800 0  23 61 -19 3 20 19 -11 24  0 1 1 1 0 20 0 12.15 
0.178 2 2.10 2.10 2.1 2.1 0.120 0.084 0.7434 0.6924 0.1098 0.0012 0.018138 -2.381720 -1.9391 0 4.1800 0  51 47 -28 -44 17 0 11 20  0 1 1 1 0 20 0 12.14 
0.179 2 2.10 2.10 2.1 2.1 0.083 0.109 0.7434 0.7575 0.1104 0.0012 0.020729 -2.381661 -1.9391 0 4.1800 0  -8 34 28 -11 -24 -4 43 -37  0 1 1 1 0 20 0 12.15 
0.180 2 2.10 2.10 2.1 2.1 0.123 0.071 0.7169 0.7169 0.1112 0.0012 0.020729 -2.381618 -1.9391 0 4.1800 0  5 22 2 -49 -24 -15 33 -2  0 1 1 1 0 20 0 12.14 
0.181 2 2.10 2.10 2.1 2.1 0.180 0.039 0.7169 0.7302 0.1120 0.0012 0.020729 -2.381591 -1.9391 0 4.1800 0  -23 70 -6 21 -16 -20 -23 43  0 1 1 1 0 20 0 12.12 
0.182 2 2.10 2.10 2.1 2.1 0.099 0.092 0.7044 0.7169 0.1128 0.0012 0.020729 -2.381564 -1.9391 0 4.1800 0  30 29 22 4 -21 14 26 -32  0 1 1 1 0 20 0 12.14 
0.183 2 2.10 2.10 2.1 2.1 0.152 0.104 0.7044 0.7434 0.1137 0.0012 0.020729 -2.381536 -1.9391 0 4.1800 0  -19 -3 5 -15 12 -1 39 -28  0 1 1 1 0 20 0 12.13 
0.184 2 2.10 2.10 2.1 2.1 0.116 0.064 0.7302 0.7044 0.1141 0.0012 0.020729 -2.381527 -1.9391 0 4.1800 0  14 15 72 -18 24 16 56 37  0 1 1 1 0 20 0 12.15 
0.185 2 2.10 2.10 2.1 2.1 0.123 0.082 0.7169 0.7575 0.1149 0.0013 0.020729 -2.381544 -1.9391 0 4.1800 0  13 55 7 -23 12 20 17 -60  0 1 1 1 0 20 0 12.14 
0.186 2 2.10 2.10 2.1 2.1 0.162 0.100 0.7302 0.7723 0.1157 0.0013 0.020729 -2.381576 -1.9391 0 4.1800 0  -19 34 1 6 21 36 22 -16  0 1 1 1 0 20 0 12.16 
0.187 2 2.10 2.10 2.1 2.1 0.101 0.085 0.7169 0.7434 0.1165 0.0013 0.020729 -2.381618 -1.9391 0 4.1800 0  8 -18 22 -41 -6 50 37 18  0 1 1 1 0 20 0 12.14 
0.188 2 2.10 2.10 2.1 2.1 0.032 0.074 0.7044 0.7723 0.1171 0.0013 0.023320 -2.381669 -1.9391 0 4.1800 0  -15 54 41 -29 48 -1 10 18  0 1 1 1 0 20 0 12.14 
0.189 2 2.10 2.10 2.1 2.1 0.142 0.085 0.7434 0.7575 0.1179 0.0013 0.023320 -2.381728 -1.9391 0 4.1800 0  46 10 29 -18 -12 -16 -25 -17  0 1 1 1 0 20 0 12.13 
0.190 2 2.10 2.10 2.1 2.1 0.156 0.042 0.7169 0.7723 0.1187 0.0013 0.023320 -2.381794 -1.9391 0 4.1800 0  24 74 17 12 13 -12 16 2  0 1 1 1 0 20 0 12.14 
0.191 2 2.10 2.10 2.1 2.1 0.053 0.070 0.7169 0.6924 0.1193 0.0014 0.020729 -2.381864 -1.9391 0 4.1800 0  35 9 22 -32 3 37 -4 -8  0 1 1 1 0 20 0 12.15 
0.192 2 2.10 2.10 2.1 2.1 0.133 0.097 0.6924 0.7575 0.1199 0.0014 0.023320 -2.381948 -1.9391 0 4.1800 0  7 11 3 -28 15 -42 28 -7  0 1 1 1 0 20 0 12.15 
0.193 2 2.10 2.10 2.1 2.1 0.105 0.052 0.7302 0.6924 0.1207 0.0014 0.023320 -2.382045 -1.9391 0 4.1800 0  16 -1 18 -38 -20 -14 15 -5  0 1 1 1 0 20 0 12.14 
0.194 2 2.10 2.10 2.1 2.1 0.091 0.029 0.7302 0.7044 0.1215 0.0014 0.023320 -2.382144 -1.9391 0 4.1800 0  32 36 47 -30 34 -20 -5 6  0 1 1 1 0 20 0 12.13 
0.195 2 2.10 2.10 2.1 2.1 0.131 0.083 0.7302 0.7302 0.1223 0.0014 0.023320 -2.382236 -1.9391 0 4.1800 0  19 -8 51 27 42 2 35 50  0 1 1 1 0 20 0 12.14 
0.196 2 2.10 2.10 2.1 2.1 0.108 0.101 0.7169 0.7723 0.1231 0.0014 0.023320 -2.382329 -1.9391 0 4.1800 0  -11 72 13 -42 50 -30 52 16  0 1 1 1 0 20 0 12.13 
0.197 2 2.10 2.10 2.1 2.1 0.035 0.064 0.7302 0.7872 0.1237 0.0015 0.025911 -2.382424 -1.9391 0 4.1800 0  14 0 -18 -29 -3 3 3 34  0 1 1 1 0 20 0 12.14 
0.198 2 2.10 2.10 2.1 2.1 0.112 0.057 0.6924 0.7723 0.1243 0.0015 0.023320 -2.382519 -1.9391 0 4.1800 0  0 15 7 20 80 -2 23 25  0 1 1 1 0 20 0 12.14 
0.199 2 2.10 2.10 2.1 2.1 0.128 0.092 0.7575 0.7434 0.1251 0.0015 0.023320 -2.382613 -1.9391 0 4.1800 0  -15 -4 -22 -7 15 15 -12 -1  0 1 1 1 0 20 0 12.13 
0.200 4 4.10 4.10 4.1 4.1 0.150 0.109 0.7044 0.7723 0.1259 0.0015 0.023320 -2.382696 -1.9391 0 4.1800 0  -32 65 32 8 16 42 12 62  0 1 1 1 0 20 0 12.15 
0.201 4 4.10 4.10 4.1 4.1 0.296 0.258 0.7575 0.7575 0.1267 0.0015 0.023320 -2.382772 -1.9391 0 4.1800 0  -55 2 47 -28 -2 -5 -1 -19  0 1 1 1 0 20 0 12.07 
0.202 4 4.10 4.10 4.1 4.1 0.382 0.385 0.7575 0.7575 0.1273 0.0015 0.025911 -2.382847 -1.9391 0 4.1800 0  2 -12 49 47 41 18 -2 17  0 1 1 1 0 20 0 12.02 
0.203 4 4.10 4.10 4.1 4.1 0.595 0.474 0.7434 0.8032 0.1281 0.0016 0.025911 -2.382912 -1.9391 0 4.1800 0  23 -3 27 8 18 19 30 28  0 1 1 1 0 20 0 11.98 
0.204 4 4.10 4.10 4.1 4.1 0.511 0.611 0.7723 0.7723 0.1289 0.0016 0.025911 -2.382968 -1.9391 0 4.1800 0  17 -25 -12 -29 0 1 2 -7  0 1 1 1 0 20 0 11.96 
0.205 4 4.10 4.10 4.1 4.1 0.533 0.584 0.8193 0.8366 0.1297 0.0016 0.025911 -2.383013 -1.9391 0 4.1800 0  12 53 11 10 20 -36 -4 22  0 1 1 1 0 20 0 11.98 
0.206 4 4.10 4.10 4.1 4.1 0.537 0.527 0.8543 0.8366 0.1305 0.0016 0.025911 -2.383050 -1.9391 0 4.1800 0  32 55 26 38 18 34 20 61  0 1 1 1 0 20 0 11.98 
0.207 4 4.10 4.10 4.1 4.1 0.620 0.504 0.8543 0.8727 0.1315 0.0017 0.023320 -2.383071 -1.9391 0 4.1800 0  -18 -10 20 -6 13 18 4 -10  0 1 1 1 0 20 0 11.97 
0.208 4 4.10 4.10 4.1 4.1 0.542 0.495 0.8727 0.9125 0.1323 0.0017 0.023320 -2.383073 -1.9391 0 4.1800 0  6 -9 14 -3 43 23 -16 10  0 1 1 1 0 20 0 11.99 
0.209 4 4.10 4.10 4.1 4.1 0.486 0.494 0.8924 0.9125 0.1333 0.0017 0.025911 -2.383067 -1.9391 0 4.1800 0  -24 30 34 57 10 16 2 -23  0 1 1 1 0 20 0 11.98 
0.210 4 4.10 4.10 4.1 4.1 0.481 0.496 0.9125 0.9559 0.1341 0.0017 0.025911 -2.383055 -1.9391 0 4.1800 0  -18 46 32 33 -10 15 1 19  0 1 1 1 0 20 0 12.01 
0.211 4 4.10 4.10 4.1 4.1 0.480 0.534 0.9559 0.9796 0.1353 0.0018 0.025911 -2.383039 -1.9391 0 4.1800 0  25 -31 19 -22 36 4 12 63  0 1 1 1 0 20 0 12.01 
0.212 4 4.10 4.10 4.1 4.1 0.422 0.461 0.9559 1.0298 0.1361 0.0018 0.025911 -2.383016 -1.9391 0 4.1800 0  -7 25 -2 24 38 -19 0 17  0 1 1 1 0 20 0 12.00 
0.213 4 4.10 4.10 4.1 4.1 0.411 0.442 0.9796 1.0298 0.1371 0.0018 0.028502 -2.382990 -1.9391 0 4.1800 0  7 54 33 -21 -18 13 -17 19  0 1 1 1 0 20 0 12.02 
0.214 4 4.10 4.10 4.1 4.1 0.475 0.443 1.0298 1.0041 0.1381 0.0018 0.025911 -2.382946 -1.9391 0 4.1800 0  16 62 21 19 28 25 26 34  0 1 1 1 0 20 0 12.02 
0.215 4 4.10 4.10 4.1 4.1 0.439 0.428 1.0298 1.0852 0.1391 0.0019 0.028502 -2.382888 -1.9391 0 4.1800 0  -17 35 40 7 55 -7 45 53  0 1 1 1 0 20 0 12.03 
0.216 4 4.10 4.10 4.1 4.1 0.416 0.367 1.0567 1.0567 0.1401 0.0019 0.025911 -2.382833 -1.9391 0 4.1800 0  23 13 9 30 41 -18 25 48  0 1 1 1 0 20 0 12.02 
0.217 4 4.10 4.10 4.1 4.1 0.396 0.405 1.0567 1.0852 0.1414 0.0019 0.025911 -2.382778 -1.9391 0 4.1800 0  4 35 46 21 29 14 -12 -19  0 1 1 1 0 20 0 12.03 
0.218 4 4.10 4.10 4.1 4.1 0.357 0.374 1.0567 1.1474 0.1424 0.0019 0.028502 -2.382722 -1.9391 0 4.1800 0  -4 23 6 14 13 13 26 45  0 1 1 1 0 20 0 12.04 
0.219 4 4.10 4.10 4.1 4.1 0.377 0.331 1.0852 0.9125 0.1436 0.0020 0.028502 -2.382672 -1.9391 0 4.1800 0  -12 -12 16 24 53 7 6 6  0 1 1 1 0 20 0 12.04 
0.220 4 4.10 4.10 4.1 4.1 0.394 0.369 1.1153 1.1153 0.1446 0.0020 0.025911 -2.382627 -1.9391 0 4.1800 0  -2 -6 22 -14 7 57 16 26  0 1 1 1 0 20 0 12.05 
0.221 4 4.10 4.10 4.1 4.1 0.339 0.351 1.0852 1.1474 0.1456 0.0020 0.028502 -2.382570 -1.9391 0 4.1800 0  24 32 -38 -9 23 0 7 18  0 1 1 1 0 20 0 12.06 
0.222 4 4.10 4.10 4.1 4.1 0.349 0.322 1.1474 1.1812 0.1468 0.0021 0.028502 -2.382499 -1.9391 0 4.1800 0  15 13 -10 -8 30 2 9 26  0 1 1 1 0 20 0 12.06 
0.223 4 4.10 4.10 4.1 4.1 0.419 0.387 1.1474 1.2169 0.1480 0.0021 0.028502 -2.382439 -1.9391 0 4.1800 0  -22 19 4 0 13 -2 8 11  0 1 1 1 0 20 0 12.05 
0.224 4 4.10 4.10 4.1 4.1 0.344 0.358 1.2169 1.2169 0.1492 0.0021 0.028502 -2.382396 -1.9391 0 4.1800 0  -59 35 18 14 35 26 49 2  0 1 1 1 0 20 0 12.05 
0.225 4 4.10 4.10 4.1 4.1 0.306 0.286 1.1812 1.2551 0.1504 0.0022 0.028502 -2.382369 -1.9391 0 4.1800 0  -24 69 3 -7 54 1 45 63  0 1 1 1 0 20 0 12.05 
0.226 4 4.10 4.10 4.1 4.1 0.405 0.296 1.1812 1.2551 0.1514 0.0022 0.031093 -2.382355 -1.9391 0 4.1800 0  -49 3 6 12 9 0 32 -25  0 1 1 1 0 20 0 12.05 
0.227 4 4.10 4.10 4.1 4.1 0.364 0.329 1.2169 1.2952 0.1526 0.0022 0.031093 -2.382343 -1.9391 0 4.1800 0  -16 24 30 24 8 27 6 19  0 1 1 1 0 20 0 12.06 
0.228 4 4.10 4.10 4.1 4.1 0.299 0.287 1.1812 1.2952 0.1538 0.0023 0.031093 -2.382329 -1.9391 0 4.1800 0  -36 23 0 15 24 -6 -3 22  0 1 1 1 0 20 0 12.04 
0.229 4 4.10 4.10 4.1 4.1 0.321 0.283 1.2169 1.3386 0.1550 0.0023 0.031093 -2.382324 -1.9391 0 4.1800 0  -13 9 29 -19 3 8 21 27  0 1 1 1 0 20 0 12.05 
0.230 4 4.10 4.10 4.1 4.1 0.298 0.268 1.2169 1.3386 0.1562 0.0023 0.031093 -2.382337 -1.9391 0 4.1800 0  -12 55 1 0 46 18 -45 55  0 1 1 1 0 20 0 12.07 
0.231 4 4.10 4.10 4.1 4.1 0.286 0.250 1.2551 1.2952 0.1574 0.0024 0.031093 -2.382366 -1.9391 0 4.1800 0  -17 14 1 5 -10 9 -43 37  0 1 1 1 0 20 0 12.06 
0.232 4 4.10 4.10 4.1 4.1 0.257 0.231 1.2551 1.2551 0.1586 0.0024 0.031093 -2.382407 -1.9391 0 4.1800 0  28 -3 42 -21 9 4 14 18  0 1 1 1 0 20 0 12.07 
0.233 4 4.10 4.10 4.1 4.1 0.314 0.283 1.2551 1.2952 0.1598 0.0025 0.031093 -2.382456 -1.9391 0 4.1800 0  -31 16 53 20 6 0 31 29  0 1 1 1 0 20 0 12.05 
0.234 4 4.10 4.10 4.1 4.1 0.256 0.271 1.2551 1.3848 0.1612 0.0025 0.033685 -2.382512 -1.9391 0 4.1800 0  22 25 9 2 56 4 17 19  0 1 1 1 0 20 0 12.07 
0.235 4 4.10 4.10 4.1 4.1 0.235 0.238 1.2551 1.2952 0.1624 0.0025 0.033685 -2.382571 -1.9391 0 4.1800 0  -19 66 65 -13 -20 -34 -2 -6  0 1 1 1 0 20 0 12.07 
0.236 4 4.10 4.10 4.1 4.1 0.210 0.249 1.2169 1.3848 0.1636 0.0026 0.033685 -2.382635 -1.9391 0 4.1800 0  -42 5 32 -41 -1 28 48 26  0 1 1 1 0 20 0 12.06 
0.237 4 4.10 4.10 4.1 4.1 0.287 0.230 1.2952 1.3386 0.1648 0.0026 0.033685 -2.382711 -1.9391 0 4.1800 0  24 62 24 -6 26 29 47 34  0 1 1 1 0 20 0 12.08 
0.238 4 4.10 4.10 4.1 4.1 0.292 0.246 1.2952 1.2952 0.1662 0.0027 0.031093 -2.382791 -1.9391 0 4.1800 0  -22 49 8 7 21 18 12 -22  0 1 1 1 0 20 0 12.07 
0.239 4 4.10 4.10 4.1 4.1 0.284 0.256 1.2952 1.4342 0.1674 0.0027 0.036276 -2.382868 -1.9391 0 4.1800 0  -7 91 7 6 71 14 40 37  0 1 1 1 0 20 0 12.09 
0.240 4 4.10 4.10 4.1 4.1 0.245 0.213 1.3386 1.3848 0.1689 0.0028 0.033685 -2.382943 -1.9391 0 4.1800 0  17 10 6 17 5 30 28 21  0 1 1 1 0 20 0 12.09 
0.241 4 4.10 4.10 4.1 4.1 0.302 0.209 1.2952 1.4342 0.1701 0.0028 0.033685 -2.383024 -1.9391 0 4.1800 0  29 33 -26 -1 32 13 21 10  0 1 1 1 0 20 0 12.07 
0.242 4 4.10 4.10 4.1 4.1 0.275 0.193 1.2952 1.4342 0.1715 0.0029 0.036276 -2.383111 -1.9391 0 4.1800 0  -42 14 27 -8 21 26 -8 34  0 1 1 1 0 20 0 12.07 
0.243 4 4.10 4.10 4.1 4.1 0.265 0.215 1.2952 1.3848 0.1727 0.0029 0.036276 -2.383200 -1.9391 0 4.1800 0  5 6 -3 13 61 27 13 43  0 1 1 1 0 20 0 12.07 
0.244 4 4.10 4.10 4.1 4.1 0.275 0.184 1.2952 1.4342 0.1739 0.0029 0.036276 -2.383293 -1.9391 0 4.1800 0  4 24 -15 13 40 15 26 -36  0 1 1 1 0 20 0 12.08 
0.245 4 4.10 4.10 4.1 4.1 0.264 0.227 1.3386 1.4872 0.1755 0.0030 0.036276 -2.383389 -1.9391 0 4.1800 0  -43 -5 -2 49 35 -8 -25 -19  0 1 1 1 0 20 0 12.09 
0.246 4 4.10 4.10 4.1 4.1 0.244 0.203 1.3386 1.4342 0.1767 0.0030 0.036276 -2.383483 -1.9391 0 4.1800 0  -43 -19 -1 -21 -2 22 2 15  0 1 1 1 0 20 0 12.08 
0.247 4 4.10 4.10 4.1 4.1 0.244 0.203 1.3386 1.4342 0.1779 0.0031 0.036276 -2.383564 -1.9391 0 4.1800 0  -23 49 27 24 68 25 38 15  0 1 1 1 0 20 0 12.09 
0.248 4 4.10 4.10 4.1 4.1 0.264 0.229 1.3386 1.4872 0.1793 0.0031 0.038867 -2.383626 -1.9391 0 4.1800 0  33 27 -19 -25 -11 -9 21 8  0 1 1 1 0 20 0 12.07 
0.249 4 4.10 4.10 4.1 4.1 0.282 0.192 1.3386 1.4342 0.1805 0.0032 0.038867 -2.383683 -1.9391 0 4.1800 0  35 23 13 -20 58 20 30 22  0 1 1 1 0 20 0 12.07 
0.250 4 4.10 4.10 4.1 4.1 0.232 0.168 1.3848 1.4342 0.1819 0.0032 0.036276 -2.383745 -1.9391 0 4.1800 0  19 1 0 -14 43 1 2 5  0 1 1 1 0 20 0 12.09 
0.251 4 4.10 4.10 4.1 4.1 0.192 0.234 1.3386 1.4872 0.1833 0.0033 0.038867 -2.383808 -1.9391 0 4.1800 0  27 5 33 12 50 17 22 17  0 1 1 1 0 20 0 12.08 
0.252 4 4.10 4.10 4.1 4.1 0.248 0.169 1.3848 1.4872 0.1845 0.0033 0.038867 -2.383853 -1.9391 0 4.1800 0  28 -4 8 -35 9 23 -35 -4  0 1 1 1 0 20 0 12.07 
0.253 4 4.10 4.10 4.1 4.1 0.218 0.191 1.3848 1.4872 0.1861 0.0034 0.038867 -2.383859 -1.9391 0 4.1800 0  19 29 -7 21 35 66 4 9  0 1 1 1 0 20 0 12.07 
0.254 4 4.10 4.10 4.1 4.1 0.198 0.181 1.3386 1.5446 0.1873 0.0034 0.038867 -2.383835 -1.9391 0 4.1800 0  -51 52 -9 10 20 2 7 22  0 1 1 1 0 20 0 12.07 
0.255 4 4.10 4.10 4.1 4.1 0.211 0.181 1.3848 1.5446 0.1887 0.0035 0.041458 -2.383808 -1.9391 0 4.1800 0  -8 62 4 32 -1 30 73 19  0 1 1 1 0 20 0 12.08 
0.256 4 4.10 4.10 4.1 4.1 0.238 0.173 1.3848 1.4872 0.1899 0.0036 0.041458 -2.383776 -1.9391 0 4.1800 0  -25 44 27 17 13 -16 52 -16  0 1 1 1 0 20 0 12.08 
0.257 4 4.10 4.10 4.1 4.1 0.249 0.159 1.3848 1.3386 0.1913 0.0036 0.038867 -2.383719 -1.9391 0 4.1800 0  1 12 38 6 4 44 11 54  0 1 1 1 0 20 0 12.08 
0.258 4 4.10 4.10 4.1 4.1 0.188 0.144 1.3848 1.4872 0.1927 0.0037 0.041458 -2.383644 -1.9391 0 4.1800 0  32 41 -6 8 58 -45 11 22  0 1 1 1 0 20 0 12.09 
0.259 4 4.10 4.10 4.1 4.1 0.201 0.144 1.3848 1.4872 0.1941 0.0037 0.044049 -2.383568 -1.9391 0 4.1800 0  26 20 31 -8 31 -26 20 -5  0 1 1 1 0 20 0 12.09 
0.260 4 4.10 4.10 4.1 4.1 0.206 0.171 1.3848 1.4872 0.1955 0.0038 0.041458 -2.383495 -1.9391 0 4.1800 0  -16 26 50 5 29 -56 38 -11  0 1 1 1 0 20 0 12.10 
0.261 4 4.10 4.10 4.1 4.1 0.215 0.130 1.3848 1.4872 0.1967 0.0038 0.041458 -2.383404 -1.9391 0 4.1800 0  -9 39 -23 -6 8 -14 -1 -6  0 1 1 1 0 20 0 12.09 
0.262 4 4.10 4.10 4.1 4.1 0.194 0.167 1.3848 1.5446 0.1981 0.0039 0.044049 -2.383282 -1.9391 0 4.1800 0  8 54 -27 20 40 14 -5 -10  0 1 1 1 0 20 0 12.10 
0.263 4 4.10 4.10 4.1 4.1 0.182 0.173 1.3848 1.4872 0.1998 0.0040 0.044049 -2.383152 -1.9391 0 4.1800 0  -17 1 2 13 19 -16 -10 42  0 1 1 1 0 20 0 12.09 
0.264 4 4.10 4.10 4.1 4.1 0.232 0.143 1.3848 1.4342 0.2010 0.0040 0.044049 -2.383028 -1.9391 0 4.1800 0  36 46 7 2 18 22 16 40  0 1 1 1 0 20 0 12.10 
0.265 4 4.10 4.10 4.1 4.1 0.177 0.165 1.3848 1.3386 0.2024 0.0041 0.046640 -2.382910 -1.9391 0 4.1800 0  10 44 32 24 14 22 36 -29  0 1 1 1 0 20 0 12.09 
0.266 4 4.10 4.10 4.1 4.1 0.181 0.154 1.4342 1.5446 0.2038 0.0041 0.044049 -2.382779 -1.9391 0 4.1800 0  12 24 -8 -31 -20 5 -10 19  0 1 1 1 0 20 0 12.10 
0.267 4 4.10 4.10 4.1 4.1 0.254 0.177 1.4342 1.6065 0.2052 0.0042 0.046640 -2.382621 -1.9391 0 4.1800 0  4 22 6 28 15 -30 17 -22  0 1 1 1 0 20 0 12.10 
0.268 4 4.10 4.10 4.1 4.1 0.236 0.125 1.3848 1.4872 0.2066 0.0043 0.044049 -2.382462 -1.9391 0 4.1800 0  60 9 18 11 -1 -32 73 -7  0 1 1 1 0 20 0 12.09 
0.269 4 4.10 4.10 4.1 4.1 0.201 0.128 1.4872 1.5446 0.2080 0.0043 0.046640 -2.382328 -1.9391 0 4.1800 0  -2 8 18 18 24 52 23 17  0 1 1 1 0 20 0 12.10 
0.270 4 4.10 4.10 4.1 4.1 0.153 0.151 1.4342 1.5446 0.2092 0.0044 0.046640 -2.382207 -1.9391 0 4.1800 0  -8 25 -1 -4 -8 -30 41 33  0 1 1 1 0 20 0 12.09 
0.271 4 4.10 4.10 4.1 4.1 0.226 0.164 1.4342 1.5446 0.2108 0.0045 0.046640 -2.382078 -1.9391 0 4.1800 0  -1 47 14 -16 34 -11 22 -22  0 1 1 1 0 20 0 12.09 
0.272 4 4.10 4.10 4.1 4.1 0.198 0.160 1.4342 1.6065 0.2122 0.0045 0.049231 -2.381948 -1.9391 0 4.1800 0  -22 -4 16 7 47 25 -19 19  0 1 1 1 0 20 0 12.10 
0.273 4 4.10 4.10 4.1 4.1 0.215 0.145 1.4342 1.4872 0.2136 0.0046 0.046640 -2.381849 -1.9391 0 4.1800 0  5 -21 21 22 27 -10 27 2  0 1 1 1 0 20 0 12.10 
0.274 4 4.10 4.10 4.1 4.1 0.169 0.136 1.3848 1.4872 0.2150 0.0047 0.049231 -2.381796 -1.9391 0 4.1800 0  -17 22 24 -28 3 -3 11 7  0 1 1 1 0 20 0 12.11 
0.275 4 4.10 4.10 4.1 4.1 0.209 0.145 1.4342 1.5446 0.2164 0.0047 0.046640 -2.381754 -1.9391 0 4.1800 0  -43 4 4 13 31 14 42 35  0 1 1 1 0 20 0 12.10 
0.276 4 4.10 4.10 4.1 4.1 0.211 0.202 1.4342 1.6065 0.2178 0.0048 0.049231 -2.381708 -1.9391 0 4.1800 0  -29 18 -9 14 5 15 -5 25  0 1 1 1 0 20 0 12.10 
0.277 4 4.10 4.10 4.1 4.1 0.167 0.130 1.4342 1.4872 0.2192 0.0049 0.051822 -2.381686 -1.9391 0 4.1800 0  -2 18 19 -7 -9 10 38 31  0 1 1 1 0 20 0 12.10 
0.278 4 4.10 4.10 4.1 4.1 0.215 0.146 1.4342 1.4872 0.2206 0.0049 0.049231 -2.381707 -1.9391 0 4.1800 0  -12 46 -2 -10 -7 -4 13 4  0 1 1 1 0 20 0 12.10 
0.279 4 4.10 4.10 4.1 4.1 0.143 0.146 1.4342 1.5446 0.2220 0.0050 0.051822 -2.381752 -1.9391 0 4.1800 0  5 41 9 -12 25 22 12 41  0 1 1 1 0 20 0 12.11 
0.280 4 4.10 4.10 4.1 4.1 0.167 0.141 1.4872 1.5446 0.2234 0.0051 0.049231 -2.381791 -1.9391 0 4.1800 0  73 22 34 6 7 -16 14 19  0 1 1 1 0 20 0 12.10 
0.281 4 4.10 4.10 4.1 4.1 0.143 0.139 1.4342 1.5446 0.2248 0.0052 0.051822 -2.381835 -1.9391 0 4.1800 0  40 46 -19 47 6 -28 9 -19  0 1 1 1 0 20 0 12.11 
0.282 4 4.10 4.10 4.1 4.1 0.182 0.123 1.4342 1.5446 0.2262 0.0052 0.054414 -2.381919 -1.9391 0 4.1800 0  29 35 17 -10 -5 22 29 -50  0 1 1 1 0 20 0 12.10 
0.283 4 4.10 4.10 4.1 4.1 0.203 0.143 1.4872 1.5446 0.2276 0.0053 0.051822 -2.382039 -1.9391 0 4.1800 0  -11 -2 -13 10 16 25 -6 41  0 1 1 1 0 20 0 12.11 
0.284 4 4.10 4.10 4.1 4.1 0.154 0.131 1.3848 1.5446 0.2290 0.0054 0.054414 -2.382162 -1.9391 0 4.1800 0  53 -1 38 63 32 15 39 12  0 1 1 1 0 20 0 12.10 
0.285 4 4.10 4.10 4.1 4.1 0.169 0.149 1.4342 1.5446 0.2306 0.0055 0.054414 -2.382276 -1.9391 0 4.1800 0  48 16 6 28 9 5 9 6  0 1 1 1 0 20 0 12.10 
0.286 4 4.10 4.10 4.1 4.1 0.170 0.125 1.4342 1.5446 0.2318 0.0055 0.054414 -2.382405 -1.9391 0 4.1800 0  23 46 1 -35 -4 14 39 -6  0 1 1 1 0 20 0 12.10 
0.287 4 4.10 4.10 4.1 4.1 0.198 0.162 1.4342 1.6065 0.2334 0.0056 0.054414 -2.382566 -1.9391 0 4.1800 0  6 4 32 -20 13 -20 40 46  0 1 1 1 0 20 0 12.10 
0.288 4 4.10 4.10 4.1 4.1 0.165 0.139 1.4342 1.5446 0.2349 0.0057 0.057005 -2.382732 -1.9391 0 4.1800 0  -27 67 17 13 63 -15 71 5  0 1 1 1 0 20 0 12.10 
0.289 4 4.10 4.10 4.1 4.1 0.190 0.200 1.4342 1.6065 0.2363 0.0058 0.054414 -2.382878 -1.9391 0 4.1800 0  13 18 4 -15 7 -10 51 14  0 1 1 1 0 20 0 12.10 
0.290 4 4.10 4.10 4.1 4.1 0.197 0.137 1.4342 1.4872 0.2377 0.0059 0.057005 -2.383021 -1.9391 0 4.1800 0  4 43 11 -11 10 13 53 -18  0 1 1 1 0 20 0 12.11 
0.291 4 4.10 4.10 4.1 4.1 0.138 0.133 1.4342 1.3386 0.2393 0.0060 0.057005 -2.383182 -1.9391 0 4.1800 0  -13 2 -42 -47 -8 2 -12 -1  0 1 1 1 0 20 0 12.10 
0.292 4 4.10 4.10 4.1 4.1 0.212 0.124 1.4342 1.6065 0.2405 0.0060 0.057005 -2.383354 -1.9391 0 4.1800 0  -6 61 36 -4 32 56 32 33  0 1 1 1 0 20 0 12.10 
0.293 4 4.10 4.10 4.1 4.1 0.151 0.138 1.4342 1.6065 0.2421 0.0061 0.057005 -2.383502 -1.9391 0 4.1800 0  25 38 13 -16 18 36 -24 18  0 1 1 1 0 20 0 12.10 
0.294 4 4.10 4.10 4.1 4.1 0.187 0.101 1.4872 1.6065 0.2435 0.0062 0.059596 -2.383613 -1.9391 0 4.1800 0  -13 -2 59 -13 5 19 -18 0  0 1 1 1 0 20 0 12.10 
0.295 4 4.10 4.10 4.1 4.1 0.169 0.107 1.4872 1.5446 0.2449 0.0063 0.057005 -2.383717 -1.9391 0 4.1800 0  2 29 34 -36 9 -3 -2 13  0 1 1 1 0 20 0 12.10 
0.296 4 4.10 4.10 4.1 4.1 0.195 0.153 1.4342 1.5446 0.2463 0.0064 0.059596 -2.383831 -1.9391 0 4.1800 0  36 17 32 35 54 6 59 52  0 1 1 1 0 20 0 12.10 
0.297 4 4.10 4.10 4.1 4.1 0.197 0.139 1.5446 1.5446 0.2479 0.0065 0.059596 -2.383921 -1.9391 0 4.1800 0  -1 -43 34 -15 24 -10 48 45  0 1 1 1 0 20 0 12.09 
0.298 4 4.10 4.10 4.1 4.1 0.138 0.135 1.4872 1.6065 0.2491 0.0065 0.059596 -2.383970 -1.9391 0 4.1800 0  48 -13 -4 21 36 31 36 33  0 1 1 1 0 20 0 12.11 
0.299 4 4.10 4.10 4.1 4.1 0.189 0.105 1.4872 1.6065 0.2507 0.0066 0.059596 -2.384003 -1.9391 0 4.1800 0  15 63 -19 4 34 -32 43 -28  0 1 1 1 0 20 0 12.09 
0.300 4 4.10 4.10 4.1 4.1 0.188 0.119 1.4872 1.6065 0.2521 0.0067 0.062187 -2.384037 -1.9391 0 4.1800 0  8 97 14 -4 1 27 30 1  0 1 1 1 0 20 0 12.11 
0.301 4 4.10 4.10 4.1 4.1 0.142 0.112 1.4872 1.5446 0.2535 0.0068 0.059596 -2.384049 -1.9391 0 4.1800 0  27 39 13 19 0 -4 -18 -5  0 1 1 1 0 20 0 12.11 
0.302 4 4.10 4.10 4.1 4.1 0.161 0.169 1.4342 1.6732 0.2549 0.0069 0.062187 -2.384015 -1.9391 0 4.1800 0  55 1 13 6 32 -1 55 -1  0 1 1 1 0 20 0 12.10 
0.303 4 4.10 4.10 4.1 4.1 0.184 0.103 1.4872 1.4872 0.2565 0.0070 0.062187 -2.383943 -1.9391 0 4.1800 0  1 21 26 33 10 5 -8 -8  0 1 1 1 0 20 0 12.09 
0.304 4 4.10 4.10 4.1 4.1 0.151 0.135 1.4872 1.4872 0.2577 0.0071 0.062187 -2.383855 -1.9391 0 4.1800 0  -60 7 -14 23 57 -13 58 9  0 1 1 1 0 20 0 12.10 
0.305 4 4.10 4.10 4.1 4.1 0.160 0.125 1.4872 1.6065 0.2593 0.0072 0.062187 -2.383768 -1.9391 0 4.1800 0  -6 39 51 -20 52 -40 -3 53  0 1 1 1 0 20 0 12.10 
0.306 4 4.10 4.10 4.1 4.1 0.177 0.167 1.4872 1.6065 0.2607 0.0072 0.064778 -2.383650 -1.9391 0 4.1800 0  -9 32 19 7 -4 13 18 47  0 1 1 1 0 20 0 12.10 
0.307 4 4.10 4.10 4.1 4.1 0.145 0.129 1.4342 1.6065 0.2623 0.0073 0.064778 -2.383479 -1.9391 0 4.1800 0  31 -13 16 -9 51 3 30 41  0 1 1 1 0 20 0 12.11 
0.308 4 4.10 4.10 4.1 4.1 0.148 0.135 1.5446 1.5446 0.2635 0.0074 0.064778 -2.383292 -1.9391 0 4.1800 0  -15 81 15 29 5 -5 26 -8  0 1 1 1 0 20 0 12.09 
0.309 4 4.10 4.10 4.1 4.1 0.196 0.107 1.5446 1.5446 0.2651 0.0075 0.064778 -2.383104 -1.9391 0 4.1800 0  -18 56 -17 -3 6 -3 20 27  0 1 1 1 0 20 0 12.10 
0.310 4 4.10 4.10 4.1 4.1 0.172 0.131 1.4872 1.5446 0.2665 0.0076 0.067369 -2.382886 -1.9391 0 4.1800 0  -3 -22 9 -3 29 2 26 -42  0 1 1 1 0 20 0 12.11 
0.311 4 4.10 4.10 4.1 4.1 0.142 0.163 1.5446 1.5446 0.2679 0.0077 0.064778 -2.382638 -1.9391 0 4.1800 0  -30 33 34 8 -32 -1 60 24  0 1 1 1 0 20 0 12.10 
0.312 4 4.10 4.10 4.1 4.1 0.212 0.086 1.4872 1.6065 0.2693 0.0078 0.067369 -2.382390 -1.9391 0 4.1800 0  29 -31 37 6 30 9 2 54  0 1 1 1 0 20 0 12.10 
0.313 4 4.10 4.10 4.1 4.1 0.187 0.154 1.4872 1.6065 0.2709 0.0079 0.067369 -2.382159 -1.9391 0 4.1800 0  41 68 -15 -39 14 11 12 15  0 1 1 1 0 20 0 12.09 
0.314 4 4.10 4.10 4.1 4.1 0.158 0.150 1.4872 1.5446 0.2723 0.0080 0.064778 -2.381934 -1.9391 0 4.1800 0  -38 33 1 13 4 -33 58 30  0 1 1 1 0 20 0 12.12 
0.315 4 4.10 4.10 4.1 4.1 0.119 0.127 1.4342 1.6065 0.2737 0.0081 0.067369 -2.381692 -1.9391 0 4.1800 0  -11 11 21 15 28 15 47 25  0 1 1 1 0 20 0 12.10 
0.316 4 4.10 4.10 4.1 4.1 0.135 0.120 1.4872 1.4872 0.2753 0.0082 0.067369 -2.381438 -1.9391 0 4.1800 0  -27 -20 -10 24 59 -15 45 19  0 1 1 1 0 20 0 12.11 
0.317 4 4.10 4.10 4.1 4.1 0.160 0.131 1.4872 1.5446 0.2767 0.0083 0.069960 -2.381202 -1.9391 0 4.1800 0  11 43 -13 -12 -2 7 40 59  0 1 1 1 0 20 0 12.12 
0.318 4 4.10 4.10 4.1 4.1 0.131 0.127 1.4872 1.6065 0.2781 0.0084 0.067369 -2.380991 -1.9391 0 4.1800 0  5 50 7 18 -10 7 -37 -47  0 1 1 1 0 20 0 12.12 
0.319 4 4.10 4.10 4.1 4.1 0.182 0.138 1.4872 1.6065 0.2795 0.0085 0.069960 -2.380791 -1.9391 0 4.1800 0  -18 43 -27 15 30 0 35 51  0 1 1 1 0 20 0 12.10 
0.320 4 4.10 4.10 4.1 4.1 0.180 0.112 1.4872 1.6065 0.2811 0.0086 0.069960 -2.380586 -1.9391 0 4.1800 0  19 8 12 -5 23 34 29 -25  0 1 1 1 0 20 0 12.10 
0.321 4 4.10 4.10 4.1 4.1 0.162 0.086 1.4872 1.5446 0.2826 0.0087 0.072551 -2.380402 -1.9391 0 4.1800 0  1 14 5 12 -29 36 -38 4  0 1 1 1 0 20 0 12.11 
0.322 4 4.10 4.10 4.1 4.1 0.157 0.100 1.4872 1.5446 0.2840 0.0088 0.069960 -2.380257 -1.9391 0 4.1800 0  -4 -12 -2 12 34 -21 -7 -19  0 1 1 1 0 20 0 12.11 
0.323 4 4.10 4.10 4.1 4.1 0.165 0.122 1.4872 1.5446 0.2854 0.0089 0.072551 -2.380115 -1.9391 0 4.1800 0  25 32 27 6 8 -33 23 -18  0 1 1 1 0 20 0 12.11 
0.324 4 4.10 4.10 4.1 4.1 0.137 0.130 1.5446 1.5446 0.2870 0.0090 0.072551 -2.379970 -1.9391 0 4.1800 0  37 37 10 15 29 -21 4 29  0 1 1 1 0 20 0 12.11 
0.325 4 4.10 4.10 4.1 4.1 0.185 0.086 1.4342 1.6065 0.2882 0.0091 0.072551 -2.379850 -1.9391 0 4.1800 0  35 131 4 32 32 0 49 -2  0 1 1 1 0 20 0 12.10 
0.326 4 4.10 4.10 4.1 4.1 0.198 0.128 1.4872 1.6065 0.2898 0.0092 0.072551 -2.379780 -1.9391 0 4.1800 0  -1 -15 -3 18 52 10 47 19  0 1 1 1 0 20 0 12.10 
0.327 4 4.10 4.10 4.1 4.1 0.165 0.108 1.4872 1.6065 0.2914 0.0093 0.072551 -2.379745 -1.9391 0 4.1800 0  -30 16 -15 1 -11 52 42 -7  0 1 1 1 0 20 0 12.11 
0.328 4 4.10 4.10 4.1 4.1 0.132 0.154 1.4872 1.6732 0.2928 0.0095 0.075143 -2.379718 -1.9391 0 4.1800 0  12 21 -9 17 28 -35 67 -11  0 1 1 1 0 20 0 12.11 
0.329 4 4.10 4.10 4.1 4.1 0.176 0.099 1.4342 1.4872 0.2942 0.0096 0.072551 -2.379705 -1.9391 0 4.1800 0  46 63 5 33 31 18 11 28  0 1 1 1 0 20 0 12.11 
0.330 4 4.10 4.10 4.1 4.1 0.175 0.083 1.4872 1.5446 0.2956 0.0097 0.075143 -2.379718 -1.9391 0 4.1800 0  8 -10 23 -5 43 39 31 -2  0 1 1 1 0 20 0 12.11 
0.331 4 4.10 4.10 4.1 4.1 0.167 0.098 1.4872 1.6065 0.2972 0.0098 0.075143 -2.379762 -1.9391 0 4.1800 0  3 8 28 -10 -2 12 44 39  0 1 1 1 0 20 0 12.12 
0.332 4 4.10 4.10 4.1 4.1 0.181 0.159 1.4872 1.6065 0.2984 0.0099 0.075143 -2.379819 -1.9391 0 4.1800 0  27 -17 -40 -22 20 18 26 0  0 1 1 1 0 20 0 12.10 
0.333 4 4.10 4.10 4.1 4.1 0.137 0.127 1.4872 1.6065 0.3000 0.0100 0.075143 -2.379862 -1.9391 0 4.1800 0  62 27 10 8 32 23 40 35  0 1 1 1 0 20 0 12.11 
0.334 4 4.10 4.10 4.1 4.1 0.142 0.132 1.4872 1.6065 0.3014 0.0101 0.077734 -2.379922 -1.9391 0 4.1800 0  18 -16 27 40 55 72 -6 -25  0 1 1 1 0 20 0 12.11 
0.335 4 4.10 4.10 4.1 4.1 0.179 0.119 1.5446 1.5446 0.3030 0.0102 0.077734 -2.380025 -1.9391 0 4.1800 0  6 11 43 -22 28 20 8 -4  0 1 1 1 0 20 0 12.12 
0.336 4 4.10 4.10 4.1 4.1 0.177 0.084 1.5446 1.6065 0.3044 0.0103 0.075143 -2.380129 -1.9391 0 4.1800 0  23 -4 13 4 30 -22 20 -13  0 1 1 1 0 20 0 12.11 
0.337 4 4.10 4.10 4.1 4.1 0.174 0.093 1.4872 1.5446 0.3058 0.0104 0.077734 -2.380212 -1.9391 0 4.1800 0  -10 24 24 23 3 -27 70 2  0 1 1 1 0 20 0 12.11 
0.338 4 4.10 4.10 4.1 4.1 0.123 0.057 1.5446 1.5446 0.3074 0.0106 0.077734 -2.380306 -1.9391 0 4.1800 0  11 9 23 -22 44 6 43 -5  0 1 1 1 0 20 0 12.11 
0.339 4 4.10 4.10 4.1 4.1 0.117 0.110 1.4872 1.4872 0.3086 0.0107 0.077734 -2.380432 -1.9391 0 4.1800 0  9 10 0 27 63 43 28 -11  0 1 1 1 0 20 0 12.11 
0.340 4 4.10 4.10 4.1 4.1 0.154 0.118 1.4872 1.6065 0.3102 0.0108 0.077734 -2.380566 -1.9391 0 4.1800 0  3 -31 -11 -31 -29 16 22 -53  0 1 1 1 0 20 0 12.10 
0.341 4 4.10 4.10 4.1 4.1 0.134 0.130 1.4342 1.6732 0.3116 0.0109 0.080325 -2.380684 -1.9391 0 4.1800 0  14 22 -6 41 1 49 43 55  0 1 1 1 0 20 0 12.11 
0.342 4 4.10 4.10 4.1 4.1 0.159 0.116 1.4342 1.4872 0.3132 0.0110 0.080325 -2.380795 -1.9391 0 4.1800 0  -22 34 17 6 15 8 4 -42  0 1 1 1 0 20 0 12.12 
0.343 4 4.10 4.10 4.1 4.1 0.145 0.110 1.4342 1.5446 0.3144 0.0111 0.080325 -2.380919 -1.9391 0 4.1800 0  13 31 26 8 39 11 11 38  0 1 1 1 0 20 0 12.11 
0.344 4 4.10 4.10 4.1 4.1 0.156 0.077 1.4872 1.6065 0.3160 0.0112 0.080325 -2.381054 -1.9391 0 4.1800 0  -4 68 3 -5 0 -47 16 -9  0 1 1 1 0 20 0 12.10 
0.345 4 4.10 4.10 4.1 4.1 0.181 0.146 1.4872 1.6065 0.3174 0.0114 0.082916 -2.381174 -1.9391 0 4.1800 0  -31 79 -21 -23 43 -5 57 -14  0 1 1 1 0 20 0 12.10 
0.346 4 4.10 4.10 4.1 4.1 0.155 0.103 1.4872 1.5446 0.3188 0.0115 0.080325 -2.381269 -1.9391 0 4.1800 0  -4 54 16 -23 39 -3 -10 9  0 1 1 1 0 20 0 12.11 
0.347 4 4.10 4.10 4.1 4.1 0.102 0.105 1.4872 1.6065 0.3204 0.0116 0.080325 -2.381369 -1.9391 0 4.1800 0  -10 9 -31 16 43 1 60 12  0 1 1 1 0 20 0 12.11 
0.348 4 4.10 4.10 4.1 4.1 0.196 0.119 1.4342 1.6065 0.3218 0.0117 0.082916 -2.381482 -1.9391 0 4.1800 0  5 37 49 1 41 -19 15 3  0 1 1 1 0 20 0 12.11 
0.349 4 4.10 4.10 4.1 4.1 0.161 0.082 1.4872 1.6065 0.3234 0.0119 0.082916 -2.381576 -1.9391 0 4.1800 0  -15 104 -32 10 41 10 47 8  0 1 1 1 0 20 0 12.11 
0.350 4 4.10 4.10 4.1 4.1 0.141 0.095 1.4872 1.6065 0.3246 0.0120 0.082916 -2.381644 -1.9391 0 4.1800 0  -26 5 23 13 22 25 -9 67  0 1 1 1 0 20 0 12.10 
0.351 4 4.10 4.10 4.1 4.1 0.191 0.133 1.5446 1.5446 0.3262 0.0121 0.082916 -2.381705 -1.9391 0 4.1800 0  -9 28 47 -21 54 33 14 -1  0 1 1 1 0 20 0 12.11 
0.352 4 4.10 4.10 4.1 4.1 0.171 0.138 1.5446 1.5446 0.3276 0.0122 0.085507 -2.381777 -1.9391 0 4.1800 0  20 14 -24 -24 -3 27 0 0  0 1 1 1 0 20 0 12.11 
0.353 4 4.10 4.10 4.1 4.1 0.159 0.105 1.4872 1.6065 0.3290 0.0123 0.082916 -2.381841 -1.9391 0 4.1800 0  14 26 -32 25 15 -5 44 -55  0 1 1 1 0 20 0 12.11 
0.354 4 4.10 4.10 4.1 4.1 0.079 0.157 1.4872 1.6065 0.3306 0.0125 0.082916 -2.381874 -1.9391 0 4.1800 0  26 27 -9 22 -15 26 -36 -14  0 1 1 1 0 20 0 12.11 
0.355 4 4.10 4.10 4.1 4.1 0.187 0.126 1.4872 1.5446 0.3320 0.0126 0.085507 -2.381891 -1.9391 0 4.1800 0  17 21 12 29 31 8 33 40  0 1 1 1 0 20 0 12.10 
0.356 4 4.10 4.10 4.1 4.1 0.124 0.102 1.3848 1.6065 0.3336 0.0127 0.085507 -2.381909 -1.9391 0 4.1800 0  31 24 -16 -7 41 4 14 -4  0 1 1 1 0 20 0 12.12 
0.357 4 4.10 4.10 4.1 4.1 0.140 0.123 1.4872 1.6065 0.3348 0.0128 0.085507 -2.381917 -1.9391 0 4.1800 0  21 -8 12 -1 13 -7 13 16  0 1 1 1 0 20 0 12.11 
0.358 4 4.10 4.10 4.1 4.1 0.169 0.118 1.4872 1.6065 0.3364 0.0129 0.085507 -2.381891 -1.9391 0 4.1800 0  -40 -2 25 -8 12 15 16 17  0 1 1 1 0 20 0 12.09 
0.359 4 4.10 4.10 4.1 4.1 0.158 0.133 1.4872 1.5446 0.3378 0.0131 0.088098 -2.381835 -1.9391 0 4.1800 0  -24 30 -24 -5 -7 17 4 -5  0 1 1 1 0 20 0 12.11 
0.360 4 4.10 4.10 4.1 4.1 0.165 0.126 1.4872 1.5446 0.3394 0.0132 0.088098 -2.381780 -1.9391 0 4.1800 0  -22 53 36 0 16 -11 13 0  0 1 1 1 0 20 0 12.10 
0.361 4 4.10 4.10 4.1 4.1 0.124 0.115 1.4872 1.6065 0.3406 0.0133 0.088098 -2.381726 -1.9391 0 4.1800 0  13 19 10 -2 36 -10 17 -23  0 1 1 1 0 20 0 12.11 
0.362 4 4.10 4.10 4.1 4.1 0.196 0.113 1.5446 1.6065 0.3422 0.0135 0.088098 -2.381648 -1.9391 0 4.1800 0  19 27 7 -12 23 11 22 18  0 1 1 1 0 20 0 12.11 
0.363 4 4.10 4.10 4.1 4.1 0.199 0.088 1.5446 1.6065 0.3436 0.0136 0.090689 -2.381546 -1.9391 0 4.1800 0  45 11 -16 13 32 19 34 -21  0 1 1 1 0 20 0 12.11 
0.364 4 4.10 4.10 4.1 4.1 0.184 0.142 1.4872 1.6065 0.3452 0.0137 0.090689 -2.381443 -1.9391 0 4.1800 0  12 -9 -2 2 -5 -22 41 44  0 1 1 1 0 20 0 12.10 
0.365 4 4.10 4.10 4.1 4.1 0.188 0.105 1.5446 1.5446 0.3466 0.0139 0.088098 -2.381339 -1.9391 0 4.1800 0  8 20 26 51 50 28 16 31  0 1 1 1 0 20 0 12.10 
0.366 4 4.10 4.10 4.1 4.1 0.154 0.097 1.4872 1.6065 0.3480 0.0140 0.090689 -2.381219 -1.9391 0 4.1800 0  -9 41 0 13 42 -4 24 17  0 1 1 1 0 20 0 12.10 
0.367 4 4.10 4.10 4.1 4.1 0.170 0.128 1.4872 1.6065 0.3496 0.0141 0.090689 -2.381076 -1.9391 0 4.1800 0  13 -19 9 -37 17 -16 36 -4  0 1 1 1 0 20 0 12.09 
0.368 4 4.10 4.10 4.1 4.1 0.125 0.087 1.4872 1.5446 0.3508 0.0142 0.090689 -2.380926 -1.9391 0 4.1800 0  -46 71 34 11 25 -48 15 -17  0 1 1 1 0 20 0 12.10 
0.369 4 4.10 4.10 4.1 4.1 0.156 0.097 1.4342 1.6065 0.3524 0.0144 0.090689 -2.380796 -1.9391 0 4.1800 0  -15 19 47 22 17 16 15 13  0 1 1 1 0 20 0 12.10 
0.370 4 4.10 4.10 4.1 4.1 0.139 0.115 1.4872 1.6065 0.3538 0.0145 0.093280 -2.380677 -1.9391 0 4.1800 0  8 42 21 20 16 19 29 19  0 1 1 1 0 20 0 12.11 
0.371 4 4.10 4.10 4.1 4.1 0.188 0.133 1.4872 1.6065 0.3554 0.0147 0.093280 -2.380534 -1.9391 0 4.1800 0  18 15 19 9 21 13 98 -25  0 1 1 1 0 20 0 12.11 
0.372 4 4.10 4.10 4.1 4.1 0.164 0.129 1.4872 1.5446 0.3566 0.0148 0.093280 -2.380382 -1.9391 0 4.1800 0  23 25 -6 4 1 -2 41 -5  0 1 1 1 0 20 0 12.10 
0.373 4 4.10 4.10 4.1 4.1 0.189 0.135 1.4872 1.5446 0.3582 0.0149 0.093280 -2.380256 -1.9391 0 4.1800 0  -18 -13 16 21 -11 -17 31 -23  0 1 1 1 0 20 0 12.11 
0.374 4 4.10 4.10 4.1 4.1 0.164 0.110 1.4872 1.6065 0.3596 0.0151 0.095872 -2.380144 -1.9391 0 4.1800 0  30 7 49 -13 39 0 34 -10  0 1 1 1 0 20 0 12.11 
0.375 4 4.10 4.10 4.1 4.1 0.123 0.089 1.4872 1.6065 0.3612 0.0152 0.095872 -2.380022 -1.9391 0 4.1800 0  19 28 23 2 52 42 32 11  0 1 1 1 0 20 0 12.12 
0.376 4 4.10 4.10 4.1 4.1 0.192 0.127 1.4872 1.6065 0.3626 0.0153 0.093280 -2.379894 -1.9391 0 4.1800 0  16 7 -17 -8 41 7 17 25  0 1 1 1 0 20 0 12.12 
0.377 4 4.10 4.10 4.1 4.1 0.176 0.094 1.4872 1.6065 0.3640 0.0155 0.095872 -2.379795 -1.9391 0 4.1800 0  -49 56 -14 1 -6 -42 21 -26  0 1 1 1 0 20 0 12.11 
0.378 4 4.10 4.10 4.1 4.1 0.156 0.119 1.5446 1.6065 0.3656 0.0156 0.095872 -2.379732 -1.9391 0 4.1800 0  88 22 38 7 53 31 -5 25  0 1 1 1 0 20 0 12.10 
0.379 4 4.10 4.10 4.1 4.1 0.119 0.132 1.5446 1.6065 0.3670 0.0158 0.098463 -2.379675 -1.9391 0 4.1800 0  7 -15 -1 -11 -1 19 17 5  0 1 1 1 0 20 0 12.10 
0.380 4 4.10 4.10 4.1 4.1 0.171 0.129 1.4872 1.5446 0.3684 0.0159 0.095872 -2.379616 -1.9391 0 4.1800 0  10 -9 23 -12 -13 -9 26 22  0 1 1 1 0 20 0 12.11 
0.381 4 4.10 4.10 4.1 4.1 0.175 0.109 1.4872 1.5446 0.3698 0.0160 0.098463 -2.379577 -1.9391 0 4.1800 0  3 9 7 -27 19 17 50 49  0 1 1 1 0 20 0 12.11 
0.382 4 4.10 4.10 4.1 4.1 0.124 0.097 1.4872 1.5446 0.3714 0.0162 0.098463 -2.379579 -1.9391 0 4.1800 0  28 3 13 31 54 17 74 21  0 1 1 1 0 20 0 12.11 
0.383 4 4.10 4.10 4.1 4.1 0.191 0.073 1.4342 1.4342 0.3726 0.0163 0.098463 -2.379599 -1.9391 0 4.1800 0  -8 14 19 4 38 29 41 4  0 1 1 1 0 20 0 12.11 
0.384 4 4.10 4.10 4.1 4.1 0.158 0.101 1.4872 1.6065 0.3742 0.0165 0.098463 -2.379610 -1.9391 0 4.1800 0  39 3 1 15 -8 7 63 42  0 1 1 1 0 20 0 12.11 
0.385 4 4.10 4.10 4.1 4.1 0.134 0.086 1.4872 1.6065 0.3758 0.0166 0.098463 -2.379632 -1.9391 0 4.1800 0  9 24 -3 -56 -3 63 -7 45  0 1 1 1 0 20 0 12.12 
0.386 4 4.10 4.10 4.1 4.1 0.165 0.122 1.4872 1.6065 0.3772 0.0168 0.101054 -2.379691 -1.9391 0 4.1800 0  -14 83 2 24 9 11 14 49  0 1 1 1 0 20 0 12.12 
0.387 4 4.10 4.10 4.1 4.1 0.136 0.103 1.4872 1.6065 0.3788 0.0169 0.101054 -2.379772 -1.9391 0 4.1800 0  4 4 -14 -22 32 7 46 53  0 1 1 1 0 20 0 12.12 
0.388 4 4.10 4.10 4.1 4.1 0.111 0.115 1.4872 1.6065 0.3800 0.0171 0.101054 -2.379849 -1.9391 0 4.1800 0  -9 19 -10 18 58 -5 36 29  0 1 1 1 0 20 0 12.11 
