%% logfile from robot 34
%  1    time 0.000 sec
%  2    mission (0) state 2
%  3  4 Motor velocity ref left, right: 2.10 2.10
%  5  6 Motor voltage [V] left, right: 2.1 2.1
%  7  8 Motor current left, right [A]: 0.006 -0.005
%  9 10 Wheel velocity [m/s] left, right: 0.0000 0.0000
% 11 12 13 14 Pose x,y,h,tilt [m,m,rad,rad]: 0.0000 0.0000 0.000000 -2.381674
% 15 .. 34 Line sensor: left -4.180000 0, right 1.362388 0, values 18 19 10 16 19 24 12 -3, white 0, used 1, LEDhigh=1, xb=1 xw=0 xbc=20 xwc=0
% 34    Battery voltage [V]: 12.19
0.001 2 2.10 2.10 2.1 2.1 0.065 0.065 0.0000 0.0000 0.0000 0.0000 0.000000 -2.381677 -4.1800 0 1.3624 0  14 10 14 9 25 2 4 22  0 1 1 1 0 20 0 12.14 
0.002 2 2.10 2.10 2.1 2.1 0.283 0.301 0.0000 0.0000 0.0000 0.0000 0.000000 -2.381675 -4.1800 0 1.3624 0  11 11 -1 19 29 -5 -1 19  0 1 1 1 0 20 0 12.12 
0.003 2 2.10 2.10 2.1 2.1 0.404 0.435 0.0000 0.0000 0.0000 0.0000 0.000000 -2.381680 -4.1800 0 1.3624 0  23 17 7 13 6 24 20 8  0 1 1 1 0 20 0 12.09 
0.004 2 2.10 2.10 2.1 2.1 0.477 0.513 0.0000 0.0000 0.0000 0.0000 0.000000 -2.381686 -4.1800 0 1.3624 0  17 1 15 19 0 9 24 12  0 1 1 1 0 20 0 12.08 
0.005 2 2.10 2.10 2.1 2.1 0.468 0.531 0.0000 0.0000 0.0000 0.0000 0.000000 -2.381688 -4.1800 0 1.3624 0  14 4 11 12 -6 23 22 20  0 1 1 1 0 20 0 12.08 
0.006 2 2.10 2.10 2.1 2.1 0.482 0.530 0.0000 0.0000 0.0004 0.0000 0.000000 -2.381681 -4.1800 0 1.3624 0  15 -3 15 8 -4 8 23 19  0 1 1 1 0 20 0 12.08 
0.007 2 2.10 2.10 2.1 2.1 0.483 0.521 0.0000 0.0000 0.0004 0.0000 0.000000 -2.381673 -4.1800 0 1.3624 0  13 7 6 13 -3 12 13 21  0 1 1 1 0 20 0 12.08 
0.008 2 2.10 2.10 2.1 2.1 0.471 0.484 0.0000 0.0000 0.0004 0.0000 0.000000 -2.381668 -4.1800 0 1.3624 0  7 4 15 16 11 15 14 22  0 1 1 1 0 20 0 12.08 
0.009 2 2.10 2.10 2.1 2.1 0.436 0.474 0.1462 0.1743 0.0008 0.0000 0.000000 -2.381665 -4.1800 0 1.3624 0  7 -1 15 16 -1 17 17 22  0 1 1 1 0 20 0 12.09 
0.010 2 2.10 2.10 2.1 2.1 0.433 0.463 0.2133 0.2402 0.0012 0.0000 0.000000 -2.381668 -4.1800 0 1.3624 0  10 0 7 21 2 11 23 10  0 1 1 1 0 20 0 12.09 
0.011 2 2.10 2.10 2.1 2.1 0.451 0.469 0.2133 0.2402 0.0012 0.0000 0.000000 -2.381671 -4.1800 0 1.3624 0  12 3 11 8 14 8 28 22  0 1 1 1 0 20 0 12.08 
0.012 2 2.10 2.10 2.1 2.1 0.401 0.439 0.2333 0.2157 0.0016 0.0000 0.000000 -2.381671 -4.1800 0 1.3624 0  12 3 10 19 29 12 10 3  0 1 1 1 0 20 0 12.09 
0.013 2 2.10 2.10 2.1 2.1 0.374 0.398 0.2333 0.2157 0.0016 0.0000 0.000000 -2.381668 -4.1800 0 1.3624 0  10 23 7 23 -12 19 18 3  0 1 1 1 0 20 0 12.11 
0.014 2 2.10 2.10 2.1 2.1 0.359 0.363 0.2675 0.3113 0.0020 0.0000 0.000000 -2.381666 -4.1800 0 1.3624 0  26 14 8 25 23 15 14 14  0 1 1 1 0 20 0 12.11 
0.015 2 2.10 2.10 2.1 2.1 0.349 0.386 0.2711 0.3213 0.0024 0.0000 0.000000 -2.381668 -4.1800 0 1.3624 0  7 2 11 17 15 14 25 5  0 1 1 1 0 20 0 12.10 
0.016 2 2.10 2.10 2.1 2.1 0.342 0.357 0.3161 0.3522 0.0028 0.0000 0.000000 -2.381674 -4.1800 0 1.3624 0  12 9 6 20 20 10 12 -2  0 1 1 1 0 20 0 12.11 
0.017 2 2.10 2.10 2.1 2.1 0.343 0.348 0.3161 0.2868 0.0030 0.0000 0.002591 -2.381680 -4.1800 0 1.3624 0  14 -1 5 24 29 -2 12 11  0 1 1 1 0 20 0 12.12 
0.018 2 2.10 2.10 2.1 2.1 0.337 0.356 0.3213 0.3936 0.0034 0.0000 0.002591 -2.381686 -4.1800 0 1.3624 0  20 13 16 29 15 16 38 11  0 1 1 1 0 20 0 12.12 
0.019 2 2.10 2.10 2.1 2.1 0.325 0.297 0.3550 0.3751 0.0036 0.0000 0.000000 -2.381694 -4.1800 0 1.3624 0  7 2 -2 14 -8 8 42 3  0 1 1 1 0 20 0 12.11 
0.020 2 2.10 2.10 2.1 2.1 0.319 0.348 0.3430 0.3896 0.0042 0.0000 0.002591 -2.381710 -4.1800 0 1.3624 0  6 7 9 22 34 28 18 4  0 1 1 1 0 20 0 12.11 
0.021 2 2.10 2.10 2.1 2.1 0.287 0.327 0.3860 0.3896 0.0046 0.0000 0.002591 -2.381734 -4.1800 0 1.3624 0  -1 0 -11 4 -9 -3 19 4  0 1 1 1 0 20 0 12.11 
0.022 2 2.10 2.10 2.1 2.1 0.283 0.333 0.3936 0.4269 0.0050 0.0000 0.002591 -2.381765 -4.1800 0 1.3624 0  24 11 26 29 42 13 39 13  0 1 1 1 0 20 0 12.12 
0.023 2 2.10 2.10 2.1 2.1 0.279 0.276 0.4016 0.4317 0.0054 0.0000 0.002591 -2.381800 -4.1800 0 1.3624 0  12 -1 3 16 -7 11 42 11  0 1 1 1 0 20 0 12.10 
0.024 2 2.10 2.10 2.1 2.1 0.282 0.253 0.3715 0.4562 0.0058 0.0000 0.002591 -2.381837 -4.1800 0 1.3624 0  8 4 -8 18 -3 6 13 -8  0 1 1 1 0 20 0 12.13 
0.025 2 2.10 2.10 2.1 2.1 0.272 0.267 0.4016 0.4317 0.0062 0.0000 0.002591 -2.381876 -4.1800 0 1.3624 0  1 -9 6 4 12 14 13 -13  0 1 1 1 0 20 0 12.13 
0.026 2 2.10 2.10 2.1 2.1 0.282 0.256 0.4056 0.4615 0.0066 0.0000 0.002591 -2.381916 -4.1800 0 1.3624 0  20 13 29 33 41 31 26 3  0 1 1 1 0 20 0 12.12 
0.027 2 2.10 2.10 2.1 2.1 0.259 0.289 0.4317 0.3823 0.0070 0.0000 0.002591 -2.381959 -4.1800 0 1.3624 0  17 6 10 23 2 8 18 5  0 1 1 1 0 20 0 12.13 
0.028 2 2.10 2.10 2.1 2.1 0.261 0.243 0.4562 0.4462 0.0074 0.0000 0.002591 -2.382004 -4.1800 0 1.3624 0  6 -3 -11 12 13 10 45 -7  0 1 1 1 0 20 0 12.13 
0.029 2 2.10 2.10 2.1 2.1 0.300 0.256 0.4510 0.4956 0.0082 0.0000 0.002591 -2.382049 -4.1800 0 1.3624 0  8 0 -12 10 9 0 9 7  0 1 1 1 0 20 0 12.13 
0.030 2 2.10 2.10 2.1 2.1 0.251 0.245 0.4723 0.4779 0.0086 0.0000 0.002591 -2.382091 -4.1800 0 1.3624 0  20 11 28 33 22 25 26 24  0 1 1 1 0 20 0 12.14 
0.031 2 2.10 2.10 2.1 2.1 0.234 0.196 0.4723 0.5149 0.0090 0.0000 0.002591 -2.382133 -4.1800 0 1.3624 0  13 3 3 17 -10 5 43 -1  0 1 1 1 0 20 0 12.12 
0.032 2 2.10 2.10 2.1 2.1 0.234 0.222 0.4896 0.4956 0.0096 0.0000 0.005182 -2.382177 -4.1800 0 1.3624 0  7 2 26 15 3 25 16 5  0 1 1 1 0 20 0 12.13 
0.033 2 2.10 2.10 2.1 2.1 0.240 0.207 0.4723 0.5213 0.0100 0.0000 0.005182 -2.382232 -4.1800 0 1.3624 0  6 3 -14 11 -1 2 14 -16  0 1 1 1 0 20 0 12.13 
0.034 2 2.10 2.10 2.1 2.1 0.264 0.261 0.4956 0.5498 0.0106 0.0000 0.002591 -2.382297 -4.1800 0 1.3624 0  13 0 26 22 31 23 34 11  0 1 1 1 0 20 0 12.13 
0.035 2 2.10 2.10 2.1 2.1 0.257 0.255 0.5149 0.5020 0.0110 0.0000 0.002591 -2.382364 -4.1800 0 1.3624 0  20 10 17 25 -5 15 41 -8  0 1 1 1 0 20 0 12.13 
0.036 2 2.10 2.10 2.1 2.1 0.242 0.228 0.5081 0.5575 0.0116 0.0000 0.005182 -2.382433 -4.1800 0 1.3624 0  19 9 4 32 -17 10 4 3  0 1 1 1 0 20 0 12.14 
0.037 2 2.10 2.10 2.1 2.1 0.230 0.203 0.5213 0.5820 0.0120 0.0000 0.005182 -2.382508 -4.1800 0 1.3624 0  12 8 -20 19 -14 8 22 -1  0 1 1 1 0 20 0 12.14 
0.038 2 2.10 2.10 2.1 2.1 0.230 0.181 0.5281 0.5735 0.0129 0.0000 0.005182 -2.382592 -4.1800 0 1.3624 0  18 10 32 30 27 2 20 -2  0 1 1 1 0 20 0 12.14 
0.039 2 2.10 2.10 2.1 2.1 0.226 0.187 0.5354 0.5498 0.0133 0.0000 0.005182 -2.382682 -4.1800 0 1.3624 0  19 9 17 11 -4 17 36 13  0 1 1 1 0 20 0 12.14 
0.040 2 2.10 2.10 2.1 2.1 0.225 0.217 0.5426 0.5575 0.0137 0.0000 0.005182 -2.382780 -4.1800 0 1.3624 0  8 -2 17 6 16 16 17 33  0 1 1 1 0 20 0 12.14 
0.041 2 2.10 2.10 2.1 2.1 0.236 0.188 0.5426 0.5904 0.0145 0.0000 0.005182 -2.382900 -4.1800 0 1.3624 0  7 27 0 23 -23 9 -6 13  0 1 1 1 0 20 0 12.13 
0.042 2 2.10 2.10 2.1 2.1 0.231 0.213 0.5655 0.5820 0.0149 0.0000 0.005182 -2.383044 -4.1800 0 1.3624 0  22 5 -8 29 13 21 21 -1  0 1 1 1 0 20 0 12.14 
0.043 2 2.10 2.10 2.1 2.1 0.215 0.146 0.5354 0.5655 0.0157 0.0000 0.005182 -2.383201 -4.1800 0 1.3624 0  7 1 5 23 0 17 44 -3  0 1 1 1 0 20 0 12.13 
0.044 2 2.10 2.10 2.1 2.1 0.215 0.165 0.5575 0.6085 0.0161 0.0000 0.005182 -2.383372 -4.1800 0 1.3624 0  23 8 30 25 24 23 13 11  0 1 1 1 0 20 0 12.14 
0.045 2 2.10 2.10 2.1 2.1 0.205 0.170 0.5820 0.6273 0.0167 0.0001 0.007773 -2.383549 -4.1800 0 1.3624 0  13 19 16 9 -8 19 25 14  0 1 1 1 0 20 0 12.14 
0.046 2 2.10 2.10 2.1 2.1 0.213 0.218 0.5354 0.5820 0.0173 0.0001 0.005182 -2.383732 -4.1800 0 1.3624 0  8 1 13 33 5 8 30 -7  0 1 1 1 0 20 0 12.14 
0.047 2 2.10 2.10 2.1 2.1 0.232 0.196 0.5655 0.6177 0.0179 0.0001 0.007773 -2.383938 -4.1800 0 1.3624 0  11 6 26 14 -1 10 3 -1  0 1 1 1 0 20 0 12.14 
0.048 2 2.10 2.10 2.1 2.1 0.206 0.139 0.5820 0.5992 0.0185 0.0001 0.005182 -2.384168 -4.1800 0 1.3624 0  16 2 24 21 33 10 36 -1  0 1 1 1 0 20 0 12.14 
0.049 2 2.10 2.10 2.1 2.1 0.181 0.176 0.6177 0.6374 0.0191 0.0001 0.007773 -2.384421 -4.1800 0 1.3624 0  9 3 29 14 -4 10 27 4  0 1 1 1 0 20 0 12.14 
0.050 2 2.10 2.10 2.1 2.1 0.194 0.150 0.5992 0.6583 0.0199 0.0001 0.007773 -2.384695 -4.1800 0 1.3624 0  22 7 24 31 -3 10 44 5  0 1 1 1 0 20 0 12.15 
0.051 2 2.10 2.10 2.1 2.1 0.163 0.154 0.6085 0.5904 0.0203 0.0001 0.007773 -2.384977 -4.1800 0 1.3624 0  12 6 2 11 -10 10 -14 0  0 1 1 1 0 20 0 12.14 
0.052 2 2.10 2.10 2.1 2.1 0.181 0.156 0.5992 0.6583 0.0211 0.0001 0.007773 -2.385258 -4.1800 0 1.3624 0  15 10 7 -2 24 14 42 11  0 1 1 1 0 20 0 12.14 
0.053 2 2.10 2.10 2.1 2.1 0.181 0.144 0.5904 0.6804 0.0215 0.0001 0.007773 -2.385540 -4.1800 0 1.3624 0  20 2 33 11 3 3 17 19  0 1 1 1 0 20 0 12.14 
0.054 2 2.10 2.10 2.1 2.1 0.184 0.162 0.5904 0.6474 0.0223 0.0001 0.007773 -2.385827 -4.1800 0 1.3624 0  3 10 36 29 24 15 35 -7  0 1 1 1 0 20 0 12.14 
0.055 2 2.10 2.10 2.1 2.1 0.170 0.127 0.6085 0.6583 0.0229 0.0001 0.010364 -2.386126 -4.1800 0 1.3624 0  25 -1 30 15 0 2 23 11  0 1 1 1 0 20 0 12.15 
0.056 2 2.10 2.10 2.1 2.1 0.166 0.182 0.6177 0.6474 0.0235 0.0001 0.007773 -2.386436 -4.1800 0 1.3624 0  17 18 19 28 1 18 40 9  0 1 1 1 0 20 0 12.15 
0.057 2 2.10 2.10 2.1 2.1 0.181 0.169 0.5992 0.6804 0.0241 0.0001 0.010364 -2.386748 -4.1800 0 1.3624 0  20 -3 19 10 31 3 26 -1  0 1 1 1 0 20 0 12.14 
0.058 2 2.10 2.10 2.1 2.1 0.153 0.161 0.6273 0.6273 0.0247 0.0001 0.007773 -2.387049 -4.1800 0 1.3624 0  2 1 37 21 34 18 47 0  0 1 1 1 0 20 0 12.14 
0.059 2 2.10 2.10 2.1 2.1 0.158 0.171 0.6374 0.6804 0.0253 0.0001 0.010364 -2.387331 -4.1800 0 1.3624 0  21 11 40 28 9 4 34 15  0 1 1 1 0 20 0 12.14 
0.060 2 2.10 2.10 2.1 2.1 0.162 0.106 0.6177 0.6691 0.0261 0.0001 0.010364 -2.387589 -4.1800 0 1.3624 0  1 20 -5 27 -13 16 13 10  0 1 1 1 0 20 0 12.15 
0.061 2 2.10 2.10 2.1 2.1 0.134 0.140 0.5992 0.6691 0.0265 0.0001 0.010364 -2.387823 -4.1800 0 1.3624 0  11 8 -3 30 -26 15 32 12  0 1 1 1 0 20 0 12.14 
0.062 2 2.10 2.10 2.1 2.1 0.146 0.131 0.6374 0.6583 0.0273 0.0001 0.010364 -2.388044 -4.1800 0 1.3624 0  2 -4 19 9 -11 -3 9 -9  0 1 1 1 0 20 0 12.13 
0.063 2 2.10 2.10 2.1 2.1 0.175 0.120 0.6474 0.6583 0.0279 0.0001 0.012956 -2.388252 -4.1800 0 1.3624 0  25 17 35 25 9 25 30 23  0 1 1 1 0 20 0 12.13 
0.064 2 2.10 2.10 2.1 2.1 0.168 0.099 0.6374 0.7044 0.0285 0.0002 0.010364 -2.388437 -4.1800 0 1.3624 0  21 2 32 19 42 12 16 -3  0 1 1 1 0 20 0 12.14 
0.065 2 2.10 2.10 2.1 2.1 0.146 0.088 0.6273 0.7169 0.0291 0.0002 0.012956 -2.388594 -4.1800 0 1.3624 0  1 5 19 18 22 9 25 -14  0 1 1 1 0 20 0 12.15 
0.066 2 2.10 2.10 2.1 2.1 0.153 0.147 0.6177 0.6924 0.0299 0.0002 0.012956 -2.388715 -4.1800 0 1.3624 0  4 2 17 13 -8 7 20 3  0 1 1 1 0 20 0 12.15 
0.067 2 2.10 2.10 2.1 2.1 0.161 0.119 0.6374 0.7302 0.0307 0.0002 0.012956 -2.388801 -4.1800 0 1.3624 0  16 14 31 15 30 17 47 18  0 1 1 1 0 20 0 12.15 
0.068 2 2.10 2.10 2.1 2.1 0.152 0.109 0.6474 0.6691 0.0311 0.0002 0.012956 -2.388856 -4.1800 0 1.3624 0  10 10 12 6 -13 8 29 8  0 1 1 1 0 20 0 12.15 
0.069 2 2.10 2.10 2.1 2.1 0.133 0.126 0.6474 0.6804 0.0319 0.0002 0.012956 -2.388888 -4.1800 0 1.3624 0  11 8 19 -4 -14 8 23 0  0 1 1 1 0 20 0 12.14 
0.070 2 2.10 2.10 2.1 2.1 0.127 0.101 0.6273 0.6804 0.0325 0.0002 0.015547 -2.388895 -4.1800 0 1.3624 0  6 -11 -10 4 26 -2 23 -3  0 1 1 1 0 20 0 12.14 
0.071 2 2.10 2.10 2.1 2.1 0.103 0.143 0.6474 0.7169 0.0331 0.0002 0.012956 -2.388874 -4.1800 0 1.3624 0  23 14 29 23 9 21 25 9  0 1 1 1 0 20 0 12.15 
0.072 2 2.10 2.10 2.1 2.1 0.124 0.098 0.6085 0.7169 0.0337 0.0002 0.015547 -2.388836 -4.1800 0 1.3624 0  10 25 1 21 -11 15 45 5  0 1 1 1 0 20 0 12.14 
0.073 2 2.10 2.10 2.1 2.1 0.145 0.104 0.6374 0.7169 0.0345 0.0002 0.015547 -2.388780 -4.1800 0 1.3624 0  5 8 24 11 -1 15 28 11  0 1 1 1 0 20 0 12.15 
0.074 2 2.10 2.10 2.1 2.1 0.152 0.116 0.6691 0.7302 0.0353 0.0002 0.015547 -2.388706 -4.1800 0 1.3624 0  4 -3 10 16 9 7 28 5  0 1 1 1 0 20 0 12.15 
0.075 2 2.10 2.10 2.1 2.1 0.143 0.131 0.6374 0.6804 0.0357 0.0003 0.015547 -2.388618 -4.1800 0 1.3624 0  22 6 38 23 16 23 43 21  0 1 1 1 0 20 0 12.14 
0.076 2 2.10 2.10 2.1 2.1 0.110 0.151 0.6691 0.7169 0.0365 0.0003 0.015547 -2.388505 -4.1800 0 1.3624 0  3 8 26 23 0 23 33 15  0 1 1 1 0 20 0 12.16 
0.077 2 2.10 2.10 2.1 2.1 0.139 0.082 0.6177 0.6804 0.0373 0.0003 0.015547 -2.388403 -4.1800 0 1.3624 0  5 -5 22 2 1 6 -4 -10  0 1 1 1 0 20 0 12.16 
0.078 2 2.10 2.10 2.1 2.1 0.138 0.108 0.6474 0.7169 0.0380 0.0003 0.018138 -2.388330 -4.1800 0 1.3624 0  9 8 -6 13 4 -3 23 -3  0 1 1 1 0 20 0 12.14 
0.079 2 2.10 2.10 2.1 2.1 0.127 0.085 0.6583 0.6474 0.0386 0.0003 0.015547 -2.388236 -4.1800 0 1.3624 0  15 3 9 18 49 3 4 12  0 1 1 1 0 20 0 12.15 
0.080 2 2.10 2.10 2.1 2.1 0.097 0.105 0.6804 0.7169 0.0394 0.0003 0.015547 -2.388065 -4.1800 0 1.3624 0  8 9 -13 26 3 13 3 0  0 1 1 1 0 20 0 12.15 
0.081 2 2.10 2.10 2.1 2.1 0.088 0.100 0.6804 0.7575 0.0400 0.0003 0.018138 -2.387841 -4.1800 0 1.3624 0  5 -5 3 11 22 5 -9 12  0 1 1 1 0 20 0 12.16 
0.082 2 2.10 2.10 2.1 2.1 0.094 0.067 0.6474 0.7302 0.0408 0.0003 0.018138 -2.387638 -4.1800 0 1.3624 0  8 13 11 18 3 17 52 21  0 1 1 1 0 20 0 12.15 
0.083 2 2.10 2.10 2.1 2.1 0.138 0.106 0.6691 0.7434 0.0414 0.0003 0.020729 -2.387489 -4.1800 0 1.3624 0  23 7 1 9 -8 15 50 11  0 1 1 1 0 20 0 12.13 
0.084 2 2.10 2.10 2.1 2.1 0.105 0.133 0.6691 0.7169 0.0420 0.0004 0.018138 -2.387400 -4.1800 0 1.3624 0  13 4 21 19 22 25 23 11  0 1 1 1 0 20 0 12.15 
0.085 2 2.10 2.10 2.1 2.1 0.067 0.102 0.6691 0.7434 0.0428 0.0004 0.018138 -2.387342 -4.1800 0 1.3624 0  8 3 2 13 -20 11 -29 12  0 1 1 1 0 20 0 12.16 
0.086 2 2.10 2.10 2.1 2.1 0.073 0.137 0.6691 0.7044 0.0434 0.0004 0.020729 -2.387277 -4.1800 0 1.3624 0  5 7 -12 9 40 13 21 22  0 1 1 1 0 20 0 12.16 
0.087 2 2.10 2.10 2.1 2.1 0.096 0.053 0.6583 0.6583 0.0442 0.0004 0.020729 -2.387184 -4.1800 0 1.3624 0  8 -8 27 2 -13 4 27 7  0 1 1 1 0 20 0 12.16 
0.088 2 2.10 2.10 2.1 2.1 0.094 0.110 0.6691 0.7169 0.0450 0.0004 0.020729 -2.387049 -4.1800 0 1.3624 0  14 8 32 3 7 -1 12 3  0 1 1 1 0 20 0 12.15 
0.089 2 2.10 2.10 2.1 2.1 0.101 0.105 0.6804 0.7575 0.0454 0.0004 0.020729 -2.386890 -4.1800 0 1.3624 0  2 9 20 10 -11 4 12 3  0 1 1 1 0 20 0 12.16 
0.090 2 2.10 2.10 2.1 2.1 0.068 0.118 0.6691 0.7434 0.0462 0.0004 0.020729 -2.386764 -4.1800 0 1.3624 0  16 1 30 8 -3 10 18 -1  0 1 1 1 0 20 0 12.14 
0.091 2 2.10 2.10 2.1 2.1 0.067 0.074 0.6691 0.7434 0.0470 0.0005 0.020729 -2.386707 -4.1800 0 1.3624 0  21 3 4 3 6 17 25 -4  0 1 1 1 0 20 0 12.14 
0.092 2 2.10 2.10 2.1 2.1 0.104 0.061 0.6924 0.7575 0.0476 0.0005 0.023320 -2.386713 -4.1800 0 1.3624 0  5 22 -2 20 32 12 6 13  0 1 1 1 0 20 0 12.16 
0.093 2 2.10 2.10 2.1 2.1 0.149 0.148 0.6583 0.7434 0.0484 0.0005 0.023320 -2.386727 -4.1800 0 1.3624 0  9 7 9 5 12 13 20 7  0 1 1 1 0 20 0 12.15 
0.094 2 2.10 2.10 2.1 2.1 0.096 0.085 0.6691 0.7723 0.0492 0.0005 0.023320 -2.386712 -4.1800 0 1.3624 0  -11 22 11 26 -21 9 9 -9  0 1 1 1 0 20 0 12.16 
0.095 2 2.10 2.10 2.1 2.1 0.050 0.128 0.6804 0.7169 0.0496 0.0005 0.023320 -2.386659 -4.1800 0 1.3624 0  12 3 33 22 59 8 19 17  0 1 1 1 0 20 0 12.16 
0.096 2 2.10 2.10 2.1 2.1 0.062 0.070 0.6691 0.7169 0.0504 0.0005 0.023320 -2.386595 -4.1800 0 1.3624 0  10 6 20 6 1 13 29 17  0 1 1 1 0 20 0 12.16 
0.097 2 2.10 2.10 2.1 2.1 0.123 0.098 0.6804 0.7169 0.0512 0.0006 0.023320 -2.386555 -4.1800 0 1.3624 0  13 14 1 18 -10 11 24 -3  0 1 1 1 0 20 0 12.16 
0.098 2 2.10 2.10 2.1 2.1 0.115 0.082 0.6691 0.7302 0.0518 0.0006 0.025911 -2.386550 -4.1800 0 1.3624 0  7 23 9 26 -23 12 -17 -13  0 1 1 1 0 20 0 12.14 
0.099 2 2.10 2.10 2.1 2.1 0.094 0.120 0.6583 0.7044 0.0526 0.0006 0.025911 -2.386585 -4.1800 0 1.3624 0  16 8 19 7 7 5 24 11  0 1 1 1 0 20 0 12.16 
0.100 2 2.10 2.10 2.1 2.1 0.101 0.093 0.6804 0.7434 0.0532 0.0006 0.023320 -2.386642 -4.1800 0 1.3624 0  38 24 40 28 -11 8 32 3  0 1 1 1 0 20 0 12.16 
0.101 2 2.10 2.10 2.1 2.1 0.095 0.116 0.6804 0.7723 0.0538 0.0006 0.025911 -2.386693 -4.1800 0 1.3624 0  5 2 35 16 -1 5 26 4  0 1 1 1 0 20 0 12.16 
0.102 2 2.10 2.10 2.1 2.1 0.113 0.112 0.6691 0.7302 0.0546 0.0006 0.025911 -2.386736 -4.1800 0 1.3624 0  9 25 -2 25 -1 16 26 -8  0 1 1 1 0 20 0 12.15 
0.103 2 2.10 2.10 2.1 2.1 0.114 0.097 0.7044 0.7723 0.0554 0.0007 0.025911 -2.386766 -4.1800 0 1.3624 0  2 5 17 14 48 5 10 10  0 1 1 1 0 20 0 12.16 
0.104 2 2.10 2.10 2.1 2.1 0.117 0.100 0.6583 0.7575 0.0560 0.0007 0.028502 -2.386802 -4.1800 0 1.3624 0  14 27 9 32 23 26 42 23  0 1 1 1 0 20 0 12.15 
0.105 2 2.10 2.10 2.1 2.1 0.097 0.048 0.7044 0.7723 0.0568 0.0007 0.028502 -2.386853 -4.1800 0 1.3624 0  27 16 -3 26 -11 14 -21 -8  0 1 1 1 0 20 0 12.14 
0.106 2 2.10 2.10 2.1 2.1 0.108 0.120 0.6374 0.6804 0.0574 0.0007 0.025911 -2.386915 -4.1800 0 1.3624 0  17 1 14 14 7 18 55 15  0 1 1 1 0 20 0 12.15 
0.107 2 2.10 2.10 2.1 2.1 0.125 0.086 0.6691 0.7575 0.0580 0.0007 0.028502 -2.386996 -4.1800 0 1.3624 0  5 -3 17 -12 -18 -6 17 -2  0 1 1 1 0 20 0 12.15 
0.108 2 2.10 2.10 2.1 2.1 0.131 0.090 0.6804 0.6924 0.0588 0.0008 0.028502 -2.387092 -4.1800 0 1.3624 0  9 32 4 26 9 28 17 -10  0 1 1 1 0 20 0 12.15 
0.109 2 2.10 2.10 2.1 2.1 0.111 0.030 0.7044 0.7044 0.0596 0.0008 0.028502 -2.387175 -4.1800 0 1.3624 0  11 3 15 -2 -18 9 22 7  0 1 1 1 0 20 0 12.14 
0.110 2 2.10 2.10 2.1 2.1 0.094 0.105 0.7044 0.7434 0.0602 0.0008 0.031093 -2.387244 -4.1800 0 1.3624 0  7 9 18 20 31 11 45 1  0 1 1 1 0 20 0 12.15 
0.111 2 2.10 2.10 2.1 2.1 0.105 0.102 0.6691 0.7723 0.0610 0.0008 0.031093 -2.387305 -4.1800 0 1.3624 0  4 2 11 -7 -6 0 27 0  0 1 1 1 0 20 0 12.14 
0.112 2 2.10 2.10 2.1 2.1 0.130 0.082 0.6804 0.7302 0.0618 0.0009 0.031093 -2.387364 -4.1800 0 1.3624 0  25 24 23 19 59 19 12 18  0 1 1 1 0 20 0 12.16 
0.113 2 2.10 2.10 2.1 2.1 0.126 0.070 0.6924 0.7723 0.0622 0.0009 0.031093 -2.387433 -4.1800 0 1.3624 0  15 6 31 10 5 10 21 -26  0 1 1 1 0 20 0 12.15 
0.114 2 2.10 2.10 2.1 2.1 0.102 0.104 0.6804 0.7169 0.0630 0.0009 0.031093 -2.387509 -4.1800 0 1.3624 0  2 -7 37 -4 -14 -1 27 11  0 1 1 1 0 20 0 12.16 
0.115 2 2.10 2.10 2.1 2.1 0.111 0.086 0.6924 0.7575 0.0638 0.0009 0.031093 -2.387582 -4.1800 0 1.3624 0  6 2 -9 7 34 -3 -11 -9  0 1 1 1 0 20 0 12.15 
0.116 2 2.10 2.10 2.1 2.1 0.121 0.097 0.6691 0.7575 0.0647 0.0009 0.031093 -2.387653 -4.1800 0 1.3624 0  10 21 31 20 60 22 28 4  0 1 1 1 0 20 0 12.15 
0.117 2 2.10 2.10 2.1 2.1 0.124 0.078 0.6924 0.7723 0.0653 0.0010 0.033685 -2.387725 -4.1800 0 1.3624 0  14 4 21 10 29 11 -26 3  0 1 1 1 0 20 0 12.15 
0.118 2 2.10 2.10 2.1 2.1 0.116 0.076 0.6583 0.7723 0.0661 0.0010 0.033685 -2.387790 -4.1800 0 1.3624 0  10 1 -2 23 3 8 27 -10  0 1 1 1 0 20 0 12.16 
0.119 2 2.10 2.10 2.1 2.1 0.090 0.127 0.6474 0.6924 0.0667 0.0010 0.031093 -2.387839 -4.1800 0 1.3624 0  5 39 -4 2 -24 0 28 0  0 1 1 1 0 20 0 12.15 
0.120 2 2.10 2.10 2.1 2.1 0.090 0.111 0.6924 0.7434 0.0673 0.0010 0.033685 -2.387887 -4.1800 0 1.3624 0  10 -3 22 5 -6 10 29 15  0 1 1 1 0 20 0 12.16 
0.121 2 2.10 2.10 2.1 2.1 0.112 0.090 0.7044 0.7169 0.0681 0.0011 0.033685 -2.387939 -4.1800 0 1.3624 0  15 18 14 8 -14 6 -4 -5  0 1 1 1 0 20 0 12.15 
0.122 2 2.10 2.10 2.1 2.1 0.142 0.052 0.6924 0.7302 0.0689 0.0011 0.033685 -2.387988 -4.1800 0 1.3624 0  14 12 0 20 -5 12 37 -17  0 1 1 1 0 20 0 12.17 
0.123 2 2.10 2.10 2.1 2.1 0.101 0.123 0.6804 0.7169 0.0695 0.0011 0.036276 -2.388028 -4.1800 0 1.3624 0  13 11 32 19 28 15 17 -11  0 1 1 1 0 20 0 12.16 
0.124 2 2.10 2.10 2.1 2.1 0.090 0.104 0.6691 0.7434 0.0703 0.0011 0.036276 -2.388057 -4.1800 0 1.3624 0  19 13 27 6 1 11 35 12  0 1 1 1 0 20 0 12.16 
0.125 2 2.10 2.10 2.1 2.1 0.116 0.109 0.6804 0.7302 0.0709 0.0012 0.033685 -2.388080 -4.1800 0 1.3624 0  15 -5 -20 23 23 18 14 -8  0 1 1 1 0 20 0 12.16 
0.126 2 2.10 2.10 2.1 2.1 0.113 0.044 0.6924 0.7575 0.0715 0.0012 0.036276 -2.388098 -4.1800 0 1.3624 0  8 11 -11 22 -6 5 -8 -10  0 1 1 1 0 20 0 12.16 
0.127 2 2.10 2.10 2.1 2.1 0.105 0.117 0.6924 0.7723 0.0723 0.0012 0.036276 -2.388098 -4.1800 0 1.3624 0  8 7 23 11 49 3 7 7  0 1 1 1 0 20 0 12.16 
0.128 2 2.10 2.10 2.1 2.1 0.089 0.089 0.6924 0.7434 0.0731 0.0012 0.036276 -2.388086 -4.1800 0 1.3624 0  14 -7 17 16 9 25 55 3  0 1 1 1 0 20 0 12.14 
0.129 2 2.10 2.10 2.1 2.1 0.097 0.126 0.6924 0.7723 0.0739 0.0013 0.036276 -2.388072 -4.1800 0 1.3624 0  11 11 20 2 -26 10 -6 -11  0 1 1 1 0 20 0 12.16 
0.130 2 2.10 2.10 2.1 2.1 0.116 0.055 0.6583 0.7575 0.0745 0.0013 0.038867 -2.388057 -4.1800 0 1.3624 0  0 15 -6 16 -3 6 -5 -24  0 1 1 1 0 20 0 12.15 
0.131 2 2.10 2.10 2.1 2.1 0.121 0.070 0.7169 0.7723 0.0753 0.0013 0.038867 -2.388036 -4.1800 0 1.3624 0  13 9 8 20 49 -4 12 10  0 1 1 1 0 20 0 12.15 
0.132 2 2.10 2.10 2.1 2.1 0.112 0.067 0.6691 0.6924 0.0759 0.0013 0.036276 -2.387992 -4.1800 0 1.3624 0  15 7 29 18 -3 18 35 8  0 1 1 1 0 20 0 12.15 
0.133 2 2.10 2.10 2.1 2.1 0.121 0.106 0.6924 0.7575 0.0765 0.0014 0.038867 -2.387932 -4.1800 0 1.3624 0  14 0 -13 16 30 15 12 -3  0 1 1 1 0 20 0 12.16 
0.134 2 2.10 2.10 2.1 2.1 0.127 0.087 0.7044 0.6924 0.0773 0.0014 0.038867 -2.387869 -4.1800 0 1.3624 0  14 6 -5 18 26 17 26 -6  0 1 1 1 0 20 0 12.15 
0.135 2 2.10 2.10 2.1 2.1 0.154 0.093 0.6691 0.7044 0.0781 0.0014 0.038867 -2.387800 -4.1800 0 1.3624 0  14 8 10 17 9 16 12 -23  0 1 1 1 0 20 0 12.15 
0.136 2 2.10 2.10 2.1 2.1 0.132 0.108 0.6691 0.7302 0.0787 0.0014 0.041458 -2.387726 -4.1800 0 1.3624 0  13 9 33 17 39 12 6 6  0 1 1 1 0 20 0 12.15 
0.137 2 2.10 2.10 2.1 2.1 0.122 0.092 0.7302 0.7723 0.0795 0.0015 0.041458 -2.387645 -4.1800 0 1.3624 0  14 8 -7 12 -19 22 1 -1  0 1 1 1 0 20 0 12.16 
0.138 2 2.10 2.10 2.1 2.1 0.113 0.105 0.7044 0.6691 0.0803 0.0015 0.041458 -2.387561 -4.1800 0 1.3624 0  6 25 -6 23 -33 10 -3 0  0 1 1 1 0 20 0 12.15 
0.139 2 2.10 2.10 2.1 2.1 0.124 0.023 0.6804 0.7723 0.0809 0.0015 0.038867 -2.387475 -4.1800 0 1.3624 0  -5 22 -9 15 -33 12 10 3  0 1 1 1 0 20 0 12.16 
0.140 2 2.10 2.10 2.1 2.1 0.146 0.086 0.6924 0.7434 0.0815 0.0016 0.041458 -2.387382 -4.1800 0 1.3624 0  27 13 6 22 -12 22 23 4  0 1 1 1 0 20 0 12.16 
0.141 2 2.10 2.10 2.1 2.1 0.132 0.074 0.6924 0.7723 0.0823 0.0016 0.041458 -2.387279 -4.1800 0 1.3624 0  25 4 25 -6 -5 15 32 7  0 1 1 1 0 20 0 12.15 
0.142 2 2.10 2.10 2.1 2.1 0.106 0.095 0.6924 0.7575 0.0831 0.0016 0.041458 -2.387172 -4.1800 0 1.3624 0  8 5 12 15 20 -1 36 -10  0 1 1 1 0 20 0 12.16 
0.143 2 2.10 2.10 2.1 2.1 0.120 0.055 0.6924 0.7723 0.0837 0.0017 0.044049 -2.387071 -4.1800 0 1.3624 0  -2 22 -4 20 -22 11 2 -15  0 1 1 1 0 20 0 12.16 
0.144 2 2.10 2.10 2.1 2.1 0.121 0.083 0.6804 0.7872 0.0845 0.0017 0.044049 -2.386978 -4.1800 0 1.3624 0  17 11 21 20 55 2 7 8  0 1 1 1 0 20 0 12.16 
0.145 2 2.10 2.10 2.1 2.1 0.133 0.146 0.6924 0.7044 0.0851 0.0017 0.041458 -2.386893 -4.1800 0 1.3624 0  22 13 20 37 56 4 1 9  0 1 1 1 0 20 0 12.15 
0.146 2 2.10 2.10 2.1 2.1 0.127 0.082 0.6691 0.7723 0.0857 0.0017 0.044049 -2.386820 -4.1800 0 1.3624 0  15 5 34 9 15 8 25 1  0 1 1 1 0 20 0 12.16 
0.147 2 2.10 2.10 2.1 2.1 0.101 0.102 0.6804 0.7302 0.0865 0.0018 0.044049 -2.386752 -4.1800 0 1.3624 0  26 12 30 14 10 4 32 13  0 1 1 1 0 20 0 12.15 
0.148 2 2.10 2.10 2.1 2.1 0.112 0.055 0.6924 0.7434 0.0873 0.0018 0.044049 -2.386691 -4.1800 0 1.3624 0  -10 -4 33 4 -22 -8 -1 -25  0 1 1 1 0 20 0 12.16 
0.149 2 2.10 2.10 2.1 2.1 0.131 0.084 0.7044 0.7302 0.0881 0.0018 0.044049 -2.386638 -4.1800 0 1.3624 0  31 23 31 27 40 21 22 -7  0 1 1 1 0 20 0 12.15 
0.150 2 2.10 2.10 2.1 2.1 0.154 0.097 0.6804 0.7434 0.0887 0.0019 0.046640 -2.386590 -4.1800 0 1.3624 0  -7 16 -9 24 21 16 14 5  0 1 1 1 0 20 0 12.15 
0.151 2 2.10 2.10 2.1 2.1 0.096 0.095 0.6804 0.6691 0.0893 0.0019 0.044049 -2.386557 -4.1800 0 1.3624 0  11 -1 26 11 -1 2 20 8  0 1 1 1 0 20 0 12.16 
0.152 2 2.10 2.10 2.1 2.1 0.100 0.091 0.6691 0.7575 0.0901 0.0019 0.044049 -2.386542 -4.1800 0 1.3624 0  -10 3 -29 5 -12 -9 -9 -29  0 1 1 1 0 20 0 12.16 
0.153 2 2.10 2.10 2.1 2.1 0.100 0.074 0.6924 0.7872 0.0907 0.0020 0.046640 -2.386538 -4.1800 0 1.3624 0  15 20 -2 33 21 18 30 1  0 1 1 1 0 20 0 12.15 
0.154 2 2.10 2.10 2.1 2.1 0.120 0.112 0.6924 0.7723 0.0915 0.0020 0.046640 -2.386550 -4.1800 0 1.3624 0  9 12 -13 11 47 16 18 -3  0 1 1 1 0 20 0 12.15 
0.155 2 2.10 2.10 2.1 2.1 0.115 0.077 0.6924 0.7872 0.0923 0.0020 0.046640 -2.386576 -4.1800 0 1.3624 0  16 15 28 13 14 16 37 20  0 1 1 1 0 20 0 12.16 
0.156 2 2.10 2.10 2.1 2.1 0.086 0.074 0.6691 0.7434 0.0929 0.0021 0.049231 -2.386608 -4.1800 0 1.3624 0  5 5 12 -2 -6 -15 28 1  0 1 1 1 0 20 0 12.16 
0.157 2 2.10 2.10 2.1 2.1 0.061 0.040 0.6924 0.7723 0.0937 0.0021 0.049231 -2.386649 -4.1800 0 1.3624 0  19 34 -2 28 19 17 44 1  0 1 1 1 0 20 0 12.15 
0.158 2 2.10 2.10 2.1 2.1 0.087 0.101 0.6583 0.7302 0.0945 0.0021 0.049231 -2.386693 -4.1800 0 1.3624 0  10 1 32 11 2 7 31 11  0 1 1 1 0 20 0 12.15 
0.159 2 2.10 2.10 2.1 2.1 0.128 0.097 0.7169 0.7872 0.0954 0.0022 0.049231 -2.386752 -4.1800 0 1.3624 0  12 11 -7 9 -23 27 9 -1  0 1 1 1 0 20 0 12.15 
0.160 2 2.10 2.10 2.1 2.1 0.107 0.089 0.7169 0.7044 0.0958 0.0022 0.049231 -2.386826 -4.1800 0 1.3624 0  4 0 11 -5 -9 -2 12 -15  0 1 1 1 0 20 0 12.15 
0.161 2 2.10 2.10 2.1 2.1 0.089 0.085 0.6924 0.7169 0.0966 0.0022 0.049231 -2.386900 -4.1800 0 1.3624 0  9 6 13 3 -10 19 1 7  0 1 1 1 0 20 0 12.16 
0.162 2 2.10 2.10 2.1 2.1 0.084 0.076 0.7169 0.7302 0.0974 0.0023 0.049231 -2.386971 -4.1800 0 1.3624 0  13 6 8 7 45 -1 6 18  0 1 1 1 0 20 0 12.15 
0.163 2 2.10 2.10 2.1 2.1 0.120 0.125 0.6583 0.7575 0.0980 0.0023 0.051822 -2.387042 -4.1800 0 1.3624 0  19 9 22 18 39 8 19 -6  0 1 1 1 0 20 0 12.15 
0.164 2 2.10 2.10 2.1 2.1 0.093 0.056 0.6691 0.7302 0.0988 0.0024 0.051822 -2.387119 -4.1800 0 1.3624 0  12 10 34 11 -9 4 26 -4  0 1 1 1 0 20 0 12.15 
0.165 2 2.10 2.10 2.1 2.1 0.106 0.078 0.7302 0.6177 0.0994 0.0024 0.049231 -2.387203 -4.1800 0 1.3624 0  14 13 3 2 12 8 -4 13  0 1 1 1 0 20 0 12.16 
0.166 2 2.10 2.10 2.1 2.1 0.074 0.063 0.7044 0.7169 0.1002 0.0024 0.049231 -2.387284 -4.1800 0 1.3624 0  14 3 12 20 6 9 16 -11  0 1 1 1 0 20 0 12.16 
0.167 2 2.10 2.10 2.1 2.1 0.072 0.102 0.7044 0.7575 0.1008 0.0025 0.051822 -2.387354 -4.1800 0 1.3624 0  14 4 26 9 4 7 27 7  0 1 1 1 0 20 0 12.16 
0.168 2 2.10 2.10 2.1 2.1 0.113 0.085 0.6924 0.7575 0.1016 0.0025 0.051822 -2.387425 -4.1800 0 1.3624 0  13 8 -10 17 -14 24 25 9  0 1 1 1 0 20 0 12.16 
0.169 2 2.10 2.10 2.1 2.1 0.091 0.051 0.7044 0.7575 0.1024 0.0025 0.051822 -2.387497 -4.1800 0 1.3624 0  14 9 10 3 12 8 13 19  0 1 1 1 0 20 0 12.14 
0.170 2 2.10 2.10 2.1 2.1 0.099 0.081 0.6804 0.7723 0.1030 0.0026 0.054414 -2.387563 -4.1800 0 1.3624 0  9 29 14 26 13 8 0 -3  0 1 1 1 0 20 0 12.16 
0.171 2 2.10 2.10 2.1 2.1 0.093 0.093 0.6924 0.7302 0.1038 0.0026 0.054414 -2.387621 -4.1800 0 1.3624 0  19 13 18 10 1 9 21 -7  0 1 1 1 0 20 0 12.15 
0.172 2 2.10 2.10 2.1 2.1 0.101 0.103 0.6691 0.7872 0.1046 0.0027 0.054414 -2.387678 -4.1800 0 1.3624 0  7 20 -4 8 1 5 24 5  0 1 1 1 0 20 0 12.16 
0.173 2 2.10 2.10 2.1 2.1 0.073 0.114 0.6924 0.7723 0.1054 0.0027 0.054414 -2.387731 -4.1800 0 1.3624 0  16 12 33 13 -2 10 21 14  0 1 1 1 0 20 0 12.16 
0.174 2 2.10 2.10 2.1 2.1 0.079 0.060 0.7044 0.7434 0.1058 0.0027 0.054414 -2.387775 -4.1800 0 1.3624 0  9 9 13 17 22 5 15 -15  0 1 1 1 0 20 0 12.16 
0.175 2 2.10 2.10 2.1 2.1 0.075 0.111 0.6924 0.7302 0.1066 0.0028 0.054414 -2.387809 -4.1800 0 1.3624 0  1 13 1 20 46 8 10 -2  0 1 1 1 0 20 0 12.16 
0.176 2 2.10 2.10 2.1 2.1 0.071 0.074 0.6924 0.7434 0.1074 0.0028 0.054414 -2.387835 -4.1800 0 1.3624 0  10 0 21 6 2 14 38 19  0 1 1 1 0 20 0 12.16 
0.177 2 2.10 2.10 2.1 2.1 0.090 0.093 0.7044 0.7169 0.1080 0.0028 0.057005 -2.387858 -4.1800 0 1.3624 0  21 13 -35 30 24 3 15 -1  0 1 1 1 0 20 0 12.15 
0.178 2 2.10 2.10 2.1 2.1 0.144 0.054 0.6804 0.7434 0.1088 0.0029 0.057005 -2.387877 -4.1800 0 1.3624 0  7 22 -13 35 7 12 4 -19  0 1 1 1 0 20 0 12.16 
0.179 2 2.10 2.10 2.1 2.1 0.089 0.096 0.6804 0.7169 0.1096 0.0029 0.057005 -2.387886 -4.1800 0 1.3624 0  10 7 22 8 41 5 9 12  0 1 1 1 0 20 0 12.15 
0.180 2 2.10 2.10 2.1 2.1 0.077 0.094 0.6924 0.7575 0.1102 0.0030 0.059596 -2.387885 -4.1800 0 1.3624 0  14 7 25 15 9 7 41 11  0 1 1 1 0 20 0 12.16 
0.181 2 2.10 2.10 2.1 2.1 0.087 0.099 0.6924 0.7434 0.1108 0.0030 0.057005 -2.387876 -4.1800 0 1.3624 0  9 15 -13 27 42 15 20 -13  0 1 1 1 0 20 0 12.15 
0.182 2 2.10 2.10 2.1 2.1 0.116 0.064 0.7044 0.7723 0.1116 0.0031 0.057005 -2.387856 -4.1800 0 1.3624 0  8 27 -5 11 -26 16 17 13  0 1 1 1 0 20 0 12.16 
0.183 2 2.10 2.10 2.1 2.1 0.101 0.041 0.7044 0.7723 0.1124 0.0031 0.057005 -2.387823 -4.1800 0 1.3624 0  9 1 32 11 -1 6 25 -8  0 1 1 1 0 20 0 12.16 
0.184 2 2.10 2.10 2.1 2.1 0.086 0.105 0.6804 0.7302 0.1130 0.0031 0.059596 -2.387789 -4.1800 0 1.3624 0  7 12 19 21 57 12 10 3  0 1 1 1 0 20 0 12.16 
0.185 2 2.10 2.10 2.1 2.1 0.073 0.070 0.6924 0.7872 0.1138 0.0032 0.059596 -2.387757 -4.1800 0 1.3624 0  10 5 1 3 45 5 16 1  0 1 1 1 0 20 0 12.16 
0.186 2 2.10 2.10 2.1 2.1 0.082 0.089 0.6583 0.7575 0.1146 0.0032 0.059596 -2.387723 -4.1800 0 1.3624 0  27 23 44 34 48 6 22 7  0 1 1 1 0 20 0 12.15 
0.187 2 2.10 2.10 2.1 2.1 0.125 0.045 0.6804 0.7434 0.1152 0.0033 0.062187 -2.387688 -4.1800 0 1.3624 0  6 8 9 25 -21 12 0 4  0 1 1 1 0 20 0 12.16 
0.188 2 2.10 2.10 2.1 2.1 0.114 0.086 0.7169 0.7434 0.1160 0.0033 0.062187 -2.387651 -4.1800 0 1.3624 0  20 5 19 5 0 3 21 -7  0 1 1 1 0 20 0 12.15 
0.189 2 2.10 2.10 2.1 2.1 0.099 0.110 0.6924 0.7723 0.1166 0.0034 0.059596 -2.387608 -4.1800 0 1.3624 0  1 -17 10 10 -5 12 20 1  0 1 1 1 0 20 0 12.15 
0.190 2 2.10 2.10 2.1 2.1 0.108 0.097 0.7169 0.7302 0.1174 0.0034 0.059596 -2.387563 -4.1800 0 1.3624 0  22 15 15 28 43 20 46 -3  0 1 1 1 0 20 0 12.15 
0.191 2 2.10 2.10 2.1 2.1 0.113 0.078 0.6583 0.6804 0.1180 0.0034 0.062187 -2.387519 -4.1800 0 1.3624 0  14 14 8 8 -7 11 22 -9  0 1 1 1 0 20 0 12.16 
0.192 2 2.10 2.10 2.1 2.1 0.118 0.086 0.6691 0.7302 0.1188 0.0035 0.062187 -2.387471 -4.1800 0 1.3624 0  9 5 23 21 -4 19 42 8  0 1 1 1 0 20 0 12.16 
0.193 2 2.10 2.10 2.1 2.1 0.120 0.096 0.7302 0.7302 0.1196 0.0035 0.062187 -2.387420 -4.1800 0 1.3624 0  7 -6 18 -2 -6 -8 18 3  0 1 1 1 0 20 0 12.14 
0.194 2 2.10 2.10 2.1 2.1 0.090 0.072 0.7169 0.7169 0.1202 0.0036 0.064778 -2.387373 -4.1800 0 1.3624 0  21 13 39 20 -1 15 28 15  0 1 1 1 0 20 0 12.16 
0.195 2 2.10 2.10 2.1 2.1 0.097 0.051 0.7169 0.7434 0.1210 0.0036 0.064778 -2.387331 -4.1800 0 1.3624 0  11 14 29 21 2 16 36 21  0 1 1 1 0 20 0 12.16 
0.196 2 2.10 2.10 2.1 2.1 0.107 0.075 0.6924 0.7723 0.1216 0.0037 0.062187 -2.387282 -4.1800 0 1.3624 0  12 8 -3 3 14 6 34 20  0 1 1 1 0 20 0 12.15 
0.197 2 2.10 2.10 2.1 2.1 0.139 0.085 0.7044 0.7575 0.1224 0.0037 0.062187 -2.387241 -4.1800 0 1.3624 0  6 4 5 -16 -27 -8 18 -8  0 1 1 1 0 20 0 12.16 
0.198 2 2.10 2.10 2.1 2.1 0.118 0.116 0.6804 0.7872 0.1230 0.0038 0.064778 -2.387211 -4.1800 0 1.3624 0  22 10 35 28 5 35 31 14  0 1 1 1 0 20 0 12.16 
0.199 2 2.10 2.10 2.1 2.1 0.086 0.042 0.6924 0.7575 0.1238 0.0038 0.064778 -2.387180 -4.1800 0 1.3624 0  1 2 25 11 30 3 34 -2  0 1 1 1 0 20 0 12.15 
0.200 4 4.10 4.10 4.1 4.1 0.104 0.051 0.6804 0.7575 0.1246 0.0039 0.064778 -2.387154 -4.1800 0 1.3624 0  11 2 8 16 28 12 30 -4  0 1 1 1 0 20 0 12.16 
0.201 4 4.10 4.10 4.1 4.1 0.291 0.299 0.6924 0.7723 0.1252 0.0039 0.067369 -2.387127 -4.1800 0 1.3624 0  -18 -2 -28 9 3 -2 4 -17  0 1 1 1 0 20 0 12.07 
0.202 4 4.10 4.10 4.1 4.1 0.387 0.386 0.7169 0.7723 0.1260 0.0040 0.067369 -2.387100 -4.1800 0 1.3624 0  7 16 24 20 16 28 52 20  0 1 1 1 0 20 0 12.01 
0.203 4 4.10 4.10 4.1 4.1 0.508 0.519 0.7169 0.7575 0.1268 0.0040 0.067369 -2.387091 -4.1800 0 1.3624 0  8 7 28 10 9 7 26 20  0 1 1 1 0 20 0 11.99 
0.204 4 4.10 4.10 4.1 4.1 0.569 0.536 0.7575 0.8193 0.1276 0.0041 0.067369 -2.387085 -4.1800 0 1.3624 0  11 5 24 18 -1 9 41 25  0 1 1 1 0 20 0 11.95 
0.205 4 4.10 4.10 4.1 4.1 0.627 0.644 0.7872 0.8193 0.1284 0.0041 0.067369 -2.387083 -4.1800 0 1.3624 0  1 -2 2 -5 -8 -9 10 4  0 1 1 1 0 20 0 11.96 
0.206 4 4.10 4.10 4.1 4.1 0.551 0.507 0.7872 0.8727 0.1292 0.0042 0.067369 -2.387096 -4.1800 0 1.3624 0  -6 -8 15 13 13 3 30 27  0 1 1 1 0 20 0 11.98 
0.207 4 4.10 4.10 4.1 4.1 0.519 0.525 0.8193 0.8543 0.1300 0.0042 0.067369 -2.387113 -4.1800 0 1.3624 0  8 1 24 15 19 -1 17 8  0 1 1 1 0 20 0 11.99 
0.208 4 4.10 4.10 4.1 4.1 0.531 0.506 0.8366 0.8924 0.1308 0.0043 0.067369 -2.387121 -4.1800 0 1.3624 0  -1 6 19 20 6 14 23 14  0 1 1 1 0 20 0 11.98 
0.209 4 4.10 4.10 4.1 4.1 0.569 0.493 0.8727 0.9338 0.1318 0.0043 0.069960 -2.387125 -4.1800 0 1.3624 0  3 -1 9 15 6 18 9 -6  0 1 1 1 0 20 0 12.00 
0.210 4 4.10 4.10 4.1 4.1 0.485 0.489 0.8924 0.8727 0.1326 0.0044 0.069960 -2.387134 -4.1800 0 1.3624 0  6 -5 7 10 16 -3 31 12  0 1 1 1 0 20 0 12.00 
0.211 4 4.10 4.10 4.1 4.1 0.478 0.477 0.9338 0.9559 0.1338 0.0045 0.069960 -2.387153 -4.1800 0 1.3624 0  1 -2 7 19 10 -6 14 18  0 1 1 1 0 20 0 12.00 
0.212 4 4.10 4.10 4.1 4.1 0.451 0.422 0.9338 1.0041 0.1346 0.0045 0.069960 -2.387185 -4.1800 0 1.3624 0  4 1 24 0 3 7 17 10  0 1 1 1 0 20 0 12.01 
0.213 4 4.10 4.10 4.1 4.1 0.439 0.420 0.9796 1.0298 0.1358 0.0046 0.069960 -2.387223 -4.1800 0 1.3624 0  12 17 11 10 6 -3 12 14  0 1 1 1 0 20 0 12.02 
0.214 4 4.10 4.10 4.1 4.1 0.411 0.420 0.9796 1.0041 0.1366 0.0047 0.069960 -2.387269 -4.1800 0 1.3624 0  10 9 3 10 19 5 25 9  0 1 1 1 0 20 0 12.02 
0.215 4 4.10 4.10 4.1 4.1 0.416 0.424 1.0041 1.0852 0.1376 0.0048 0.072551 -2.387312 -4.1800 0 1.3624 0  2 15 6 0 -5 10 15 34  0 1 1 1 0 20 0 12.03 
0.216 4 4.10 4.10 4.1 4.1 0.408 0.398 1.0041 1.0852 0.1388 0.0048 0.072551 -2.387344 -4.1800 0 1.3624 0  6 6 7 17 11 4 8 9  0 1 1 1 0 20 0 12.03 
0.217 4 4.10 4.10 4.1 4.1 0.402 0.382 1.0567 1.1153 0.1398 0.0049 0.069960 -2.387383 -4.1800 0 1.3624 0  25 13 5 28 12 15 20 -7  0 1 1 1 0 20 0 12.03 
0.218 4 4.10 4.10 4.1 4.1 0.380 0.423 1.0567 1.1153 0.1408 0.0050 0.072551 -2.387435 -4.1800 0 1.3624 0  22 -5 13 15 17 -9 11 6  0 1 1 1 0 20 0 12.03 
0.219 4 4.10 4.10 4.1 4.1 0.436 0.345 1.0852 1.1474 0.1420 0.0051 0.072551 -2.387493 -4.1800 0 1.3624 0  1 9 8 3 -7 13 10 1  0 1 1 1 0 20 0 12.03 
0.220 4 4.10 4.10 4.1 4.1 0.376 0.319 1.0852 1.1812 0.1431 0.0051 0.075143 -2.387555 -4.1800 0 1.3624 0  13 -5 8 15 16 17 34 13  0 1 1 1 0 20 0 12.04 
0.221 4 4.10 4.10 4.1 4.1 0.369 0.318 1.1153 1.1812 0.1443 0.0052 0.075143 -2.387616 -4.1800 0 1.3624 0  32 18 2 13 16 14 12 10  0 1 1 1 0 20 0 12.04 
0.222 4 4.10 4.10 4.1 4.1 0.391 0.340 1.1153 1.2169 0.1455 0.0053 0.075143 -2.387667 -4.1800 0 1.3624 0  31 8 9 13 9 16 7 19  0 1 1 1 0 20 0 12.05 
0.223 4 4.10 4.10 4.1 4.1 0.358 0.343 1.0852 1.1153 0.1463 0.0054 0.075143 -2.387719 -4.1800 0 1.3624 0  13 14 17 7 14 4 14 15  0 1 1 1 0 20 0 12.04 
0.224 4 4.10 4.10 4.1 4.1 0.337 0.318 1.1474 1.2952 0.1477 0.0055 0.077734 -2.387777 -4.1800 0 1.3624 0  31 -2 0 10 0 12 6 1  0 1 1 1 0 20 0 12.05 
0.225 4 4.10 4.10 4.1 4.1 0.400 0.295 1.1474 1.2169 0.1489 0.0056 0.077734 -2.387835 -4.1800 0 1.3624 0  28 -4 -1 19 -8 20 10 8  0 1 1 1 0 20 0 12.05 
0.226 4 4.10 4.10 4.1 4.1 0.355 0.299 1.1474 1.2169 0.1499 0.0057 0.075143 -2.387901 -4.1800 0 1.3624 0  30 28 8 9 23 24 17 7  0 1 1 1 0 20 0 12.06 
0.227 4 4.10 4.10 4.1 4.1 0.329 0.301 1.1474 1.0852 0.1509 0.0057 0.077734 -2.387971 -4.1800 0 1.3624 0  31 -1 10 10 2 18 29 -12  0 1 1 1 0 20 0 12.07 
0.228 4 4.10 4.10 4.1 4.1 0.350 0.289 1.1812 1.2551 0.1523 0.0059 0.080325 -2.388031 -4.1800 0 1.3624 0  6 -2 -2 11 19 17 -8 10  0 1 1 1 0 20 0 12.07 
0.229 4 4.10 4.10 4.1 4.1 0.300 0.327 1.1812 1.2952 0.1535 0.0059 0.080325 -2.388088 -4.1800 0 1.3624 0  10 -1 11 11 8 17 48 0  0 1 1 1 0 20 0 12.06 
0.230 4 4.10 4.10 4.1 4.1 0.294 0.256 1.1812 1.3386 0.1547 0.0060 0.080325 -2.388146 -4.1800 0 1.3624 0  30 23 -5 8 27 21 15 15  0 1 1 1 0 20 0 12.07 
0.231 4 4.10 4.10 4.1 4.1 0.314 0.243 1.2551 1.2952 0.1559 0.0061 0.080325 -2.388205 -4.1800 0 1.3624 0  41 21 14 15 23 26 19 1  0 1 1 1 0 20 0 12.07 
0.232 4 4.10 4.10 4.1 4.1 0.306 0.252 1.2551 1.3386 0.1571 0.0062 0.080325 -2.388267 -4.1800 0 1.3624 0  32 -3 4 10 14 21 24 15  0 1 1 1 0 20 0 12.07 
0.233 4 4.10 4.10 4.1 4.1 0.343 0.254 1.2169 1.3386 0.1583 0.0063 0.080325 -2.388323 -4.1800 0 1.3624 0  20 5 9 4 8 11 18 -1  0 1 1 1 0 20 0 12.07 
0.234 4 4.10 4.10 4.1 4.1 0.315 0.249 1.2551 1.3848 0.1595 0.0064 0.080325 -2.388370 -4.1800 0 1.3624 0  9 -9 0 6 6 23 13 -3  0 1 1 1 0 20 0 12.07 
0.235 4 4.10 4.10 4.1 4.1 0.293 0.265 1.2551 1.3848 0.1609 0.0065 0.082916 -2.388421 -4.1800 0 1.3624 0  27 28 18 28 23 30 32 1  0 1 1 1 0 20 0 12.08 
0.236 4 4.10 4.10 4.1 4.1 0.356 0.249 1.2551 1.3386 0.1621 0.0066 0.082916 -2.388482 -4.1800 0 1.3624 0  45 14 5 38 9 31 4 18  0 1 1 1 0 20 0 12.08 
0.237 4 4.10 4.10 4.1 4.1 0.299 0.230 1.2551 1.3848 0.1633 0.0067 0.082916 -2.388553 -4.1800 0 1.3624 0  42 5 -5 7 5 21 25 1  0 1 1 1 0 20 0 12.07 
0.238 4 4.10 4.10 4.1 4.1 0.279 0.250 1.2551 1.3848 0.1647 0.0069 0.085507 -2.388628 -4.1800 0 1.3624 0  3 17 -5 0 -6 8 1 -8  0 1 1 1 0 20 0 12.07 
0.239 4 4.10 4.10 4.1 4.1 0.238 0.211 1.2952 1.4342 0.1659 0.0070 0.085507 -2.388697 -4.1800 0 1.3624 0  37 14 16 24 20 31 21 11  0 1 1 1 0 20 0 12.08 
0.240 4 4.10 4.10 4.1 4.1 0.243 0.226 1.2551 1.4342 0.1671 0.0071 0.085507 -2.388772 -4.1800 0 1.3624 0  12 0 -11 10 17 20 17 0  0 1 1 1 0 20 0 12.09 
0.241 4 4.10 4.10 4.1 4.1 0.277 0.198 1.2952 1.3386 0.1683 0.0072 0.085507 -2.388862 -4.1800 0 1.3624 0  46 8 -4 9 6 39 33 4  0 1 1 1 0 20 0 12.08 
0.242 4 4.10 4.10 4.1 4.1 0.261 0.211 1.2952 1.3386 0.1697 0.0073 0.088098 -2.388959 -4.1800 0 1.3624 0  -3 1 -7 -2 0 21 10 13  0 1 1 1 0 20 0 12.09 
0.243 4 4.10 4.10 4.1 4.1 0.259 0.203 1.2952 1.3848 0.1709 0.0074 0.088098 -2.389047 -4.1800 0 1.3624 0  59 16 26 29 34 31 40 4  0 1 1 1 0 20 0 12.08 
0.244 4 4.10 4.10 4.1 4.1 0.283 0.208 1.2952 1.4872 0.1725 0.0075 0.088098 -2.389130 -4.1800 0 1.3624 0  26 12 12 11 1 37 15 -6  0 1 1 1 0 20 0 12.08 
0.245 4 4.10 4.10 4.1 4.1 0.268 0.220 1.2952 1.3848 0.1737 0.0076 0.088098 -2.389226 -4.1800 0 1.3624 0  11 2 11 11 22 27 19 -4  0 1 1 1 0 20 0 12.09 
0.246 4 4.10 4.10 4.1 4.1 0.250 0.234 1.2952 1.4872 0.1749 0.0078 0.088098 -2.389329 -4.1800 0 1.3624 0  -1 9 -7 1 -2 23 3 -8  0 1 1 1 0 20 0 12.08 
0.247 4 4.10 4.10 4.1 4.1 0.248 0.211 1.2952 1.4872 0.1763 0.0079 0.090689 -2.389425 -4.1800 0 1.3624 0  15 6 6 18 27 39 38 12  0 1 1 1 0 20 0 12.09 
0.248 4 4.10 4.10 4.1 4.1 0.216 0.198 1.3386 1.3848 0.1775 0.0080 0.090689 -2.389503 -4.1800 0 1.3624 0  42 -2 -5 6 1 31 40 -26  0 1 1 1 0 20 0 12.09 
0.249 4 4.10 4.10 4.1 4.1 0.245 0.224 1.2952 1.4342 0.1787 0.0081 0.090689 -2.389575 -4.1800 0 1.3624 0  21 7 10 2 1 30 33 -9  0 1 1 1 0 20 0 12.08 
0.250 4 4.10 4.10 4.1 4.1 0.206 0.166 1.3848 1.4872 0.1803 0.0082 0.090689 -2.389665 -4.1800 0 1.3624 0  27 7 9 3 3 13 6 13  0 1 1 1 0 20 0 12.08 
0.251 4 4.10 4.10 4.1 4.1 0.228 0.210 1.3386 1.4342 0.1815 0.0084 0.090689 -2.389766 -4.1800 0 1.3624 0  28 31 -2 20 27 20 24 10  0 1 1 1 0 20 0 12.10 
0.252 4 4.10 4.10 4.1 4.1 0.249 0.169 1.3386 1.4872 0.1829 0.0085 0.093280 -2.389846 -4.1800 0 1.3624 0  41 -2 10 3 6 13 14 -20  0 1 1 1 0 20 0 12.10 
0.253 4 4.10 4.10 4.1 4.1 0.241 0.211 1.3386 1.4872 0.1841 0.0086 0.093280 -2.389900 -4.1800 0 1.3624 0  44 17 -10 12 18 0 22 11  0 1 1 1 0 20 0 12.08 
0.254 4 4.10 4.10 4.1 4.1 0.249 0.192 1.3386 1.4872 0.1857 0.0087 0.093280 -2.389953 -4.1800 0 1.3624 0  41 46 -3 13 13 36 0 12  0 1 1 1 0 20 0 12.10 
0.255 4 4.10 4.10 4.1 4.1 0.257 0.186 1.3386 1.4342 0.1869 0.0089 0.093280 -2.390007 -4.1800 0 1.3624 0  9 -4 12 9 -1 28 28 -8  0 1 1 1 0 20 0 12.10 
0.256 4 4.10 4.10 4.1 4.1 0.250 0.169 1.3386 1.4342 0.1883 0.0090 0.095872 -2.390054 -4.1800 0 1.3624 0  43 16 3 7 3 37 8 6  0 1 1 1 0 20 0 12.10 
0.257 4 4.10 4.10 4.1 4.1 0.249 0.152 1.3386 1.4872 0.1895 0.0091 0.095872 -2.390084 -4.1800 0 1.3624 0  60 10 -7 19 18 20 4 6  0 1 1 1 0 20 0 12.10 
0.258 4 4.10 4.10 4.1 4.1 0.216 0.171 1.3848 1.5446 0.1909 0.0092 0.098463 -2.390100 -4.1800 0 1.3624 0  7 13 0 16 2 25 6 10  0 1 1 1 0 20 0 12.10 
0.259 4 4.10 4.10 4.1 4.1 0.215 0.146 1.3848 1.3848 0.1923 0.0094 0.095872 -2.390108 -4.1800 0 1.3624 0  43 -12 3 16 2 19 14 0  0 1 1 1 0 20 0 12.10 
0.260 4 4.10 4.10 4.1 4.1 0.200 0.142 1.3848 1.4342 0.1937 0.0095 0.098463 -2.390110 -4.1800 0 1.3624 0  45 9 12 11 11 11 18 4  0 1 1 1 0 20 0 12.10 
0.261 4 4.10 4.10 4.1 4.1 0.224 0.139 1.3386 1.5446 0.1949 0.0096 0.098463 -2.390095 -4.1800 0 1.3624 0  59 21 -5 8 9 27 19 -8  0 1 1 1 0 20 0 12.11 
0.262 4 4.10 4.10 4.1 4.1 0.212 0.186 1.3386 1.5446 0.1965 0.0098 0.098463 -2.390047 -4.1800 0 1.3624 0  12 14 -1 15 -7 26 13 -18  0 1 1 1 0 20 0 12.09 
0.263 4 4.10 4.10 4.1 4.1 0.200 0.192 1.3848 1.4872 0.1977 0.0099 0.098463 -2.389983 -4.1800 0 1.3624 0  -17 0 21 11 10 3 20 2  0 1 1 1 0 20 0 12.10 
0.264 4 4.10 4.10 4.1 4.1 0.215 0.143 1.3848 1.4872 0.1991 0.0100 0.101054 -2.389927 -4.1800 0 1.3624 0  42 18 4 12 12 29 27 -20  0 1 1 1 0 20 0 12.10 
0.265 4 4.10 4.10 4.1 4.1 0.203 0.183 1.4342 1.2952 0.2007 0.0102 0.101054 -2.389869 -4.1800 0 1.3624 0  22 7 4 6 9 34 32 10  0 1 1 1 0 20 0 12.11 
0.266 4 4.10 4.10 4.1 4.1 0.231 0.149 1.3848 1.5446 0.2019 0.0103 0.101054 -2.389788 -4.1800 0 1.3624 0  18 5 3 17 20 40 21 35  0 1 1 1 0 20 0 12.10 
0.267 4 4.10 4.10 4.1 4.1 0.215 0.182 1.3848 1.5446 0.2033 0.0105 0.103645 -2.389688 -4.1800 0 1.3624 0  42 4 5 16 27 21 30 -20  0 1 1 1 0 20 0 12.10 
0.268 4 4.10 4.10 4.1 4.1 0.203 0.149 1.3386 1.5446 0.2045 0.0106 0.103645 -2.389595 -4.1800 0 1.3624 0  2 8 11 18 16 23 7 -9  0 1 1 1 0 20 0 12.12 
0.269 4 4.10 4.10 4.1 4.1 0.199 0.151 1.3386 1.5446 0.2061 0.0108 0.103645 -2.389524 -4.1800 0 1.3624 0  64 4 9 16 4 35 23 0  0 1 1 1 0 20 0 12.10 
0.270 4 4.10 4.10 4.1 4.1 0.196 0.151 1.3848 1.4872 0.2073 0.0109 0.103645 -2.389460 -4.1800 0 1.3624 0  58 40 -16 20 4 40 1 3  0 1 1 1 0 20 0 12.11 
0.271 4 4.10 4.10 4.1 4.1 0.243 0.150 1.3848 1.6065 0.2089 0.0111 0.103645 -2.389386 -4.1800 0 1.3624 0  54 -2 1 17 11 34 21 -6  0 1 1 1 0 20 0 12.10 
0.272 4 4.10 4.10 4.1 4.1 0.199 0.146 1.3848 1.5446 0.2102 0.0112 0.106236 -2.389313 -4.1800 0 1.3624 0  24 5 22 14 25 11 22 -2  0 1 1 1 0 20 0 12.11 
0.273 4 4.10 4.10 4.1 4.1 0.220 0.131 1.4342 1.4872 0.2114 0.0113 0.106236 -2.389264 -4.1800 0 1.3624 0  20 21 15 12 14 25 8 -20  0 1 1 1 0 20 0 12.11 
0.274 4 4.10 4.10 4.1 4.1 0.226 0.152 1.3848 1.4872 0.2128 0.0115 0.108827 -2.389238 -4.1800 0 1.3624 0  65 -12 -1 16 15 9 -4 8  0 1 1 1 0 20 0 12.12 
0.275 4 4.10 4.10 4.1 4.1 0.192 0.131 1.3386 1.5446 0.2144 0.0117 0.108827 -2.389206 -4.1800 0 1.3624 0  20 0 -3 18 11 6 22 -5  0 1 1 1 0 20 0 12.10 
0.276 4 4.10 4.10 4.1 4.1 0.228 0.181 1.4342 1.6065 0.2156 0.0118 0.108827 -2.389167 -4.1800 0 1.3624 0  23 19 7 21 25 40 16 -11  0 1 1 1 0 20 0 12.10 
0.277 4 4.10 4.10 4.1 4.1 0.193 0.140 1.4342 1.6065 0.2172 0.0120 0.108827 -2.389147 -4.1800 0 1.3624 0  49 8 -12 10 0 31 13 0  0 1 1 1 0 20 0 12.11 
0.278 4 4.10 4.10 4.1 4.1 0.227 0.151 1.3848 1.6065 0.2186 0.0121 0.111418 -2.389162 -4.1800 0 1.3624 0  14 13 -2 12 15 30 -4 -5  0 1 1 1 0 20 0 12.11 
0.279 4 4.10 4.10 4.1 4.1 0.183 0.115 1.4342 1.5446 0.2198 0.0122 0.111418 -2.389189 -4.1800 0 1.3624 0  44 -10 -16 0 -13 25 23 -6  0 1 1 1 0 20 0 12.10 
0.280 4 4.10 4.10 4.1 4.1 0.184 0.166 1.4342 1.5446 0.2214 0.0124 0.111418 -2.389207 -4.1800 0 1.3624 0  27 6 12 21 13 30 28 -6  0 1 1 1 0 20 0 12.11 
0.281 4 4.10 4.10 4.1 4.1 0.206 0.133 1.4342 1.5446 0.2228 0.0126 0.114009 -2.389234 -4.1800 0 1.3624 0  28 -1 -9 4 21 31 24 -11  0 1 1 1 0 20 0 12.12 
0.282 4 4.10 4.10 4.1 4.1 0.198 0.148 1.3848 1.5446 0.2242 0.0127 0.111418 -2.389293 -4.1800 0 1.3624 0  30 9 11 6 -1 22 38 1  0 1 1 1 0 20 0 12.11 
0.283 4 4.10 4.10 4.1 4.1 0.204 0.123 1.4342 1.5446 0.2256 0.0129 0.114009 -2.389370 -4.1800 0 1.3624 0  7 13 -10 8 16 -2 2 8  0 1 1 1 0 20 0 12.11 
0.284 4 4.10 4.10 4.1 4.1 0.182 0.127 1.4342 1.6065 0.2270 0.0131 0.116600 -2.389437 -4.1800 0 1.3624 0  36 24 18 32 25 15 24 18  0 1 1 1 0 20 0 12.10 
0.285 4 4.10 4.10 4.1 4.1 0.207 0.142 1.4342 1.5446 0.2284 0.0132 0.114009 -2.389493 -4.1800 0 1.3624 0  36 6 -20 25 6 31 35 -2  0 1 1 1 0 20 0 12.10 
0.286 4 4.10 4.10 4.1 4.1 0.187 0.123 1.4342 1.5446 0.2298 0.0134 0.116600 -2.389562 -4.1800 0 1.3624 0  2 7 10 10 -7 26 28 29  0 1 1 1 0 20 0 12.11 
0.287 4 4.10 4.10 4.1 4.1 0.200 0.123 1.4342 1.5446 0.2314 0.0136 0.116600 -2.389653 -4.1800 0 1.3624 0  37 4 -15 1 -7 25 33 -15  0 1 1 1 0 20 0 12.11 
0.288 4 4.10 4.10 4.1 4.1 0.170 0.113 1.4342 1.6065 0.2326 0.0137 0.116600 -2.389736 -4.1800 0 1.3624 0  48 10 5 22 21 54 53 9  0 1 1 1 0 20 0 12.11 
0.289 4 4.10 4.10 4.1 4.1 0.168 0.129 1.4342 1.6065 0.2340 0.0139 0.119192 -2.389788 -4.1800 0 1.3624 0  16 6 7 9 12 22 19 -6  0 1 1 1 0 20 0 12.12 
0.290 4 4.10 4.10 4.1 4.1 0.184 0.106 1.4342 1.6065 0.2356 0.0141 0.119192 -2.389835 -4.1800 0 1.3624 0  43 38 1 3 -4 40 7 -9  0 1 1 1 0 20 0 12.11 
0.291 4 4.10 4.10 4.1 4.1 0.209 0.120 1.4872 1.6065 0.2368 0.0142 0.119192 -2.389892 -4.1800 0 1.3624 0  50 0 -20 7 15 23 33 -18  0 1 1 1 0 20 0 12.11 
0.292 4 4.10 4.10 4.1 4.1 0.222 0.130 1.4342 1.6065 0.2384 0.0144 0.119192 -2.389939 -4.1800 0 1.3624 0  32 24 -7 17 19 28 44 11  0 1 1 1 0 20 0 12.12 
0.293 4 4.10 4.10 4.1 4.1 0.198 0.115 1.4872 1.6065 0.2398 0.0146 0.121783 -2.389957 -4.1800 0 1.3624 0  46 11 -12 25 7 30 36 -5  0 1 1 1 0 20 0 12.12 
0.294 4 4.10 4.10 4.1 4.1 0.181 0.107 1.4342 1.6065 0.2414 0.0148 0.121783 -2.389962 -4.1800 0 1.3624 0  66 -12 -2 15 12 37 23 23  0 1 1 1 0 20 0 12.13 
0.295 4 4.10 4.10 4.1 4.1 0.196 0.127 1.4342 1.6065 0.2426 0.0149 0.121783 -2.389983 -4.1800 0 1.3624 0  -36 -4 27 6 17 4 7 -2  0 1 1 1 0 20 0 12.11 
0.296 4 4.10 4.10 4.1 4.1 0.183 0.146 1.3386 1.6065 0.2440 0.0151 0.124374 -2.390015 -4.1800 0 1.3624 0  14 7 6 1 30 29 20 -22  0 1 1 1 0 20 0 12.11 
0.297 4 4.10 4.10 4.1 4.1 0.207 0.133 1.4342 1.6065 0.2456 0.0153 0.124374 -2.390023 -4.1800 0 1.3624 0  24 6 2 13 21 27 45 22  0 1 1 1 0 20 0 12.11 
0.298 4 4.10 4.10 4.1 4.1 0.192 0.158 1.4342 1.6065 0.2468 0.0154 0.124374 -2.390006 -4.1800 0 1.3624 0  58 -4 -2 5 16 30 15 -17  0 1 1 1 0 20 0 12.11 
0.299 4 4.10 4.10 4.1 4.1 0.186 0.089 1.4342 1.5446 0.2483 0.0156 0.124374 -2.390000 -4.1800 0 1.3624 0  31 34 -7 11 -4 35 17 25  0 1 1 1 0 20 0 12.12 
0.300 4 4.10 4.10 4.1 4.1 0.157 0.120 1.4342 1.5446 0.2497 0.0158 0.126965 -2.390013 -4.1800 0 1.3624 0  12 15 3 12 16 11 13 2  0 1 1 1 0 20 0 12.12 
0.301 4 4.10 4.10 4.1 4.1 0.162 0.102 1.4342 1.3848 0.2511 0.0160 0.124374 -2.390018 -4.1800 0 1.3624 0  25 5 4 10 18 20 23 -19  0 1 1 1 0 20 0 12.11 
0.302 4 4.10 4.10 4.1 4.1 0.185 0.162 1.4342 1.6065 0.2525 0.0162 0.126965 -2.389995 -4.1800 0 1.3624 0  19 -11 -5 7 14 0 0 46  0 1 1 1 0 20 0 12.12 
0.303 4 4.10 4.10 4.1 4.1 0.146 0.087 1.3848 1.6065 0.2541 0.0164 0.126965 -2.389966 -4.1800 0 1.3624 0  35 6 1 4 4 6 8 -12  0 1 1 1 0 20 0 12.12 
0.304 4 4.10 4.10 4.1 4.1 0.188 0.128 1.4872 1.6065 0.2555 0.0165 0.129556 -2.389958 -4.1800 0 1.3624 0  1 8 7 21 -3 43 21 6  0 1 1 1 0 20 0 12.11 
0.305 4 4.10 4.10 4.1 4.1 0.166 0.101 1.4872 1.6065 0.2569 0.0167 0.126965 -2.389955 -4.1800 0 1.3624 0  32 12 -22 14 11 30 -4 -18  0 1 1 1 0 20 0 12.12 
0.306 4 4.10 4.10 4.1 4.1 0.219 0.143 1.4342 1.6065 0.2583 0.0169 0.129556 -2.389934 -4.1800 0 1.3624 0  52 11 8 19 -6 38 11 4  0 1 1 1 0 20 0 12.12 
0.307 4 4.10 4.10 4.1 4.1 0.186 0.070 1.4872 1.6065 0.2599 0.0171 0.129556 -2.389903 -4.1800 0 1.3624 0  42 15 6 13 22 14 14 -23  0 1 1 1 0 20 0 12.13 
0.308 4 4.10 4.10 4.1 4.1 0.180 0.090 1.4342 1.6065 0.2613 0.0173 0.132147 -2.389885 -4.1800 0 1.3624 0  58 9 3 12 10 36 43 -1  0 1 1 1 0 20 0 12.12 
0.309 4 4.10 4.10 4.1 4.1 0.196 0.120 1.4342 1.6065 0.2627 0.0175 0.129556 -2.389886 -4.1800 0 1.3624 0  20 -2 9 8 20 24 35 16  0 1 1 1 0 20 0 12.12 
0.310 4 4.10 4.10 4.1 4.1 0.212 0.143 1.4342 1.6065 0.2641 0.0177 0.132147 -2.389882 -4.1800 0 1.3624 0  17 33 4 20 6 22 15 -11  0 1 1 1 0 20 0 12.11 
0.311 4 4.10 4.10 4.1 4.1 0.181 0.121 1.4342 1.6065 0.2655 0.0179 0.134738 -2.389868 -4.1800 0 1.3624 0  11 -1 6 12 15 3 6 14  0 1 1 1 0 20 0 12.13 
0.312 4 4.10 4.10 4.1 4.1 0.169 0.123 1.4342 1.6065 0.2671 0.0181 0.134738 -2.389862 -4.1800 0 1.3624 0  31 2 16 21 30 37 36 -7  0 1 1 1 0 20 0 12.11 
0.313 4 4.10 4.10 4.1 4.1 0.208 0.127 1.4342 1.5446 0.2683 0.0182 0.134738 -2.389872 -4.1800 0 1.3624 0  30 4 16 11 7 32 37 13  0 1 1 1 0 20 0 12.12 
0.314 4 4.10 4.10 4.1 4.1 0.178 0.114 1.4342 1.5446 0.2699 0.0184 0.134738 -2.389875 -4.1800 0 1.3624 0  48 37 -3 21 -3 40 15 12  0 1 1 1 0 20 0 12.12 
0.315 4 4.10 4.10 4.1 4.1 0.195 0.100 1.4342 1.6065 0.2712 0.0186 0.137329 -2.389848 -4.1800 0 1.3624 0  2 9 10 22 22 31 11 -6  0 1 1 1 0 20 0 12.12 
0.316 4 4.10 4.10 4.1 4.1 0.183 0.103 1.4342 1.4872 0.2726 0.0188 0.134738 -2.389817 -4.1800 0 1.3624 0  3 2 -8 -3 5 31 13 -7  0 1 1 1 0 20 0 12.12 
0.317 4 4.10 4.10 4.1 4.1 0.179 0.130 1.3848 1.6065 0.2740 0.0190 0.137329 -2.389812 -4.1800 0 1.3624 0  53 10 4 12 23 8 -7 -4  0 1 1 1 0 20 0 12.12 
0.318 4 4.10 4.10 4.1 4.1 0.195 0.134 1.4342 1.6732 0.2756 0.0192 0.137329 -2.389809 -4.1800 0 1.3624 0  27 33 -11 18 -3 24 31 6  0 1 1 1 0 20 0 12.11 
0.319 4 4.10 4.10 4.1 4.1 0.167 0.124 1.4872 1.6732 0.2770 0.0194 0.139921 -2.389787 -4.1800 0 1.3624 0  25 7 8 27 36 12 35 5  0 1 1 1 0 20 0 12.12 
0.320 4 4.10 4.10 4.1 4.1 0.179 0.116 1.4342 1.6732 0.2786 0.0197 0.139921 -2.389760 -4.1800 0 1.3624 0  -2 -2 2 3 0 10 37 1  0 1 1 1 0 20 0 12.13 
0.321 4 4.10 4.10 4.1 4.1 0.158 0.109 1.4872 1.6065 0.2798 0.0198 0.139921 -2.389758 -4.1800 0 1.3624 0  52 31 -6 30 9 40 44 9  0 1 1 1 0 20 0 12.13 
0.322 4 4.10 4.10 4.1 4.1 0.178 0.127 1.4342 1.5446 0.2814 0.0200 0.139921 -2.389766 -4.1800 0 1.3624 0  35 30 -5 18 20 13 11 2  0 1 1 1 0 20 0 12.12 
0.323 4 4.10 4.10 4.1 4.1 0.171 0.108 1.4342 1.6065 0.2828 0.0202 0.142512 -2.389757 -4.1800 0 1.3624 0  36 5 14 22 16 25 35 16  0 1 1 1 0 20 0 12.12 
0.324 4 4.10 4.10 4.1 4.1 0.177 0.106 1.4342 1.4872 0.2842 0.0204 0.139921 -2.389739 -4.1800 0 1.3624 0  32 4 7 10 26 -2 -10 -3  0 1 1 1 0 20 0 12.12 
0.325 4 4.10 4.10 4.1 4.1 0.123 0.130 1.4342 1.6065 0.2856 0.0206 0.142512 -2.389728 -4.1800 0 1.3624 0  18 21 12 25 27 8 24 17  0 1 1 1 0 20 0 12.13 
0.326 4 4.10 4.10 4.1 4.1 0.140 0.125 1.4872 1.6065 0.2872 0.0209 0.142512 -2.389729 -4.1800 0 1.3624 0  30 12 -11 19 17 11 -11 -7  0 1 1 1 0 20 0 12.13 
0.327 4 4.10 4.10 4.1 4.1 0.183 0.099 1.4342 1.6065 0.2885 0.0211 0.145103 -2.389715 -4.1800 0 1.3624 0  11 25 27 20 -5 28 18 9  0 1 1 1 0 20 0 12.11 
0.328 4 4.10 4.10 4.1 4.1 0.157 0.124 1.4342 1.5446 0.2899 0.0213 0.142512 -2.389678 -4.1800 0 1.3624 0  23 -2 9 -5 12 0 -3 -6  0 1 1 1 0 20 0 12.12 
0.329 4 4.10 4.10 4.1 4.1 0.144 0.112 1.4342 1.5446 0.2913 0.0215 0.145103 -2.389655 -4.1800 0 1.3624 0  23 14 12 22 21 44 55 -1  0 1 1 1 0 20 0 12.12 
0.330 4 4.10 4.10 4.1 4.1 0.124 0.158 1.4342 1.5446 0.2929 0.0217 0.145103 -2.389656 -4.1800 0 1.3624 0  33 12 -8 11 3 14 2 23  0 1 1 1 0 20 0 12.12 
0.331 4 4.10 4.10 4.1 4.1 0.102 0.093 1.4342 1.6065 0.2943 0.0219 0.147694 -2.389652 -4.1800 0 1.3624 0  17 20 0 20 16 17 34 6  0 1 1 1 0 20 0 12.12 
0.332 4 4.10 4.10 4.1 4.1 0.112 0.142 1.4342 1.5446 0.2957 0.0221 0.145103 -2.389623 -4.1800 0 1.3624 0  21 -5 -5 3 13 -21 14 13  0 1 1 1 0 20 0 12.12 
0.333 4 4.10 4.10 4.1 4.1 0.112 0.083 1.4342 1.6732 0.2971 0.0223 0.147694 -2.389590 -4.1800 0 1.3624 0  25 10 14 20 20 37 50 12  0 1 1 1 0 20 0 12.11 
0.334 4 4.10 4.10 4.1 4.1 0.140 0.126 1.4342 1.6065 0.2987 0.0226 0.147694 -2.389576 -4.1800 0 1.3624 0  38 15 1 22 8 30 37 -8  0 1 1 1 0 20 0 12.11 
0.335 4 4.10 4.10 4.1 4.1 0.134 0.105 1.4872 1.6065 0.3001 0.0228 0.150285 -2.389573 -4.1800 0 1.3624 0  20 0 14 16 9 1 -12 26  0 1 1 1 0 20 0 12.12 
0.336 4 4.10 4.10 4.1 4.1 0.169 0.135 1.4342 1.6732 0.3017 0.0230 0.150285 -2.389558 -4.1800 0 1.3624 0  42 9 9 13 0 27 -2 -19  0 1 1 1 0 20 0 12.12 
0.337 4 4.10 4.10 4.1 4.1 0.131 0.108 1.4342 1.4872 0.3028 0.0232 0.150285 -2.389537 -4.1800 0 1.3624 0  -11 8 18 4 23 -21 0 17  0 1 1 1 0 20 0 12.13 
0.338 4 4.10 4.10 4.1 4.1 0.177 0.134 1.4872 1.5446 0.3044 0.0234 0.150285 -2.389535 -4.1800 0 1.3624 0  73 5 -4 4 0 30 21 21  0 1 1 1 0 20 0 12.12 
0.339 4 4.10 4.10 4.1 4.1 0.129 0.083 1.4342 1.6065 0.3058 0.0236 0.152876 -2.389551 -4.1800 0 1.3624 0  11 13 -12 -1 -1 22 31 -10  0 1 1 1 0 20 0 12.13 
0.340 4 4.10 4.10 4.1 4.1 0.127 0.154 1.4872 1.6065 0.3072 0.0239 0.150285 -2.389551 -4.1800 0 1.3624 0  29 22 -17 20 30 25 15 15  0 1 1 1 0 20 0 12.11 
0.341 4 4.10 4.10 4.1 4.1 0.154 0.137 1.4342 1.6065 0.3086 0.0241 0.152876 -2.389530 -4.1800 0 1.3624 0  8 6 7 19 4 21 19 -19  0 1 1 1 0 20 0 12.12 
0.342 4 4.10 4.10 4.1 4.1 0.121 0.126 1.4872 1.6065 0.3100 0.0243 0.155467 -2.389520 -4.1800 0 1.3624 0  34 53 5 16 -2 31 32 8  0 1 1 1 0 20 0 12.12 
0.343 4 4.10 4.10 4.1 4.1 0.143 0.112 1.4872 1.6732 0.3116 0.0245 0.155467 -2.389534 -4.1800 0 1.3624 0  56 19 -7 11 -4 32 14 -3  0 1 1 1 0 20 0 12.11 
0.344 4 4.10 4.10 4.1 4.1 0.109 0.131 1.4872 1.6065 0.3128 0.0247 0.155467 -2.389538 -4.1800 0 1.3624 0  -29 21 9 6 7 -8 10 41  0 1 1 1 0 20 0 12.12 
0.345 4 4.10 4.10 4.1 4.1 0.161 0.127 1.4872 1.6065 0.3144 0.0250 0.155467 -2.389521 -4.1800 0 1.3624 0  40 24 -12 15 23 34 36 -3  0 1 1 1 0 20 0 12.12 
0.346 4 4.10 4.10 4.1 4.1 0.120 0.101 1.4872 1.5446 0.3157 0.0252 0.158059 -2.389508 -4.1800 0 1.3624 0  39 12 13 10 -2 35 -9 16  0 1 1 1 0 20 0 12.12 
0.347 4 4.10 4.10 4.1 4.1 0.139 0.116 1.4342 1.5446 0.3173 0.0254 0.158059 -2.389517 -4.1800 0 1.3624 0  37 -8 -1 12 21 29 26 -10  0 1 1 1 0 20 0 12.11 
0.348 4 4.10 4.10 4.1 4.1 0.127 0.113 1.5446 1.6065 0.3185 0.0256 0.158059 -2.389526 -4.1800 0 1.3624 0  42 7 6 3 1 29 29 -17  0 1 1 1 0 20 0 12.12 
0.349 4 4.10 4.10 4.1 4.1 0.119 0.146 1.4872 1.6732 0.3201 0.0259 0.158059 -2.389517 -4.1800 0 1.3624 0  46 24 -2 14 17 5 -7 23  0 1 1 1 0 20 0 12.12 
0.350 4 4.10 4.10 4.1 4.1 0.150 0.103 1.4872 1.6065 0.3215 0.0261 0.160650 -2.389509 -4.1800 0 1.3624 0  38 38 -9 23 3 31 28 7  0 1 1 1 0 20 0 12.11 
0.351 4 4.10 4.10 4.1 4.1 0.141 0.124 1.4872 1.6065 0.3231 0.0264 0.160650 -2.389519 -4.1800 0 1.3624 0  17 9 8 17 29 -8 -17 29  0 1 1 1 0 20 0 12.12 
0.352 4 4.10 4.10 4.1 4.1 0.141 0.088 1.4872 1.6065 0.3245 0.0266 0.163241 -2.389539 -4.1800 0 1.3624 0  5 12 15 10 17 8 16 4  0 1 1 1 0 20 0 12.12 
0.353 4 4.10 4.10 4.1 4.1 0.149 0.127 1.4342 1.6065 0.3259 0.0268 0.160650 -2.389540 -4.1800 0 1.3624 0  55 13 14 32 2 36 -4 2  0 1 1 1 0 20 0 12.12 
0.354 4 4.10 4.10 4.1 4.1 0.140 0.108 1.4872 1.6065 0.3272 0.0270 0.163241 -2.389531 -4.1800 0 1.3624 0  29 37 -4 17 -5 35 31 16  0 1 1 1 0 20 0 12.12 
0.355 4 4.10 4.10 4.1 4.1 0.122 0.130 1.4872 1.6065 0.3288 0.0273 0.163241 -2.389539 -4.1800 0 1.3624 0  55 14 -4 13 30 8 31 20  0 1 1 1 0 20 0 12.13 
0.356 4 4.10 4.10 4.1 4.1 0.127 0.078 1.4872 1.5446 0.3300 0.0275 0.163241 -2.389562 -4.1800 0 1.3624 0  33 23 -9 18 -1 23 22 -11  0 1 1 1 0 20 0 12.13 
0.357 4 4.10 4.10 4.1 4.1 0.142 0.150 1.4872 1.6732 0.3316 0.0278 0.163241 -2.389568 -4.1800 0 1.3624 0  37 8 10 9 -4 21 6 -11  0 1 1 1 0 20 0 12.13 
0.358 4 4.10 4.10 4.1 4.1 0.096 0.100 1.4872 1.6065 0.3330 0.0280 0.165832 -2.389556 -4.1800 0 1.3624 0  32 5 1 20 9 40 16 4  0 1 1 1 0 20 0 12.13 
0.359 4 4.10 4.10 4.1 4.1 0.123 0.120 1.4872 1.6065 0.3346 0.0283 0.165832 -2.389559 -4.1800 0 1.3624 0  43 1 -19 8 11 35 20 -3  0 1 1 1 0 20 0 12.12 
0.360 4 4.10 4.10 4.1 4.1 0.137 0.086 1.4872 1.6065 0.3360 0.0285 0.168423 -2.389582 -4.1800 0 1.3624 0  50 2 8 14 13 30 27 -16  0 1 1 1 0 20 0 12.12 
0.361 4 4.10 4.10 4.1 4.1 0.173 0.143 1.4342 1.6065 0.3373 0.0287 0.165832 -2.389589 -4.1800 0 1.3624 0  -4 4 -3 12 15 32 21 -18  0 1 1 1 0 20 0 12.12 
0.362 4 4.10 4.10 4.1 4.1 0.155 0.117 1.5446 1.6065 0.3387 0.0290 0.168423 -2.389571 -4.1800 0 1.3624 0  -26 52 28 30 34 8 27 67  0 1 1 1 0 20 0 12.12 
0.363 4 4.10 4.10 4.1 4.1 0.176 0.101 1.4872 1.5446 0.3403 0.0292 0.168423 -2.389552 -4.1800 0 1.3624 0  25 6 -5 2 -1 41 31 -21  0 1 1 1 0 20 0 12.11 
0.364 4 4.10 4.10 4.1 4.1 0.171 0.120 1.4872 1.5446 0.3417 0.0295 0.171014 -2.389551 -4.1800 0 1.3624 0  15 12 4 17 33 7 22 -9  0 1 1 1 0 20 0 12.12 
0.365 4 4.10 4.10 4.1 4.1 0.165 0.120 1.4342 1.6065 0.3431 0.0297 0.168423 -2.389552 -4.1800 0 1.3624 0  22 18 -18 8 1 21 14 -13  0 1 1 1 0 20 0 12.12 
0.366 4 4.10 4.10 4.1 4.1 0.172 0.116 1.4872 1.6065 0.3445 0.0299 0.171014 -2.389528 -4.1800 0 1.3624 0  39 44 -2 4 14 47 16 14  0 1 1 1 0 20 0 12.12 
0.367 4 4.10 4.10 4.1 4.1 0.162 0.108 1.4872 1.6065 0.3461 0.0302 0.171014 -2.389499 -4.1800 0 1.3624 0  59 28 -12 3 -3 33 22 -7  0 1 1 1 0 20 0 12.12 
0.368 4 4.10 4.10 4.1 4.1 0.213 0.131 1.4342 1.6732 0.3474 0.0305 0.173605 -2.389492 -4.1800 0 1.3624 0  14 5 4 18 35 10 20 -14  0 1 1 1 0 20 0 12.12 
0.369 4 4.10 4.10 4.1 4.1 0.174 0.124 1.4342 1.6065 0.3490 0.0307 0.173605 -2.389494 -4.1800 0 1.3624 0  44 1 -7 7 2 8 -9 -11  0 1 1 1 0 20 0 12.13 
0.370 4 4.10 4.10 4.1 4.1 0.186 0.106 1.4342 1.6732 0.3502 0.0309 0.173605 -2.389480 -4.1800 0 1.3624 0  55 44 11 30 25 33 28 27  0 1 1 1 0 20 0 12.13 
0.371 4 4.10 4.10 4.1 4.1 0.180 0.113 1.4342 1.6732 0.3518 0.0312 0.173605 -2.389456 -4.1800 0 1.3624 0  29 5 9 16 39 24 31 6  0 1 1 1 0 20 0 12.13 
0.372 4 4.10 4.10 4.1 4.1 0.148 0.115 1.3848 1.6065 0.3532 0.0315 0.176196 -2.389448 -4.1800 0 1.3624 0  -23 -5 8 17 -18 27 14 6  0 1 1 1 0 20 0 12.12 
0.373 4 4.10 4.10 4.1 4.1 0.195 0.118 1.4342 1.4872 0.3546 0.0317 0.173605 -2.389453 -4.1800 0 1.3624 0  21 1 -16 0 13 6 23 -22  0 1 1 1 0 20 0 12.12 
0.374 4 4.10 4.10 4.1 4.1 0.175 0.141 1.4872 1.6065 0.3559 0.0319 0.176196 -2.389442 -4.1800 0 1.3624 0  13 49 8 23 9 34 24 26  0 1 1 1 0 20 0 12.12 
0.375 4 4.10 4.10 4.1 4.1 0.192 0.128 1.4342 1.6065 0.3575 0.0322 0.176196 -2.389416 -4.1800 0 1.3624 0  9 4 12 14 12 34 25 16  0 1 1 1 0 20 0 12.12 
0.376 4 4.10 4.10 4.1 4.1 0.169 0.091 1.4872 1.6065 0.3589 0.0325 0.178788 -2.389402 -4.1800 0 1.3624 0  46 5 8 12 36 7 23 13  0 1 1 1 0 20 0 12.12 
0.377 4 4.10 4.10 4.1 4.1 0.197 0.107 1.4342 1.6065 0.3605 0.0328 0.178788 -2.389408 -4.1800 0 1.3624 0  36 0 -2 8 12 22 8 3  0 1 1 1 0 20 0 12.11 
0.378 4 4.10 4.10 4.1 4.1 0.180 0.122 1.4872 1.5446 0.3617 0.0330 0.178788 -2.389416 -4.1800 0 1.3624 0  8 33 26 -11 1 -5 5 -1  0 1 1 1 0 20 0 12.11 
0.379 4 4.10 4.10 4.1 4.1 0.172 0.090 1.4342 1.6065 0.3633 0.0333 0.178788 -2.389414 -4.1800 0 1.3624 0  12 5 6 12 1 44 18 0  0 1 1 1 0 20 0 12.11 
0.380 4 4.10 4.10 4.1 4.1 0.200 0.124 1.4342 1.6065 0.3646 0.0335 0.181379 -2.389417 -4.1800 0 1.3624 0  68 15 3 15 19 -25 -15 23  0 1 1 1 0 20 0 12.12 
0.381 4 4.10 4.10 4.1 4.1 0.164 0.115 1.4342 1.5446 0.3662 0.0338 0.181379 -2.389434 -4.1800 0 1.3624 0  13 15 15 12 12 31 27 10  0 1 1 1 0 20 0 12.12 
0.382 4 4.10 4.10 4.1 4.1 0.197 0.112 1.4342 1.6065 0.3674 0.0340 0.181379 -2.389450 -4.1800 0 1.3624 0  12 47 0 20 -6 33 27 32  0 1 1 1 0 20 0 12.11 
0.383 4 4.10 4.10 4.1 4.1 0.177 0.108 1.4872 1.6065 0.3690 0.0343 0.181379 -2.389457 -4.1800 0 1.3624 0  58 18 1 11 6 40 24 -17  0 1 1 1 0 20 0 12.12 
0.384 4 4.10 4.10 4.1 4.1 0.180 0.095 1.4872 1.6732 0.3704 0.0346 0.183970 -2.389465 -4.1800 0 1.3624 0  17 9 10 5 26 -27 1 19  0 1 1 1 0 20 0 12.12 
0.385 4 4.10 4.10 4.1 4.1 0.159 0.108 1.4342 1.6732 0.3719 0.0349 0.183970 -2.389495 -4.1800 0 1.3624 0  38 2 9 7 -4 26 18 -2  0 1 1 1 0 20 0 12.11 
0.386 4 4.10 4.10 4.1 4.1 0.158 0.101 1.4342 1.6065 0.3733 0.0351 0.186561 -2.389534 -4.1800 0 1.3624 0  42 11 31 17 19 32 33 0  0 1 1 1 0 20 0 12.11 
0.387 4 4.10 4.10 4.1 4.1 0.175 0.134 1.4342 1.6732 0.3747 0.0354 0.183970 -2.389550 -4.1800 0 1.3624 0  31 11 11 20 13 23 24 -8  0 1 1 1 0 20 0 12.12 
0.388 4 4.10 4.10 4.1 4.1 0.155 0.103 1.4342 1.5446 0.3761 0.0356 0.186561 -2.389553 -4.1800 0 1.3624 0  56 5 -4 2 8 17 34 8  0 1 1 1 0 20 0 12.12 
