%% logfile from robot 35
%  1    time 0.000 sec
%  2    mission (0) state 2
%  3  4 Motor velocity ref left, right: 2.10 2.10
%  5  6 Motor voltage [V] left, right: 2.1 2.1
%  7  8 Motor current left, right [A]: -0.004 -0.007
%  9 10 Wheel velocity [m/s] left, right: 0.0000 0.0000
% 11 12 13 14 Pose x,y,h,tilt [m,m,rad,rad]: 0.0000 0.0000 0.000000 -2.374946
% 15 .. 34 Line sensor: left 0.000000 0, right 0.000000 0, values 7 22 16 19 7 8 12 12, white 0, used 1, LEDhigh=1, xb=1 xw=0 xbc=20 xwc=0
% 34    Battery voltage [V]: 12.20
0.001 2 2.10 2.10 2.1 2.1 0.026 0.071 0.0000 0.0000 0.0000 0.0000 0.000000 -2.374953 0.0000 0 0.0000 0  15 12 -8 12 4 -3 12 -8  0 1 1 1 0 20 0 12.18 
0.002 2 2.10 2.10 2.1 2.1 0.271 0.276 0.0000 0.0000 0.0000 0.0000 0.000000 -2.374957 0.0000 0 0.0000 0  40 17 26 20 36 40 33 12  0 1 1 1 0 20 0 12.13 
0.003 2 2.10 2.10 2.1 2.1 0.438 0.457 0.0000 0.0000 0.0000 0.0000 0.000000 -2.374959 0.0000 0 0.0000 0  44 13 5 -2 11 15 12 19  0 1 1 1 0 20 0 12.11 
0.004 2 2.10 2.10 2.1 2.1 0.443 0.492 0.0000 0.0000 0.0002 0.0000 0.002591 -2.374961 0.0000 0 0.0000 0  24 19 0 -3 13 14 10 16  0 1 1 1 0 20 0 12.10 
0.005 2 2.10 2.10 2.1 2.1 0.499 0.458 0.0000 0.0000 0.0002 0.0000 0.002591 -2.374962 0.0000 0 0.0000 0  16 13 1 1 3 1 1 8  0 1 1 1 0 20 0 12.10 
0.006 2 2.10 2.10 2.1 2.1 0.498 0.460 0.0000 0.0000 0.0004 0.0000 0.000000 -2.374957 0.0000 0 0.0000 0  45 28 28 12 27 38 33 23  0 1 1 1 0 20 0 12.09 
0.007 2 2.10 2.10 2.1 2.1 0.436 0.512 0.0000 0.0000 0.0004 0.0000 0.000000 -2.374947 0.0000 0 0.0000 0  15 18 15 6 6 27 20 5  0 1 1 1 0 20 0 12.09 
0.008 2 2.10 2.10 2.1 2.1 0.466 0.534 0.0000 0.1185 0.0006 0.0000 0.002591 -2.374939 0.0000 0 0.0000 0  40 17 10 13 13 21 11 11  0 1 1 1 0 20 0 12.10 
0.009 2 2.10 2.10 2.1 2.1 0.395 0.472 0.1715 0.1185 0.0008 0.0000 0.000000 -2.374941 0.0000 0 0.0000 0  -1 9 9 -14 5 12 4 1  0 1 1 1 0 20 0 12.09 
0.010 2 2.10 2.10 2.1 2.1 0.431 0.447 0.1715 0.1663 0.0010 0.0000 0.002591 -2.374946 0.0000 0 0.0000 0  17 22 27 10 18 16 24 14  0 1 1 1 0 20 0 12.09 
0.011 2 2.10 2.10 2.1 2.1 0.386 0.414 0.2036 0.1663 0.0012 0.0000 0.000000 -2.374946 0.0000 0 0.0000 0  17 17 15 19 23 19 21 -1  0 1 1 1 0 20 0 12.11 
0.012 2 2.10 2.10 2.1 2.1 0.374 0.397 0.2554 0.2374 0.0016 0.0000 0.000000 -2.374945 0.0000 0 0.0000 0  30 22 5 8 11 15 14 23  0 1 1 1 0 20 0 12.10 
0.013 2 2.10 2.10 2.1 2.1 0.435 0.386 0.2554 0.2374 0.0016 0.0000 0.000000 -2.374946 0.0000 0 0.0000 0  38 -7 -4 -12 0 -15 -1 -12  0 1 1 1 0 20 0 12.11 
0.014 2 2.10 2.10 2.1 2.1 0.339 0.378 0.2659 0.2229 0.0020 0.0000 0.000000 -2.374946 0.0000 0 0.0000 0  36 27 19 25 20 42 7 18  0 1 1 1 0 20 0 12.12 
0.015 2 2.10 2.10 2.1 2.1 0.382 0.356 0.2952 0.3113 0.0024 0.0000 0.000000 -2.374943 0.0000 0 0.0000 0  33 3 18 11 13 35 15 0  0 1 1 1 0 20 0 12.13 
0.016 2 2.10 2.10 2.1 2.1 0.309 0.325 0.2952 0.3113 0.0026 0.0000 0.002591 -2.374943 0.0000 0 0.0000 0  13 8 22 6 9 17 21 30  0 1 1 1 0 20 0 12.11 
0.017 2 2.10 2.10 2.1 2.1 0.298 0.312 0.2928 0.3651 0.0030 0.0000 0.002591 -2.374950 0.0000 0 0.0000 0  15 17 2 -10 9 0 -2 3  0 1 1 1 0 20 0 12.12 
0.018 2 2.10 2.10 2.1 2.1 0.367 0.375 0.3317 0.3651 0.0032 0.0000 0.000000 -2.374953 0.0000 0 0.0000 0  19 11 15 15 10 34 20 19  0 1 1 1 0 20 0 12.11 
0.019 2 2.10 2.10 2.1 2.1 0.307 0.344 0.3374 0.3137 0.0036 0.0000 0.000000 -2.374954 0.0000 0 0.0000 0  26 7 12 0 10 20 10 -2  0 1 1 1 0 20 0 12.11 
0.020 2 2.10 2.10 2.1 2.1 0.312 0.322 0.3683 0.4016 0.0040 0.0000 0.000000 -2.374959 0.0000 0 0.0000 0  20 19 20 -13 16 8 10 15  0 1 1 1 0 20 0 12.13 
0.021 2 2.10 2.10 2.1 2.1 0.307 0.262 0.3522 0.3787 0.0044 0.0000 0.000000 -2.374965 0.0000 0 0.0000 0  22 20 16 12 13 27 12 -4  0 1 1 1 0 20 0 12.13 
0.022 2 2.10 2.10 2.1 2.1 0.300 0.322 0.4016 0.4016 0.0048 0.0000 0.000000 -2.374973 0.0000 0 0.0000 0  23 2 16 12 19 24 15 28  0 1 1 1 0 20 0 12.10 
0.023 2 2.10 2.10 2.1 2.1 0.319 0.298 0.4016 0.3550 0.0052 0.0000 0.000000 -2.374986 0.0000 0 0.0000 0  33 21 22 -7 8 23 5 0  0 1 1 1 0 20 0 12.12 
0.024 2 2.10 2.10 2.1 2.1 0.276 0.317 0.4097 0.3976 0.0056 0.0000 0.000000 -2.375007 0.0000 0 0.0000 0  19 22 0 11 4 2 10 1  0 1 1 1 0 20 0 12.10 
0.025 2 2.10 2.10 2.1 2.1 0.260 0.330 0.3787 0.4137 0.0060 0.0000 0.000000 -2.375034 0.0000 0 0.0000 0  33 19 22 4 8 19 20 10  0 1 1 1 0 20 0 12.12 
0.026 2 2.10 2.10 2.1 2.1 0.238 0.340 0.4097 0.4181 0.0064 0.0000 0.000000 -2.375068 0.0000 0 0.0000 0  24 10 -5 -8 2 15 29 -8  0 1 1 1 0 20 0 12.13 
0.027 2 2.10 2.10 2.1 2.1 0.234 0.318 0.4137 0.4269 0.0070 0.0000 0.002591 -2.375104 0.0000 0 0.0000 0  26 18 11 6 8 32 10 -1  0 1 1 1 0 20 0 12.13 
0.028 2 2.10 2.10 2.1 2.1 0.306 0.313 0.4362 0.4562 0.0074 0.0000 0.002591 -2.375139 0.0000 0 0.0000 0  24 17 -1 12 5 11 9 -2  0 1 1 1 0 20 0 12.13 
0.029 2 2.10 2.10 2.1 2.1 0.258 0.337 0.4562 0.4836 0.0078 0.0000 0.002591 -2.375181 0.0000 0 0.0000 0  27 18 17 7 8 19 5 14  0 1 1 1 0 20 0 12.14 
0.030 2 2.10 2.10 2.1 2.1 0.286 0.276 0.4462 0.4016 0.0082 0.0000 0.002591 -2.375237 0.0000 0 0.0000 0  24 14 16 -8 6 6 13 4  0 1 1 1 0 20 0 12.11 
0.031 2 2.10 2.10 2.1 2.1 0.222 0.291 0.4723 0.4562 0.0088 0.0000 0.000000 -2.375302 0.0000 0 0.0000 0  12 5 18 14 18 24 8 -4  0 1 1 1 0 20 0 12.12 
0.032 2 2.10 2.10 2.1 2.1 0.188 0.225 0.4723 0.5020 0.0094 0.0000 0.002591 -2.375370 0.0000 0 0.0000 0  24 8 11 -10 21 10 15 -5  0 1 1 1 0 20 0 12.11 
0.033 2 2.10 2.10 2.1 2.1 0.257 0.266 0.4896 0.4956 0.0098 0.0000 0.002591 -2.375437 0.0000 0 0.0000 0  29 23 16 2 18 15 17 -1  0 1 1 1 0 20 0 12.13 
0.034 2 2.10 2.10 2.1 2.1 0.234 0.208 0.4723 0.5281 0.0102 0.0000 0.002591 -2.375503 0.0000 0 0.0000 0  25 13 16 -14 12 8 19 7  0 1 1 1 0 20 0 12.13 
0.035 2 2.10 2.10 2.1 2.1 0.272 0.169 0.4956 0.5575 0.0110 0.0000 0.002591 -2.375570 0.0000 0 0.0000 0  6 20 17 -15 4 19 4 3  0 1 1 1 0 20 0 12.12 
0.036 2 2.10 2.10 2.1 2.1 0.258 0.153 0.5149 0.5213 0.0114 0.0000 0.002591 -2.375641 0.0000 0 0.0000 0  25 -1 10 -8 13 -8 13 1  0 1 1 1 0 20 0 12.12 
0.037 2 2.10 2.10 2.1 2.1 0.194 0.152 0.5081 0.5498 0.0118 0.0000 0.002591 -2.375720 0.0000 0 0.0000 0  38 25 3 0 16 31 17 4  0 1 1 1 0 20 0 12.14 
0.038 2 2.10 2.10 2.1 2.1 0.188 0.173 0.5213 0.5426 0.0125 0.0000 0.005182 -2.375807 0.0000 0 0.0000 0  28 9 19 -28 11 -2 3 -1  0 1 1 1 0 20 0 12.13 
0.039 2 2.10 2.10 2.1 2.1 0.195 0.164 0.5281 0.5498 0.0131 0.0000 0.002591 -2.375898 0.0000 0 0.0000 0  42 30 5 -8 17 44 7 5  0 1 1 1 0 20 0 12.14 
0.040 2 2.10 2.10 2.1 2.1 0.180 0.164 0.5354 0.5820 0.0135 0.0000 0.002591 -2.375985 0.0000 0 0.0000 0  22 20 24 -11 5 12 0 37  0 1 1 1 0 20 0 12.12 
0.041 2 2.10 2.10 2.1 2.1 0.179 0.165 0.5426 0.5820 0.0141 0.0000 0.005182 -2.376062 0.0000 0 0.0000 0  22 30 10 -13 16 10 24 12  0 1 1 1 0 20 0 12.13 
0.042 2 2.10 2.10 2.1 2.1 0.257 0.151 0.5426 0.5575 0.0147 0.0000 0.002591 -2.376130 0.0000 0 0.0000 0  28 31 6 -23 10 5 11 8  0 1 1 1 0 20 0 12.15 
0.043 2 2.10 2.10 2.1 2.1 0.210 0.157 0.5655 0.5820 0.0153 0.0000 0.005182 -2.376190 0.0000 0 0.0000 0  45 27 19 22 10 7 15 26  0 1 1 1 0 20 0 12.14 
0.044 2 2.10 2.10 2.1 2.1 0.184 0.154 0.5213 0.6085 0.0157 0.0000 0.005182 -2.376249 0.0000 0 0.0000 0  23 10 14 -21 8 19 5 0  0 1 1 1 0 20 0 12.13 
0.045 2 2.10 2.10 2.1 2.1 0.156 0.179 0.5575 0.5992 0.0165 0.0000 0.005182 -2.376307 0.0000 0 0.0000 0  15 15 21 -6 9 11 14 -12  0 1 1 1 0 20 0 12.13 
0.046 2 2.10 2.10 2.1 2.1 0.130 0.131 0.5820 0.6085 0.0169 0.0000 0.005182 -2.376357 0.0000 0 0.0000 0  18 1 1 1 6 6 17 3  0 1 1 1 0 20 0 12.14 
0.047 2 2.10 2.10 2.1 2.1 0.208 0.151 0.5354 0.5820 0.0177 0.0000 0.005182 -2.376393 0.0000 0 0.0000 0  55 34 10 10 29 40 30 8  0 1 1 1 0 20 0 12.15 
0.048 2 2.10 2.10 2.1 2.1 0.192 0.085 0.5575 0.6177 0.0181 0.0000 0.005182 -2.376417 0.0000 0 0.0000 0  31 20 8 -4 23 4 13 5  0 1 1 1 0 20 0 12.15 
0.049 2 2.10 2.10 2.1 2.1 0.199 0.128 0.5498 0.6273 0.0187 0.0000 0.007773 -2.376429 0.0000 0 0.0000 0  37 23 1 -4 7 17 18 6  0 1 1 1 0 20 0 12.15 
0.050 2 2.10 2.10 2.1 2.1 0.158 0.098 0.6085 0.5992 0.0193 0.0000 0.005182 -2.376425 0.0000 0 0.0000 0  28 -3 3 -33 7 1 5 -11  0 1 1 1 0 20 0 12.14 
0.051 2 2.10 2.10 2.1 2.1 0.139 0.161 0.5992 0.6177 0.0199 0.0001 0.007773 -2.376402 0.0000 0 0.0000 0  38 27 22 12 18 26 28 34  0 1 1 1 0 20 0 12.15 
0.052 2 2.10 2.10 2.1 2.1 0.189 0.105 0.5992 0.6474 0.0205 0.0001 0.005182 -2.376367 0.0000 0 0.0000 0  38 18 34 24 5 -7 1 40  0 1 1 1 0 20 0 12.14 
0.053 2 2.10 2.10 2.1 2.1 0.190 0.088 0.5735 0.6374 0.0211 0.0001 0.007773 -2.376321 0.0000 0 0.0000 0  6 12 8 -23 10 7 1 -1  0 1 1 1 0 20 0 12.13 
0.054 2 2.10 2.10 2.1 2.1 0.231 0.070 0.5904 0.6273 0.0217 0.0001 0.005182 -2.376267 0.0000 0 0.0000 0  23 10 -1 -12 -7 -4 3 6  0 1 1 1 0 20 0 12.14 
0.055 2 2.10 2.10 2.1 2.1 0.142 0.143 0.5992 0.6085 0.0223 0.0001 0.007773 -2.376208 0.0000 0 0.0000 0  18 39 31 -10 21 26 19 0  0 1 1 1 0 20 0 12.12 
0.056 2 2.10 2.10 2.1 2.1 0.173 0.098 0.5992 0.6474 0.0231 0.0001 0.007773 -2.376141 0.0000 0 0.0000 0  39 32 15 2 17 22 9 12  0 1 1 1 0 20 0 12.15 
0.057 2 2.10 2.10 2.1 2.1 0.138 0.112 0.5992 0.6804 0.0235 0.0001 0.007773 -2.376072 0.0000 0 0.0000 0  44 15 21 -1 5 23 9 25  0 1 1 1 0 20 0 12.13 
0.058 2 2.10 2.10 2.1 2.1 0.155 0.026 0.5904 0.6583 0.0243 0.0001 0.007773 -2.376000 0.0000 0 0.0000 0  21 19 3 -36 1 8 -7 -3  0 1 1 1 0 20 0 12.15 
0.059 2 2.10 2.10 2.1 2.1 0.126 0.110 0.6085 0.6804 0.0249 0.0001 0.010364 -2.375918 0.0000 0 0.0000 0  2 20 23 1 21 21 17 -7  0 1 1 1 0 20 0 12.13 
0.060 2 2.10 2.10 2.1 2.1 0.134 0.099 0.6273 0.6085 0.0255 0.0001 0.007773 -2.375831 0.0000 0 0.0000 0  13 30 16 -18 3 19 14 -9  0 1 1 1 0 20 0 12.13 
0.061 2 2.10 2.10 2.1 2.1 0.224 0.111 0.5904 0.6691 0.0261 0.0001 0.010364 -2.375753 0.0000 0 0.0000 0  30 27 6 -16 1 17 14 -23  0 1 1 1 0 20 0 12.16 
0.062 2 2.10 2.10 2.1 2.1 0.149 0.058 0.5992 0.6924 0.0267 0.0001 0.007773 -2.375683 0.0000 0 0.0000 0  38 15 -11 -26 -5 -3 -1 -11  0 1 1 1 0 20 0 12.15 
0.063 2 2.10 2.10 2.1 2.1 0.175 0.120 0.6177 0.6691 0.0273 0.0001 0.010364 -2.375615 0.0000 0 0.0000 0  52 16 16 -12 20 1 21 -1  0 1 1 1 0 20 0 12.15 
0.064 2 2.10 2.10 2.1 2.1 0.161 0.085 0.6374 0.6804 0.0281 0.0001 0.010364 -2.375552 0.0000 0 0.0000 0  8 11 8 -11 13 11 12 2  0 1 1 1 0 20 0 12.13 
0.065 2 2.10 2.10 2.1 2.1 0.157 0.141 0.6273 0.6691 0.0287 0.0001 0.007773 -2.375496 0.0000 0 0.0000 0  40 26 -8 -13 1 22 19 -2  0 1 1 1 0 20 0 12.14 
0.066 2 2.10 2.10 2.1 2.1 0.189 0.093 0.6177 0.6924 0.0293 0.0001 0.010364 -2.375443 0.0000 0 0.0000 0  38 -3 -6 -4 11 -10 11 -1  0 1 1 1 0 20 0 12.14 
0.067 2 2.10 2.10 2.1 2.1 0.120 0.116 0.6085 0.6583 0.0301 0.0001 0.010364 -2.375401 0.0000 0 0.0000 0  -11 2 10 8 1 6 17 -10  0 1 1 1 0 20 0 12.13 
0.068 2 2.10 2.10 2.1 2.1 0.171 0.032 0.6273 0.6924 0.0305 0.0001 0.010364 -2.375364 0.0000 0 0.0000 0  24 34 10 0 10 8 15 12  0 1 1 1 0 20 0 12.16 
0.069 2 2.10 2.10 2.1 2.1 0.172 0.079 0.6374 0.6804 0.0313 0.0002 0.010364 -2.375332 0.0000 0 0.0000 0  21 18 17 12 9 18 12 -9  0 1 1 1 0 20 0 12.13 
0.070 2 2.10 2.10 2.1 2.1 0.117 0.032 0.6273 0.7169 0.0319 0.0002 0.012956 -2.375304 0.0000 0 0.0000 0  30 35 18 -21 17 30 15 12  0 1 1 1 0 20 0 12.14 
0.071 2 2.10 2.10 2.1 2.1 0.181 0.086 0.6177 0.6691 0.0325 0.0002 0.010364 -2.375283 0.0000 0 0.0000 0  7 28 19 -9 23 11 16 6  0 1 1 1 0 20 0 12.14 
0.072 2 2.10 2.10 2.1 2.1 0.139 0.045 0.6374 0.6691 0.0331 0.0002 0.012956 -2.375274 0.0000 0 0.0000 0  41 35 6 -4 17 40 15 18  0 1 1 1 0 20 0 12.15 
0.073 2 2.10 2.10 2.1 2.1 0.179 0.068 0.6474 0.6924 0.0339 0.0002 0.012956 -2.375271 0.0000 0 0.0000 0  16 8 11 9 18 11 13 -1  0 1 1 1 0 20 0 12.14 
0.074 2 2.10 2.10 2.1 2.1 0.162 0.074 0.6374 0.6085 0.0345 0.0002 0.010364 -2.375269 0.0000 0 0.0000 0  31 20 10 -11 17 11 17 -2  0 1 1 1 0 20 0 12.15 
0.075 2 2.10 2.10 2.1 2.1 0.144 0.128 0.6691 0.7044 0.0351 0.0002 0.012956 -2.375271 0.0000 0 0.0000 0  42 8 3 -1 9 -1 11 -5  0 1 1 1 0 20 0 12.15 
0.076 2 2.10 2.10 2.1 2.1 0.167 0.063 0.6273 0.7302 0.0359 0.0002 0.012956 -2.375281 0.0000 0 0.0000 0  32 24 4 6 6 21 -3 3  0 1 1 1 0 20 0 12.14 
0.077 2 2.10 2.10 2.1 2.1 0.131 0.063 0.6474 0.7169 0.0365 0.0002 0.015547 -2.375296 0.0000 0 0.0000 0  39 7 -2 -35 12 14 13 12  0 1 1 1 0 20 0 12.15 
0.078 2 2.10 2.10 2.1 2.1 0.177 0.017 0.6691 0.7302 0.0373 0.0002 0.015547 -2.375312 0.0000 0 0.0000 0  35 11 14 12 17 13 14 0  0 1 1 1 0 20 0 12.15 
0.079 2 2.10 2.10 2.1 2.1 0.146 0.047 0.6374 0.6804 0.0380 0.0002 0.012956 -2.375324 0.0000 0 0.0000 0  26 21 8 -6 24 17 10 -3  0 1 1 1 0 20 0 12.15 
0.080 2 2.10 2.10 2.1 2.1 0.116 0.064 0.6273 0.6924 0.0386 0.0002 0.015547 -2.375340 0.0000 0 0.0000 0  39 22 14 -8 9 14 15 2  0 1 1 1 0 20 0 12.14 
0.081 2 2.10 2.10 2.1 2.1 0.154 0.067 0.6804 0.6691 0.0394 0.0003 0.015547 -2.375371 0.0000 0 0.0000 0  48 0 0 15 9 11 23 10  0 1 1 1 0 20 0 12.15 
0.082 2 2.10 2.10 2.1 2.1 0.115 0.023 0.6583 0.7169 0.0400 0.0003 0.012956 -2.375407 0.0000 0 0.0000 0  33 30 3 -22 9 11 19 11  0 1 1 1 0 20 0 12.15 
0.083 2 2.10 2.10 2.1 2.1 0.140 0.032 0.6691 0.7434 0.0406 0.0003 0.015547 -2.375436 0.0000 0 0.0000 0  26 18 26 -8 21 52 12 28  0 1 1 1 0 20 0 12.16 
0.084 2 2.10 2.10 2.1 2.1 0.133 0.067 0.6583 0.7302 0.0414 0.0003 0.015547 -2.375464 0.0000 0 0.0000 0  22 17 -6 -25 -7 28 9 -2  0 1 1 1 0 20 0 12.16 
0.085 2 2.10 2.10 2.1 2.1 0.154 0.059 0.6583 0.7434 0.0420 0.0003 0.018138 -2.375502 0.0000 0 0.0000 0  30 30 7 -26 11 24 29 12  0 1 1 1 0 20 0 12.16 
0.086 2 2.10 2.10 2.1 2.1 0.133 0.014 0.6474 0.7302 0.0428 0.0003 0.018138 -2.375545 0.0000 0 0.0000 0  50 22 10 -17 19 16 19 10  0 1 1 1 0 20 0 12.15 
0.087 2 2.10 2.10 2.1 2.1 0.116 0.002 0.6583 0.7169 0.0434 0.0003 0.015547 -2.375585 0.0000 0 0.0000 0  5 -4 15 8 12 19 4 -5  0 1 1 1 0 20 0 12.14 
0.088 2 2.10 2.10 2.1 2.1 0.131 0.029 0.6691 0.6583 0.0440 0.0003 0.018138 -2.375623 0.0000 0 0.0000 0  62 39 16 25 31 40 15 14  0 1 1 1 0 20 0 12.16 
0.089 2 2.10 2.10 2.1 2.1 0.123 0.019 0.6691 0.7434 0.0448 0.0003 0.018138 -2.375663 0.0000 0 0.0000 0  9 11 17 -17 2 6 -10 -5  0 1 1 1 0 20 0 12.14 
0.090 2 2.10 2.10 2.1 2.1 0.181 0.042 0.6804 0.6691 0.0456 0.0004 0.018138 -2.375705 0.0000 0 0.0000 0  19 23 6 -28 9 6 30 -3  0 1 1 1 0 20 0 12.13 
0.091 2 2.10 2.10 2.1 2.1 0.107 0.013 0.6374 0.7169 0.0460 0.0004 0.018138 -2.375743 0.0000 0 0.0000 0  17 4 13 14 -6 13 -3 16  0 1 1 1 0 20 0 12.13 
0.092 2 2.10 2.10 2.1 2.1 0.142 0.065 0.6474 0.7302 0.0468 0.0004 0.018138 -2.375774 0.0000 0 0.0000 0  23 8 25 33 9 17 35 7  0 1 1 1 0 20 0 12.14 
0.093 2 2.10 2.10 2.1 2.1 0.147 0.051 0.6691 0.7575 0.0474 0.0004 0.020729 -2.375806 0.0000 0 0.0000 0  40 -2 8 12 -5 44 5 33  0 1 1 1 0 20 0 12.16 
0.094 2 2.10 2.10 2.1 2.1 0.141 0.054 0.6924 0.7723 0.0482 0.0004 0.020729 -2.375838 0.0000 0 0.0000 0  32 22 16 -18 27 4 15 15  0 1 1 1 0 20 0 12.14 
0.095 2 2.10 2.10 2.1 2.1 0.177 0.014 0.6691 0.7434 0.0490 0.0004 0.020729 -2.375866 0.0000 0 0.0000 0  33 15 3 -26 8 5 -2 7  0 1 1 1 0 20 0 12.14 
0.096 2 2.10 2.10 2.1 2.1 0.097 0.037 0.6583 0.6583 0.0494 0.0004 0.020729 -2.375892 0.0000 0 0.0000 0  48 45 32 -14 24 29 28 20  0 1 1 1 0 20 0 12.15 
0.097 2 2.10 2.10 2.1 2.1 0.153 -0.007 0.6474 0.7169 0.0502 0.0005 0.020729 -2.375907 0.0000 0 0.0000 0  14 18 5 20 5 17 18 17  0 1 1 1 0 20 0 12.14 
0.098 2 2.10 2.10 2.1 2.1 0.112 0.036 0.6583 0.7044 0.0510 0.0005 0.020729 -2.375914 0.0000 0 0.0000 0  28 26 35 -11 8 29 26 43  0 1 1 1 0 20 0 12.13 
0.099 2 2.10 2.10 2.1 2.1 0.146 0.040 0.6804 0.7044 0.0516 0.0005 0.023320 -2.375924 0.0000 0 0.0000 0  4 14 7 -45 -6 -2 -9 -20  0 1 1 1 0 20 0 12.14 
0.100 2 2.10 2.10 2.1 2.1 0.119 0.027 0.6804 0.7302 0.0524 0.0005 0.023320 -2.375927 0.0000 0 0.0000 0  41 35 16 4 21 19 25 43  0 1 1 1 0 20 0 12.16 
0.101 2 2.10 2.10 2.1 2.1 0.101 0.075 0.6691 0.7434 0.0530 0.0005 0.020729 -2.375917 0.0000 0 0.0000 0  10 18 11 -27 6 3 8 -16  0 1 1 1 0 20 0 12.14 
0.102 2 2.10 2.10 2.1 2.1 0.097 0.082 0.6804 0.7302 0.0536 0.0005 0.023320 -2.375905 0.0000 0 0.0000 0  41 19 2 -6 -1 -1 6 20  0 1 1 1 0 20 0 12.14 
0.103 2 2.10 2.10 2.1 2.1 0.111 0.110 0.6474 0.7723 0.0544 0.0005 0.023320 -2.375895 0.0000 0 0.0000 0  35 6 4 -12 -3 34 4 9  0 1 1 1 0 20 0 12.15 
0.104 2 2.10 2.10 2.1 2.1 0.195 0.048 0.7044 0.7434 0.0552 0.0006 0.023320 -2.375881 0.0000 0 0.0000 0  16 29 20 15 17 23 20 16  0 1 1 1 0 20 0 12.15 
0.105 2 2.10 2.10 2.1 2.1 0.121 0.127 0.6924 0.7575 0.0558 0.0006 0.025911 -2.375866 0.0000 0 0.0000 0  26 17 12 -35 14 10 12 -5  0 1 1 1 0 20 0 12.16 
0.106 2 2.10 2.10 2.1 2.1 0.136 0.082 0.6804 0.7169 0.0564 0.0006 0.023320 -2.375845 0.0000 0 0.0000 0  31 20 5 -32 9 19 14 -4  0 1 1 1 0 20 0 12.15 
0.107 2 2.10 2.10 2.1 2.1 0.137 0.159 0.7044 0.7302 0.0572 0.0006 0.023320 -2.375822 0.0000 0 0.0000 0  37 22 20 -1 14 46 9 16  0 1 1 1 0 20 0 12.15 
0.108 2 2.10 2.10 2.1 2.1 0.106 0.103 0.6474 0.6924 0.0578 0.0006 0.025911 -2.375803 0.0000 0 0.0000 0  14 26 5 -18 12 18 15 -2  0 1 1 1 0 20 0 12.15 
0.109 2 2.10 2.10 2.1 2.1 0.123 0.128 0.6583 0.7302 0.0586 0.0007 0.025911 -2.375784 0.0000 0 0.0000 0  15 20 22 10 15 16 17 -4  0 1 1 1 0 20 0 12.14 
0.110 2 2.10 2.10 2.1 2.1 0.121 0.158 0.7169 0.7044 0.0594 0.0007 0.025911 -2.375762 0.0000 0 0.0000 0  33 31 14 -25 6 10 16 6  0 1 1 1 0 20 0 12.14 
0.111 2 2.10 2.10 2.1 2.1 0.158 0.169 0.6924 0.7434 0.0602 0.0007 0.025911 -2.375741 0.0000 0 0.0000 0  31 27 9 -12 26 22 2 4  0 1 1 1 0 20 0 12.15 
0.112 2 2.10 2.10 2.1 2.1 0.076 0.164 0.7044 0.7723 0.0606 0.0007 0.025911 -2.375723 0.0000 0 0.0000 0  40 12 22 0 23 27 15 47  0 1 1 1 0 20 0 12.13 
0.113 2 2.10 2.10 2.1 2.1 0.165 0.084 0.6924 0.7434 0.0614 0.0007 0.025911 -2.375705 0.0000 0 0.0000 0  17 44 18 -12 11 63 6 41  0 1 1 1 0 20 0 12.14 
0.114 2 2.10 2.10 2.1 2.1 0.103 0.112 0.6924 0.7723 0.0622 0.0007 0.025911 -2.375685 0.0000 0 0.0000 0  37 27 12 -14 10 24 3 1  0 1 1 1 0 20 0 12.15 
0.115 2 2.10 2.10 2.1 2.1 0.121 0.083 0.6691 0.7434 0.0628 0.0008 0.028502 -2.375659 0.0000 0 0.0000 0  1 14 4 -21 7 13 14 -13  0 1 1 1 0 20 0 12.13 
0.116 2 2.10 2.10 2.1 2.1 0.097 0.085 0.6804 0.7723 0.0637 0.0008 0.028502 -2.375632 0.0000 0 0.0000 0  9 3 11 -27 5 12 20 2  0 1 1 1 0 20 0 12.14 
0.117 2 2.10 2.10 2.1 2.1 0.069 0.054 0.6691 0.6804 0.0643 0.0008 0.025911 -2.375612 0.0000 0 0.0000 0  41 25 9 -8 10 8 9 2  0 1 1 1 0 20 0 12.15 
0.118 2 2.10 2.10 2.1 2.1 0.155 0.040 0.6924 0.7044 0.0649 0.0008 0.028502 -2.375596 0.0000 0 0.0000 0  25 -1 23 3 17 13 22 36  0 1 1 1 0 20 0 12.13 
0.119 2 2.10 2.10 2.1 2.1 0.117 0.068 0.7044 0.7302 0.0657 0.0008 0.028502 -2.375575 0.0000 0 0.0000 0  32 34 15 0 11 25 16 25  0 1 1 1 0 20 0 12.13 
0.120 2 2.10 2.10 2.1 2.1 0.162 0.083 0.6804 0.7575 0.0665 0.0009 0.028502 -2.375556 0.0000 0 0.0000 0  13 1 9 -29 11 3 16 -7  0 1 1 1 0 20 0 12.13 
0.121 2 2.10 2.10 2.1 2.1 0.116 0.051 0.6691 0.7169 0.0671 0.0009 0.031093 -2.375544 0.0000 0 0.0000 0  32 28 6 -20 9 9 24 2  0 1 1 1 0 20 0 12.15 
0.122 2 2.10 2.10 2.1 2.1 0.102 0.073 0.7044 0.6691 0.0677 0.0009 0.028502 -2.375533 0.0000 0 0.0000 0  35 26 22 -12 15 13 7 -5  0 1 1 1 0 20 0 12.15 
0.123 2 2.10 2.10 2.1 2.1 0.180 0.011 0.6804 0.7302 0.0685 0.0009 0.028502 -2.375514 0.0000 0 0.0000 0  15 -2 6 30 11 13 15 -16  0 1 1 1 0 20 0 12.15 
0.124 2 2.10 2.10 2.1 2.1 0.100 0.051 0.6691 0.7575 0.0693 0.0009 0.028502 -2.375489 0.0000 0 0.0000 0  4 17 12 -14 7 16 15 6  0 1 1 1 0 20 0 12.14 
0.125 2 2.10 2.10 2.1 2.1 0.149 0.063 0.6924 0.7575 0.0699 0.0010 0.031093 -2.375478 0.0000 0 0.0000 0  49 35 4 -23 16 3 10 -4  0 1 1 1 0 20 0 12.15 
0.126 2 2.10 2.10 2.1 2.1 0.108 -0.013 0.6924 0.7575 0.0707 0.0010 0.031093 -2.375479 0.0000 0 0.0000 0  9 30 18 -21 17 7 29 -8  0 1 1 1 0 20 0 12.14 
0.127 2 2.10 2.10 2.1 2.1 0.124 0.039 0.6924 0.7723 0.0715 0.0010 0.031093 -2.375482 0.0000 0 0.0000 0  28 24 3 -26 21 12 0 -12  0 1 1 1 0 20 0 12.16 
0.128 2 2.10 2.10 2.1 2.1 0.090 0.027 0.6924 0.6924 0.0719 0.0010 0.031093 -2.375480 0.0000 0 0.0000 0  28 11 21 -25 17 13 7 9  0 1 1 1 0 20 0 12.16 
0.129 2 2.10 2.10 2.1 2.1 0.086 0.066 0.6691 0.7575 0.0727 0.0010 0.031093 -2.375481 0.0000 0 0.0000 0  26 29 25 5 17 23 15 32  0 1 1 1 0 20 0 12.13 
0.130 2 2.10 2.10 2.1 2.1 0.061 0.050 0.6924 0.7169 0.0735 0.0011 0.031093 -2.375491 0.0000 0 0.0000 0  40 28 14 -32 12 9 1 7  0 1 1 1 0 20 0 12.16 
0.131 2 2.10 2.10 2.1 2.1 0.055 0.055 0.7044 0.7169 0.0741 0.0011 0.033685 -2.375497 0.0000 0 0.0000 0  43 -6 14 30 4 9 10 1  0 1 1 1 0 20 0 12.16 
0.132 2 2.10 2.10 2.1 2.1 0.163 0.111 0.6924 0.7169 0.0749 0.0011 0.033685 -2.375502 0.0000 0 0.0000 0  12 13 17 -3 13 35 5 13  0 1 1 1 0 20 0 12.13 
0.133 2 2.10 2.10 2.1 2.1 0.101 0.091 0.7169 0.7169 0.0755 0.0011 0.031093 -2.375511 0.0000 0 0.0000 0  19 1 14 -21 28 24 17 8  0 1 1 1 0 20 0 12.13 
0.134 2 2.10 2.10 2.1 2.1 0.109 0.154 0.6924 0.7575 0.0763 0.0012 0.031093 -2.375523 0.0000 0 0.0000 0  9 36 11 -22 -3 4 14 6  0 1 1 1 0 20 0 12.14 
0.135 2 2.10 2.10 2.1 2.1 0.101 0.094 0.7169 0.7434 0.0769 0.0012 0.033685 -2.375547 0.0000 0 0.0000 0  32 39 27 9 12 33 34 22  0 1 1 1 0 20 0 12.13 
0.136 2 2.10 2.10 2.1 2.1 0.067 0.146 0.6583 0.7723 0.0777 0.0012 0.033685 -2.375574 0.0000 0 0.0000 0  27 2 -7 4 3 26 -4 -4  0 1 1 1 0 20 0 12.16 
0.137 2 2.10 2.10 2.1 2.1 0.173 0.177 0.6691 0.7575 0.0785 0.0012 0.033685 -2.375599 0.0000 0 0.0000 0  44 33 23 -10 27 27 20 13  0 1 1 1 0 20 0 12.17 
0.138 2 2.10 2.10 2.1 2.1 0.111 0.169 0.6924 0.7723 0.0791 0.0013 0.036276 -2.375627 0.0000 0 0.0000 0  12 23 19 -3 9 23 19 11  0 1 1 1 0 20 0 12.14 
0.139 2 2.10 2.10 2.1 2.1 0.092 0.150 0.7302 0.7044 0.0797 0.0013 0.033685 -2.375655 0.0000 0 0.0000 0  23 7 26 11 12 32 17 17  0 1 1 1 0 20 0 12.14 
0.140 2 2.10 2.10 2.1 2.1 0.075 0.116 0.7169 0.7434 0.0805 0.0013 0.033685 -2.375679 0.0000 0 0.0000 0  21 11 19 -9 5 16 -6 -15  0 1 1 1 0 20 0 12.13 
0.141 2 2.10 2.10 2.1 2.1 0.067 0.130 0.6924 0.6804 0.0813 0.0013 0.033685 -2.375702 0.0000 0 0.0000 0  23 43 31 -6 26 22 24 4  0 1 1 1 0 20 0 12.14 
0.142 2 2.10 2.10 2.1 2.1 0.165 0.109 0.6924 0.7575 0.0819 0.0014 0.036276 -2.375726 0.0000 0 0.0000 0  4 -1 14 13 11 25 7 -5  0 1 1 1 0 20 0 12.14 
0.143 2 2.10 2.10 2.1 2.1 0.098 0.089 0.6804 0.6924 0.0827 0.0014 0.036276 -2.375757 0.0000 0 0.0000 0  40 27 -2 -17 13 16 26 1  0 1 1 1 0 20 0 12.16 
0.144 2 2.10 2.10 2.1 2.1 0.105 0.039 0.6924 0.6924 0.0833 0.0014 0.033685 -2.375788 0.0000 0 0.0000 0  28 22 17 22 -3 7 -3 21  0 1 1 1 0 20 0 12.14 
0.145 2 2.10 2.10 2.1 2.1 0.101 0.051 0.7044 0.7575 0.0839 0.0014 0.036276 -2.375807 0.0000 0 0.0000 0  30 34 10 -9 24 27 24 12  0 1 1 1 0 20 0 12.16 
0.146 2 2.10 2.10 2.1 2.1 0.114 0.084 0.6924 0.7723 0.0847 0.0015 0.036276 -2.375820 0.0000 0 0.0000 0  36 19 6 10 15 35 5 18  0 1 1 1 0 20 0 12.14 
0.147 2 2.10 2.10 2.1 2.1 0.136 0.055 0.7044 0.7872 0.0855 0.0015 0.036276 -2.375837 0.0000 0 0.0000 0  35 9 6 -23 15 10 20 14  0 1 1 1 0 20 0 12.16 
0.148 2 2.10 2.10 2.1 2.1 0.105 0.062 0.6924 0.7575 0.0863 0.0015 0.036276 -2.375852 0.0000 0 0.0000 0  -3 15 -3 -20 10 8 4 -1  0 1 1 1 0 20 0 12.15 
0.149 2 2.10 2.10 2.1 2.1 0.150 0.059 0.6804 0.7044 0.0869 0.0015 0.038867 -2.375863 0.0000 0 0.0000 0  30 25 12 -17 13 11 15 11  0 1 1 1 0 20 0 12.15 
0.150 2 2.10 2.10 2.1 2.1 0.105 0.059 0.7169 0.7575 0.0877 0.0016 0.038867 -2.375864 0.0000 0 0.0000 0  32 23 10 -15 15 9 9 3  0 1 1 1 0 20 0 12.15 
0.151 2 2.10 2.10 2.1 2.1 0.116 0.093 0.6804 0.7044 0.0883 0.0016 0.036276 -2.375860 0.0000 0 0.0000 0  24 26 3 -17 19 19 13 6  0 1 1 1 0 20 0 12.15 
0.152 2 2.10 2.10 2.1 2.1 0.131 0.019 0.7044 0.7169 0.0889 0.0016 0.038867 -2.375863 0.0000 0 0.0000 0  5 22 11 -11 14 9 16 3  0 1 1 1 0 20 0 12.14 
0.153 2 2.10 2.10 2.1 2.1 0.088 0.039 0.7044 0.7434 0.0897 0.0016 0.038867 -2.375859 0.0000 0 0.0000 0  22 33 30 -4 12 31 16 22  0 1 1 1 0 20 0 12.12 
0.154 2 2.10 2.10 2.1 2.1 0.140 0.021 0.6924 0.6924 0.0905 0.0017 0.038867 -2.375846 0.0000 0 0.0000 0  15 24 17 -5 1 24 18 25  0 1 1 1 0 20 0 12.12 
0.155 2 2.10 2.10 2.1 2.1 0.174 0.028 0.7044 0.7575 0.0913 0.0017 0.038867 -2.375840 0.0000 0 0.0000 0  28 1 17 -9 11 16 22 29  0 1 1 1 0 20 0 12.13 
0.156 2 2.10 2.10 2.1 2.1 0.093 0.023 0.6924 0.6691 0.0917 0.0017 0.038867 -2.375840 0.0000 0 0.0000 0  13 8 7 -32 11 11 17 -6  0 1 1 1 0 20 0 12.14 
0.157 2 2.10 2.10 2.1 2.1 0.148 -0.036 0.6804 0.7575 0.0926 0.0018 0.038867 -2.375832 0.0000 0 0.0000 0  16 27 14 -19 1 12 10 -2  0 1 1 1 0 20 0 12.15 
0.158 2 2.10 2.10 2.1 2.1 0.106 0.007 0.7044 0.7723 0.0934 0.0018 0.038867 -2.375821 0.0000 0 0.0000 0  24 -2 15 -12 12 11 17 43  0 1 1 1 0 20 0 12.13 
0.159 2 2.10 2.10 2.1 2.1 0.143 0.032 0.7169 0.7575 0.0940 0.0018 0.041458 -2.375800 0.0000 0 0.0000 0  22 28 24 -4 5 46 17 27  0 1 1 1 0 20 0 12.13 
0.160 2 2.10 2.10 2.1 2.1 0.130 0.063 0.6924 0.7575 0.0948 0.0018 0.041458 -2.375772 0.0000 0 0.0000 0  44 2 -5 -18 5 8 10 -1  0 1 1 1 0 20 0 12.15 
0.161 2 2.10 2.10 2.1 2.1 0.112 -0.017 0.7169 0.7575 0.0956 0.0019 0.041458 -2.375750 0.0000 0 0.0000 0  31 31 31 6 10 32 17 22  0 1 1 1 0 20 0 12.13 
0.162 2 2.10 2.10 2.1 2.1 0.120 0.032 0.6924 0.7723 0.0964 0.0019 0.041458 -2.375724 0.0000 0 0.0000 0  47 23 7 -26 19 15 23 12  0 1 1 1 0 20 0 12.15 
0.163 2 2.10 2.10 2.1 2.1 0.113 0.059 0.7169 0.7169 0.0968 0.0019 0.041458 -2.375692 0.0000 0 0.0000 0  15 23 13 -21 6 13 6 -4  0 1 1 1 0 20 0 12.14 
0.164 2 2.10 2.10 2.1 2.1 0.112 0.073 0.6583 0.7575 0.0976 0.0020 0.041458 -2.375668 0.0000 0 0.0000 0  33 17 7 -24 21 9 6 11  0 1 1 1 0 20 0 12.16 
0.165 2 2.10 2.10 2.1 2.1 0.095 0.039 0.6691 0.7169 0.0984 0.0020 0.041458 -2.375647 0.0000 0 0.0000 0  36 25 13 -24 11 19 10 -1  0 1 1 1 0 20 0 12.16 
0.166 2 2.10 2.10 2.1 2.1 0.183 0.032 0.6924 0.7434 0.0990 0.0020 0.044049 -2.375626 0.0000 0 0.0000 0  29 32 15 -25 11 5 20 5  0 1 1 1 0 20 0 12.15 
0.167 2 2.10 2.10 2.1 2.1 0.082 0.093 0.7169 0.6924 0.0998 0.0021 0.044049 -2.375607 0.0000 0 0.0000 0  33 24 22 -5 10 32 19 34  0 1 1 1 0 20 0 12.14 
0.168 2 2.10 2.10 2.1 2.1 0.086 0.078 0.7169 0.7575 0.1006 0.0021 0.044049 -2.375589 0.0000 0 0.0000 0  36 16 -1 -10 14 5 10 -13  0 1 1 1 0 20 0 12.16 
0.169 2 2.10 2.10 2.1 2.1 0.103 0.120 0.7044 0.7169 0.1012 0.0021 0.041458 -2.375577 0.0000 0 0.0000 0  38 25 8 -2 -1 13 13 -23  0 1 1 1 0 20 0 12.16 
0.170 2 2.10 2.10 2.1 2.1 0.101 0.085 0.6924 0.7434 0.1018 0.0021 0.044049 -2.375569 0.0000 0 0.0000 0  61 36 3 -9 20 24 17 30  0 1 1 1 0 20 0 12.14 
0.171 2 2.10 2.10 2.1 2.1 0.155 0.160 0.6804 0.7575 0.1026 0.0022 0.044049 -2.375554 0.0000 0 0.0000 0  10 21 37 16 12 23 21 37  0 1 1 1 0 20 0 12.12 
0.172 2 2.10 2.10 2.1 2.1 0.116 0.144 0.6924 0.7723 0.1034 0.0022 0.044049 -2.375535 0.0000 0 0.0000 0  37 4 13 -6 -3 31 16 7  0 1 1 1 0 20 0 12.13 
0.173 2 2.10 2.10 2.1 2.1 0.149 0.182 0.6691 0.7872 0.1040 0.0022 0.046640 -2.375520 0.0000 0 0.0000 0  22 19 -9 -16 13 14 5 -10  0 1 1 1 0 20 0 12.16 
0.174 2 2.10 2.10 2.1 2.1 0.127 0.150 0.6924 0.7723 0.1048 0.0023 0.046640 -2.375511 0.0000 0 0.0000 0  32 28 37 -9 21 33 18 9  0 1 1 1 0 20 0 12.14 
0.175 2 2.10 2.10 2.1 2.1 0.131 0.077 0.7044 0.6804 0.1054 0.0023 0.044049 -2.375506 0.0000 0 0.0000 0  29 25 -5 -10 9 8 18 -1  0 1 1 1 0 20 0 12.15 
0.176 2 2.10 2.10 2.1 2.1 0.094 0.127 0.6924 0.7302 0.1062 0.0023 0.044049 -2.375503 0.0000 0 0.0000 0  34 28 10 -2 15 40 16 23  0 1 1 1 0 20 0 12.16 
0.177 2 2.10 2.10 2.1 2.1 0.105 0.086 0.6691 0.7169 0.1068 0.0024 0.046640 -2.375506 0.0000 0 0.0000 0  28 9 -2 -34 7 -2 -1 -7  0 1 1 1 0 20 0 12.14 
0.178 2 2.10 2.10 2.1 2.1 0.105 0.060 0.7044 0.7169 0.1076 0.0024 0.046640 -2.375520 0.0000 0 0.0000 0  35 38 14 1 20 63 25 54  0 1 1 1 0 20 0 12.13 
0.179 2 2.10 2.10 2.1 2.1 0.126 0.051 0.6804 0.7434 0.1084 0.0024 0.046640 -2.375542 0.0000 0 0.0000 0  39 30 11 -26 14 14 6 -1  0 1 1 1 0 20 0 12.15 
0.180 2 2.10 2.10 2.1 2.1 0.157 0.063 0.6804 0.6924 0.1092 0.0025 0.046640 -2.375563 0.0000 0 0.0000 0  41 16 18 -2 13 37 11 18  0 1 1 1 0 20 0 12.14 
0.181 2 2.10 2.10 2.1 2.1 0.089 0.083 0.6924 0.7434 0.1098 0.0025 0.049231 -2.375580 0.0000 0 0.0000 0  20 9 -6 -37 8 -10 3 -14  0 1 1 1 0 20 0 12.15 
0.182 2 2.10 2.10 2.1 2.1 0.125 0.070 0.6924 0.7723 0.1104 0.0025 0.046640 -2.375601 0.0000 0 0.0000 0  48 54 32 3 27 50 25 53  0 1 1 1 0 20 0 12.14 
0.183 2 2.10 2.10 2.1 2.1 0.122 0.063 0.6924 0.7575 0.1112 0.0026 0.046640 -2.375621 0.0000 0 0.0000 0  43 12 8 -25 26 9 12 -2  0 1 1 1 0 20 0 12.16 
0.184 2 2.10 2.10 2.1 2.1 0.084 0.042 0.6804 0.7723 0.1118 0.0026 0.049231 -2.375638 0.0000 0 0.0000 0  11 28 17 -9 16 20 21 -3  0 1 1 1 0 20 0 12.14 
0.185 2 2.10 2.10 2.1 2.1 0.122 0.050 0.6691 0.7723 0.1126 0.0026 0.049231 -2.375656 0.0000 0 0.0000 0  10 8 24 -5 6 30 5 4  0 1 1 1 0 20 0 12.14 
0.186 2 2.10 2.10 2.1 2.1 0.106 0.066 0.6924 0.7723 0.1134 0.0027 0.049231 -2.375672 0.0000 0 0.0000 0  60 24 28 -18 27 38 17 15  0 1 1 1 0 20 0 12.14 
0.187 2 2.10 2.10 2.1 2.1 0.102 0.033 0.7044 0.7575 0.1140 0.0027 0.051822 -2.375695 0.0000 0 0.0000 0  27 17 10 -17 7 1 19 0  0 1 1 1 0 20 0 12.15 
0.188 2 2.10 2.10 2.1 2.1 0.118 0.021 0.6804 0.7434 0.1148 0.0028 0.051822 -2.375720 0.0000 0 0.0000 0  37 12 23 -15 1 21 13 25  0 1 1 1 0 20 0 12.13 
0.189 2 2.10 2.10 2.1 2.1 0.168 0.077 0.7044 0.7169 0.1154 0.0028 0.049231 -2.375739 0.0000 0 0.0000 0  5 25 7 -35 -10 4 -7 -11  0 1 1 1 0 20 0 12.13 
0.190 2 2.10 2.10 2.1 2.1 0.074 0.097 0.6583 0.7575 0.1160 0.0028 0.051822 -2.375755 0.0000 0 0.0000 0  33 26 12 -28 10 3 19 6  0 1 1 1 0 20 0 12.15 
0.191 2 2.10 2.10 2.1 2.1 0.089 0.061 0.7044 0.7044 0.1168 0.0029 0.051822 -2.375771 0.0000 0 0.0000 0  28 30 22 2 13 26 19 33  0 1 1 1 0 20 0 12.13 
0.192 2 2.10 2.10 2.1 2.1 0.093 0.065 0.6474 0.7575 0.1176 0.0029 0.051822 -2.375784 0.0000 0 0.0000 0  8 27 13 -31 1 3 6 -2  0 1 1 1 0 20 0 12.13 
0.193 2 2.10 2.10 2.1 2.1 0.104 0.013 0.6691 0.6924 0.1182 0.0029 0.054414 -2.375792 0.0000 0 0.0000 0  42 38 16 -20 14 20 12 -5  0 1 1 1 0 20 0 12.14 
0.194 2 2.10 2.10 2.1 2.1 0.159 0.081 0.6804 0.7575 0.1190 0.0030 0.054414 -2.375799 0.0000 0 0.0000 0  57 17 1 0 14 19 8 -8  0 1 1 1 0 20 0 12.15 
0.195 2 2.10 2.10 2.1 2.1 0.097 0.040 0.7169 0.7723 0.1196 0.0030 0.051822 -2.375809 0.0000 0 0.0000 0  37 15 -5 -17 3 18 12 2  0 1 1 1 0 20 0 12.16 
0.196 2 2.10 2.10 2.1 2.1 0.161 0.015 0.7044 0.7434 0.1204 0.0030 0.051822 -2.375821 0.0000 0 0.0000 0  15 18 34 -2 9 17 21 6  0 1 1 1 0 20 0 12.13 
0.197 2 2.10 2.10 2.1 2.1 0.105 0.013 0.6804 0.7302 0.1210 0.0031 0.054414 -2.375832 0.0000 0 0.0000 0  31 31 2 -16 17 18 11 -3  0 1 1 1 0 20 0 12.16 
0.198 2 2.10 2.10 2.1 2.1 0.156 0.040 0.6804 0.7575 0.1218 0.0031 0.054414 -2.375835 0.0000 0 0.0000 0  37 15 16 -6 20 12 11 15  0 1 1 1 0 20 0 12.16 
0.199 2 2.10 2.10 2.1 2.1 0.083 0.044 0.6804 0.7723 0.1226 0.0032 0.054414 -2.375839 0.0000 0 0.0000 0  33 22 11 -7 13 12 21 4  0 1 1 1 0 20 0 12.16 
0.200 4 4.10 4.10 4.1 4.1 0.096 -0.002 0.6924 0.7575 0.1234 0.0032 0.054414 -2.375844 0.0000 0 0.0000 0  45 25 20 -21 16 4 7 3  0 1 1 1 0 20 0 12.16 
0.201 4 4.10 4.10 4.1 4.1 0.286 0.097 0.7044 0.6804 0.1238 0.0032 0.054414 -2.375844 0.0000 0 0.0000 0  32 38 12 -10 4 23 11 -7  0 1 1 1 0 20 0 12.09 
0.202 4 4.10 4.10 4.1 4.1 0.390 0.339 0.7044 0.7434 0.1246 0.0033 0.054414 -2.375833 0.0000 0 0.0000 0  36 19 35 6 26 26 20 22  0 1 1 1 0 20 0 12.04 
0.203 4 4.10 4.10 4.1 4.1 0.481 0.466 0.7302 0.7302 0.1254 0.0033 0.054414 -2.375818 0.0000 0 0.0000 0  33 13 4 -3 14 20 8 14  0 1 1 1 0 20 0 12.02 
0.204 4 4.10 4.10 4.1 4.1 0.550 0.496 0.7434 0.7575 0.1262 0.0034 0.054414 -2.375815 0.0000 0 0.0000 0  47 16 13 -1 6 6 6 -10  0 1 1 1 0 20 0 12.00 
0.205 4 4.10 4.10 4.1 4.1 0.545 0.557 0.7434 0.8032 0.1271 0.0034 0.054414 -2.375811 0.0000 0 0.0000 0  29 11 6 -4 19 17 -1 20  0 1 1 1 0 20 0 11.99 
0.206 4 4.10 4.10 4.1 4.1 0.624 0.624 0.8032 0.7872 0.1279 0.0035 0.054414 -2.375798 0.0000 0 0.0000 0  16 10 17 -9 14 14 7 9  0 1 1 1 0 20 0 11.97 
0.207 4 4.10 4.10 4.1 4.1 0.552 0.530 0.8032 0.8924 0.1289 0.0035 0.057005 -2.375782 0.0000 0 0.0000 0  14 16 20 4 20 19 20 9  0 1 1 1 0 20 0 11.97 
0.208 4 4.10 4.10 4.1 4.1 0.502 0.510 0.8366 0.9125 0.1297 0.0036 0.057005 -2.375766 0.0000 0 0.0000 0  12 13 5 0 2 11 -1 0  0 1 1 1 0 20 0 12.00 
0.209 4 4.10 4.10 4.1 4.1 0.485 0.497 0.8366 0.9559 0.1305 0.0036 0.057005 -2.375742 0.0000 0 0.0000 0  3 16 5 -9 2 16 24 -5  0 1 1 1 0 20 0 12.00 
0.210 4 4.10 4.10 4.1 4.1 0.503 0.409 0.8727 0.9559 0.1315 0.0037 0.059596 -2.375715 0.0000 0 0.0000 0  26 10 29 0 21 8 5 12  0 1 1 1 0 20 0 12.00 
0.211 4 4.10 4.10 4.1 4.1 0.450 0.432 0.9125 0.9559 0.1323 0.0037 0.059596 -2.375688 0.0000 0 0.0000 0  22 17 15 8 15 15 22 16  0 1 1 1 0 20 0 12.02 
0.212 4 4.10 4.10 4.1 4.1 0.432 0.424 0.9338 1.0041 0.1335 0.0038 0.059596 -2.375670 0.0000 0 0.0000 0  33 17 7 3 7 29 0 19  0 1 1 1 0 20 0 12.01 
0.213 4 4.10 4.10 4.1 4.1 0.416 0.477 0.9338 1.0298 0.1343 0.0038 0.059596 -2.375659 0.0000 0 0.0000 0  19 24 3 -10 16 -8 -7 5  0 1 1 1 0 20 0 12.02 
0.214 4 4.10 4.10 4.1 4.1 0.438 0.368 0.9796 1.0298 0.1353 0.0039 0.062187 -2.375642 0.0000 0 0.0000 0  46 21 18 4 5 13 3 7  0 1 1 1 0 20 0 12.02 
0.215 4 4.10 4.10 4.1 4.1 0.420 0.365 1.0041 1.0567 0.1363 0.0039 0.059596 -2.375625 0.0000 0 0.0000 0  58 19 26 14 20 23 20 13  0 1 1 1 0 20 0 12.02 
0.216 4 4.10 4.10 4.1 4.1 0.405 0.390 1.0298 1.0567 0.1373 0.0040 0.062187 -2.375607 0.0000 0 0.0000 0  36 16 10 -5 15 26 4 12  0 1 1 1 0 20 0 12.03 
0.217 4 4.10 4.10 4.1 4.1 0.441 0.377 1.0298 1.0567 0.1385 0.0041 0.062187 -2.375581 0.0000 0 0.0000 0  41 15 -2 13 6 -1 14 3  0 1 1 1 0 20 0 12.04 
0.218 4 4.10 4.10 4.1 4.1 0.399 0.378 1.0567 1.0852 0.1393 0.0041 0.062187 -2.375553 0.0000 0 0.0000 0  13 19 3 -7 8 10 15 10  0 1 1 1 0 20 0 12.04 
0.219 4 4.10 4.10 4.1 4.1 0.375 0.340 1.0852 1.1474 0.1405 0.0042 0.062187 -2.375536 0.0000 0 0.0000 0  45 14 35 8 25 34 25 21  0 1 1 1 0 20 0 12.04 
0.220 4 4.10 4.10 4.1 4.1 0.448 0.363 1.0852 1.1474 0.1415 0.0043 0.064778 -2.375531 0.0000 0 0.0000 0  22 3 14 22 6 21 11 2  0 1 1 1 0 20 0 12.02 
0.221 4 4.10 4.10 4.1 4.1 0.359 0.332 1.0852 1.1474 0.1427 0.0043 0.064778 -2.375541 0.0000 0 0.0000 0  38 7 11 -2 18 16 6 4  0 1 1 1 0 20 0 12.03 
0.222 4 4.10 4.10 4.1 4.1 0.325 0.355 1.0852 1.1474 0.1439 0.0044 0.064778 -2.375562 0.0000 0 0.0000 0  21 22 -1 -14 9 19 -4 8  0 1 1 1 0 20 0 12.05 
0.223 4 4.10 4.10 4.1 4.1 0.424 0.314 1.1153 1.1812 0.1449 0.0045 0.067369 -2.375574 0.0000 0 0.0000 0  30 30 13 27 9 34 10 38  0 1 1 1 0 20 0 12.06 
0.224 4 4.10 4.10 4.1 4.1 0.323 0.376 1.0852 1.1812 0.1459 0.0046 0.064778 -2.375576 0.0000 0 0.0000 0  14 20 24 1 27 24 8 1  0 1 1 1 0 20 0 12.06 
0.225 4 4.10 4.10 4.1 4.1 0.349 0.379 1.1474 1.2169 0.1471 0.0046 0.064778 -2.375586 0.0000 0 0.0000 0  17 29 24 -2 13 20 -3 1  0 1 1 1 0 20 0 12.06 
0.226 4 4.10 4.10 4.1 4.1 0.353 0.357 1.1474 1.2551 0.1483 0.0047 0.064778 -2.375610 0.0000 0 0.0000 0  28 4 -20 -3 8 28 -16 7  0 1 1 1 0 20 0 12.06 
0.227 4 4.10 4.10 4.1 4.1 0.289 0.356 1.1474 1.2169 0.1493 0.0048 0.067369 -2.375644 0.0000 0 0.0000 0  46 30 23 22 19 33 13 18  0 1 1 1 0 20 0 12.07 
0.228 4 4.10 4.10 4.1 4.1 0.326 0.356 1.1474 1.2551 0.1505 0.0049 0.067369 -2.375680 0.0000 0 0.0000 0  35 29 9 0 11 6 -1 10  0 1 1 1 0 20 0 12.06 
0.229 4 4.10 4.10 4.1 4.1 0.295 0.336 1.1812 1.3386 0.1519 0.0050 0.069960 -2.375715 0.0000 0 0.0000 0  43 21 16 0 14 -4 16 29  0 1 1 1 0 20 0 12.07 
0.230 4 4.10 4.10 4.1 4.1 0.283 0.319 1.1812 1.3386 0.1531 0.0050 0.069960 -2.375753 0.0000 0 0.0000 0  16 8 -2 -24 -1 -2 -11 -7  0 1 1 1 0 20 0 12.07 
0.231 4 4.10 4.10 4.1 4.1 0.314 0.315 1.1474 1.3386 0.1543 0.0051 0.069960 -2.375794 0.0000 0 0.0000 0  24 12 16 0 23 37 14 38  0 1 1 1 0 20 0 12.07 
0.232 4 4.10 4.10 4.1 4.1 0.300 0.315 1.2169 1.2551 0.1555 0.0052 0.069960 -2.375836 0.0000 0 0.0000 0  61 -4 4 -1 19 12 24 12  0 1 1 1 0 20 0 12.07 
0.233 4 4.10 4.10 4.1 4.1 0.246 0.286 1.2551 1.3386 0.1567 0.0053 0.069960 -2.375880 0.0000 0 0.0000 0  44 18 19 -8 16 3 35 5  0 1 1 1 0 20 0 12.08 
0.234 4 4.10 4.10 4.1 4.1 0.270 0.261 1.1812 1.2551 0.1579 0.0054 0.069960 -2.375927 0.0000 0 0.0000 0  6 27 21 7 7 8 1 28  0 1 1 1 0 20 0 12.08 
0.235 4 4.10 4.10 4.1 4.1 0.238 0.308 1.2169 1.3386 0.1591 0.0055 0.069960 -2.375978 0.0000 0 0.0000 0  25 3 24 -3 13 6 -3 5  0 1 1 1 0 20 0 12.08 
0.236 4 4.10 4.10 4.1 4.1 0.280 0.273 1.2551 1.3848 0.1605 0.0056 0.072551 -2.376035 0.0000 0 0.0000 0  39 35 -1 9 9 26 5 -3  0 1 1 1 0 20 0 12.09 
0.237 4 4.10 4.10 4.1 4.1 0.304 0.295 1.1812 1.3386 0.1617 0.0057 0.072551 -2.376098 0.0000 0 0.0000 0  19 -4 9 -2 16 22 10 25  0 1 1 1 0 20 0 12.08 
0.238 4 4.10 4.10 4.1 4.1 0.241 0.238 1.2551 1.3848 0.1629 0.0057 0.072551 -2.376161 0.0000 0 0.0000 0  40 24 4 11 12 40 5 45  0 1 1 1 0 20 0 12.09 
0.239 4 4.10 4.10 4.1 4.1 0.261 0.277 1.1474 1.3848 0.1641 0.0058 0.072551 -2.376222 0.0000 0 0.0000 0  42 21 7 -6 19 15 6 -5  0 1 1 1 0 20 0 12.09 
0.240 4 4.10 4.10 4.1 4.1 0.208 0.246 1.2952 1.3848 0.1653 0.0059 0.072551 -2.376280 0.0000 0 0.0000 0  11 38 17 -1 12 4 -7 0  0 1 1 1 0 20 0 12.08 
0.241 4 4.10 4.10 4.1 4.1 0.275 0.272 1.2551 1.4342 0.1667 0.0060 0.075143 -2.376340 0.0000 0 0.0000 0  40 14 12 -10 13 24 6 9  0 1 1 1 0 20 0 12.08 
0.242 4 4.10 4.10 4.1 4.1 0.285 0.215 1.2952 1.3848 0.1679 0.0061 0.075143 -2.376410 0.0000 0 0.0000 0  18 30 30 9 11 13 21 2  0 1 1 1 0 20 0 12.09 
0.243 4 4.10 4.10 4.1 4.1 0.273 0.244 1.2551 1.4342 0.1691 0.0062 0.075143 -2.376479 0.0000 0 0.0000 0  37 24 -2 0 10 7 -6 -14  0 1 1 1 0 20 0 12.07 
0.244 4 4.10 4.10 4.1 4.1 0.267 0.195 1.2952 1.4342 0.1705 0.0063 0.077734 -2.376534 0.0000 0 0.0000 0  32 22 -6 -4 11 7 19 -5  0 1 1 1 0 20 0 12.08 
0.245 4 4.10 4.10 4.1 4.1 0.219 0.232 1.2952 1.4342 0.1717 0.0064 0.077734 -2.376579 0.0000 0 0.0000 0  29 2 16 7 10 28 0 27  0 1 1 1 0 20 0 12.09 
0.246 4 4.10 4.10 4.1 4.1 0.245 0.201 1.2952 1.3848 0.1729 0.0065 0.077734 -2.376628 0.0000 0 0.0000 0  45 20 14 -9 25 19 23 1  0 1 1 1 0 20 0 12.10 
0.247 4 4.10 4.10 4.1 4.1 0.213 0.231 1.2551 1.4342 0.1743 0.0066 0.080325 -2.376682 0.0000 0 0.0000 0  17 33 21 11 11 -1 4 -8  0 1 1 1 0 20 0 12.10 
0.248 4 4.10 4.10 4.1 4.1 0.242 0.207 1.3386 1.3848 0.1755 0.0067 0.080325 -2.376727 0.0000 0 0.0000 0  41 41 -7 4 12 28 7 8  0 1 1 1 0 20 0 12.09 
0.249 4 4.10 4.10 4.1 4.1 0.268 0.214 1.3386 1.4342 0.1769 0.0068 0.082916 -2.376752 0.0000 0 0.0000 0  39 32 -1 11 19 33 5 16  0 1 1 1 0 20 0 12.10 
0.250 4 4.10 4.10 4.1 4.1 0.249 0.200 1.2952 1.4872 0.1781 0.0069 0.082916 -2.376762 0.0000 0 0.0000 0  34 20 15 11 12 12 17 -9  0 1 1 1 0 20 0 12.09 
0.251 4 4.10 4.10 4.1 4.1 0.244 0.194 1.3386 1.3848 0.1795 0.0070 0.080325 -2.376771 0.0000 0 0.0000 0  30 25 12 -3 7 21 4 -8  0 1 1 1 0 20 0 12.09 
0.252 4 4.10 4.10 4.1 4.1 0.219 0.184 1.3386 1.4342 0.1809 0.0071 0.082916 -2.376785 0.0000 0 0.0000 0  12 28 6 -2 16 18 10 -10  0 1 1 1 0 20 0 12.08 
0.253 4 4.10 4.10 4.1 4.1 0.205 0.166 1.3386 1.4872 0.1821 0.0072 0.082916 -2.376793 0.0000 0 0.0000 0  35 11 3 -11 5 7 29 1  0 1 1 1 0 20 0 12.09 
0.254 4 4.10 4.10 4.1 4.1 0.226 0.218 1.3386 1.4872 0.1835 0.0074 0.085507 -2.376782 0.0000 0 0.0000 0  7 26 16 6 10 18 -3 12  0 1 1 1 0 20 0 12.09 
0.255 4 4.10 4.10 4.1 4.1 0.239 0.194 1.3386 1.4872 0.1847 0.0075 0.085507 -2.376757 0.0000 0 0.0000 0  20 24 13 10 13 14 -4 20  0 1 1 1 0 20 0 12.09 
0.256 4 4.10 4.10 4.1 4.1 0.231 0.174 1.3386 1.4342 0.1863 0.0076 0.085507 -2.376740 0.0000 0 0.0000 0  50 25 5 -3 20 14 10 37  0 1 1 1 0 20 0 12.10 
0.257 4 4.10 4.10 4.1 4.1 0.231 0.159 1.3848 1.5446 0.1875 0.0077 0.085507 -2.376729 0.0000 0 0.0000 0  25 26 9 -1 22 4 -2 -6  0 1 1 1 0 20 0 12.11 
0.258 4 4.10 4.10 4.1 4.1 0.203 0.161 1.3386 1.5446 0.1889 0.0078 0.088098 -2.376698 0.0000 0 0.0000 0  41 20 14 7 22 17 2 -2  0 1 1 1 0 20 0 12.10 
0.259 4 4.10 4.10 4.1 4.1 0.230 0.200 1.3386 1.5446 0.1901 0.0079 0.088098 -2.376648 0.0000 0 0.0000 0  29 -5 3 -3 16 17 4 6  0 1 1 1 0 20 0 12.10 
0.260 4 4.10 4.10 4.1 4.1 0.238 0.162 1.3386 1.5446 0.1915 0.0081 0.090689 -2.376597 0.0000 0 0.0000 0  52 38 24 14 34 35 21 17  0 1 1 1 0 20 0 12.10 
0.261 4 4.10 4.10 4.1 4.1 0.198 0.168 1.3386 1.4872 0.1929 0.0082 0.088098 -2.376551 0.0000 0 0.0000 0  19 36 17 15 8 3 27 1  0 1 1 1 0 20 0 12.10 
0.262 4 4.10 4.10 4.1 4.1 0.226 0.178 1.2952 1.4872 0.1943 0.0083 0.090689 -2.376503 0.0000 0 0.0000 0  37 -8 23 -6 16 22 6 22  0 1 1 1 0 20 0 12.10 
0.263 4 4.10 4.10 4.1 4.1 0.208 0.158 1.3848 1.4872 0.1955 0.0084 0.090689 -2.376436 0.0000 0 0.0000 0  27 12 5 4 -2 1 20 -10  0 1 1 1 0 20 0 12.10 
0.264 4 4.10 4.10 4.1 4.1 0.208 0.169 1.3848 1.4872 0.1971 0.0086 0.090689 -2.376359 0.0000 0 0.0000 0  32 37 25 15 36 28 7 4  0 1 1 1 0 20 0 12.10 
0.265 4 4.10 4.10 4.1 4.1 0.251 0.146 1.3386 1.4872 0.1983 0.0087 0.090689 -2.376292 0.0000 0 0.0000 0  35 32 12 17 12 25 -8 -2  0 1 1 1 0 20 0 12.10 
0.266 4 4.10 4.10 4.1 4.1 0.222 0.135 1.4342 1.5446 0.1997 0.0088 0.093280 -2.376237 0.0000 0 0.0000 0  12 13 12 14 2 15 -14 4  0 1 1 1 0 20 0 12.11 
0.267 4 4.10 4.10 4.1 4.1 0.203 0.128 1.3848 1.6065 0.2011 0.0089 0.095872 -2.376163 0.0000 0 0.0000 0  18 5 6 -26 5 7 7 -6  0 1 1 1 0 20 0 12.10 
0.268 4 4.10 4.10 4.1 4.1 0.208 0.177 1.2551 1.5446 0.2025 0.0091 0.093280 -2.376059 0.0000 0 0.0000 0  53 36 21 24 25 44 0 5  0 1 1 1 0 20 0 12.10 
0.269 4 4.10 4.10 4.1 4.1 0.225 0.150 1.3848 1.4872 0.2039 0.0092 0.095872 -2.375958 0.0000 0 0.0000 0  14 40 13 22 10 30 -14 -3  0 1 1 1 0 20 0 12.11 
0.270 4 4.10 4.10 4.1 4.1 0.216 0.134 1.3848 1.5446 0.2051 0.0093 0.095872 -2.375889 0.0000 0 0.0000 0  44 20 9 0 16 19 0 7  0 1 1 1 0 20 0 12.10 
0.271 4 4.10 4.10 4.1 4.1 0.211 0.154 1.3386 1.5446 0.2065 0.0095 0.098463 -2.375840 0.0000 0 0.0000 0  18 17 -20 10 -7 9 -14 0  0 1 1 1 0 20 0 12.11 
0.272 4 4.10 4.10 4.1 4.1 0.192 0.131 1.3848 1.4872 0.2079 0.0096 0.095872 -2.375785 0.0000 0 0.0000 0  24 45 4 12 10 31 8 13  0 1 1 1 0 20 0 12.11 
0.273 4 4.10 4.10 4.1 4.1 0.200 0.131 1.3848 1.5446 0.2093 0.0097 0.098463 -2.375735 0.0000 0 0.0000 0  28 20 10 -4 21 15 17 1  0 1 1 1 0 20 0 12.11 
0.274 4 4.10 4.10 4.1 4.1 0.213 0.116 1.3848 1.4872 0.2107 0.0099 0.101054 -2.375707 0.0000 0 0.0000 0  43 16 16 -12 14 12 17 12  0 1 1 1 0 20 0 12.13 
0.275 4 4.10 4.10 4.1 4.1 0.211 0.143 1.3848 1.5446 0.2121 0.0100 0.098463 -2.375694 0.0000 0 0.0000 0  27 16 -4 2 -4 3 -12 -25  0 1 1 1 0 20 0 12.11 
0.276 4 4.10 4.10 4.1 4.1 0.191 0.132 1.3848 1.5446 0.2135 0.0101 0.101054 -2.375679 0.0000 0 0.0000 0  48 19 15 4 16 27 -7 8  0 1 1 1 0 20 0 12.11 
0.277 4 4.10 4.10 4.1 4.1 0.204 0.144 1.3386 1.6065 0.2149 0.0103 0.103645 -2.375651 0.0000 0 0.0000 0  37 22 8 -4 20 8 12 4  0 1 1 1 0 20 0 12.10 
0.278 4 4.10 4.10 4.1 4.1 0.181 0.119 1.3848 1.4872 0.2163 0.0104 0.101054 -2.375629 0.0000 0 0.0000 0  28 -16 24 -5 24 22 -8 14  0 1 1 1 0 20 0 12.11 
0.279 4 4.10 4.10 4.1 4.1 0.226 0.131 1.3848 1.5446 0.2177 0.0106 0.103645 -2.375633 0.0000 0 0.0000 0  25 29 8 4 9 23 -21 -16  0 1 1 1 0 20 0 12.11 
0.280 4 4.10 4.10 4.1 4.1 0.219 0.127 1.3848 1.6065 0.2189 0.0107 0.103645 -2.375647 0.0000 0 0.0000 0  34 42 0 -5 12 20 -12 -5  0 1 1 1 0 20 0 12.10 
0.281 4 4.10 4.10 4.1 4.1 0.186 0.146 1.4342 1.6065 0.2205 0.0109 0.103645 -2.375643 0.0000 0 0.0000 0  21 13 -3 -2 11 12 -15 -2  0 1 1 1 0 20 0 12.11 
0.282 4 4.10 4.10 4.1 4.1 0.209 0.166 1.3848 1.6065 0.2219 0.0110 0.106236 -2.375631 0.0000 0 0.0000 0  41 28 8 24 5 7 14 3  0 1 1 1 0 20 0 12.11 
0.283 4 4.10 4.10 4.1 4.1 0.175 0.127 1.3848 1.5446 0.2231 0.0111 0.106236 -2.375649 0.0000 0 0.0000 0  17 27 9 6 21 6 10 9  0 1 1 1 0 20 0 12.12 
0.284 4 4.10 4.10 4.1 4.1 0.235 0.153 1.3848 1.5446 0.2247 0.0113 0.106236 -2.375694 0.0000 0 0.0000 0  40 -8 -6 1 10 22 23 -10  0 1 1 1 0 20 0 12.11 
0.285 4 4.10 4.10 4.1 4.1 0.197 0.121 1.3848 1.5446 0.2261 0.0115 0.108827 -2.375720 0.0000 0 0.0000 0  12 35 6 11 4 22 -2 30  0 1 1 1 0 20 0 12.11 
0.286 4 4.10 4.10 4.1 4.1 0.188 0.142 1.3848 1.6065 0.2275 0.0116 0.106236 -2.375724 0.0000 0 0.0000 0  19 23 5 -7 27 12 30 -1  0 1 1 1 0 20 0 12.10 
0.287 4 4.10 4.10 4.1 4.1 0.214 0.127 1.4342 1.6065 0.2289 0.0118 0.108827 -2.375742 0.0000 0 0.0000 0  32 21 13 3 13 19 13 9  0 1 1 1 0 20 0 12.11 
0.288 4 4.10 4.10 4.1 4.1 0.184 0.151 1.4342 1.6065 0.2303 0.0119 0.111418 -2.375782 0.0000 0 0.0000 0  30 49 -4 0 12 18 20 3  0 1 1 1 0 20 0 12.11 
0.289 4 4.10 4.10 4.1 4.1 0.245 0.117 1.4342 1.4872 0.2317 0.0121 0.108827 -2.375821 0.0000 0 0.0000 0  14 40 24 25 16 31 -9 27  0 1 1 1 0 20 0 12.12 
0.290 4 4.10 4.10 4.1 4.1 0.138 0.124 1.4342 1.6065 0.2331 0.0122 0.111418 -2.375836 0.0000 0 0.0000 0  29 0 12 8 6 13 -19 7  0 1 1 1 0 20 0 12.09 
0.291 4 4.10 4.10 4.1 4.1 0.184 0.135 1.3848 1.2169 0.2345 0.0124 0.114009 -2.375844 0.0000 0 0.0000 0  39 24 22 0 22 13 6 2  0 1 1 1 0 20 0 12.10 
0.292 4 4.10 4.10 4.1 4.1 0.195 0.115 1.3848 1.6065 0.2359 0.0125 0.111418 -2.375869 0.0000 0 0.0000 0  25 8 3 -5 11 27 -5 -8  0 1 1 1 0 20 0 12.09 
0.293 4 4.10 4.10 4.1 4.1 0.158 0.102 1.4342 1.6065 0.2373 0.0127 0.114009 -2.375901 0.0000 0 0.0000 0  33 12 -11 -17 14 18 19 -21  0 1 1 1 0 20 0 12.11 
0.294 4 4.10 4.10 4.1 4.1 0.205 0.112 1.3848 1.6065 0.2387 0.0129 0.116600 -2.375906 0.0000 0 0.0000 0  38 16 10 -4 34 9 17 -5  0 1 1 1 0 20 0 12.11 
0.295 4 4.10 4.10 4.1 4.1 0.114 0.126 1.4872 1.5446 0.2401 0.0130 0.114009 -2.375886 0.0000 0 0.0000 0  21 15 14 9 19 22 16 7  0 1 1 1 0 20 0 12.11 
0.296 4 4.10 4.10 4.1 4.1 0.227 0.101 1.4342 1.5446 0.2415 0.0132 0.116600 -2.375880 0.0000 0 0.0000 0  47 20 8 -8 10 26 34 10  0 1 1 1 0 20 0 12.11 
0.297 4 4.10 4.10 4.1 4.1 0.205 0.131 1.4342 1.5446 0.2431 0.0134 0.116600 -2.375902 0.0000 0 0.0000 0  46 7 0 4 15 18 -4 19  0 1 1 1 0 20 0 12.12 
0.298 4 4.10 4.10 4.1 4.1 0.171 0.079 1.4342 1.4342 0.2443 0.0135 0.116600 -2.375911 0.0000 0 0.0000 0  23 16 13 -8 23 11 27 8  0 1 1 1 0 20 0 12.12 
0.299 4 4.10 4.10 4.1 4.1 0.219 0.145 1.3848 1.6065 0.2459 0.0137 0.116600 -2.375889 0.0000 0 0.0000 0  35 35 4 4 5 31 9 38  0 1 1 1 0 20 0 12.11 
0.300 4 4.10 4.10 4.1 4.1 0.118 0.070 1.4342 1.6065 0.2473 0.0139 0.119192 -2.375865 0.0000 0 0.0000 0  43 39 -6 5 11 39 8 2  0 1 1 1 0 20 0 12.12 
0.301 4 4.10 4.10 4.1 4.1 0.222 0.100 1.4342 1.6732 0.2487 0.0140 0.121783 -2.375865 0.0000 0 0.0000 0  47 30 25 -2 27 15 12 29  0 1 1 1 0 20 0 12.10 
0.302 4 4.10 4.10 4.1 4.1 0.168 0.056 1.4342 1.5446 0.2501 0.0142 0.119192 -2.375870 0.0000 0 0.0000 0  33 14 5 13 12 0 35 3  0 1 1 1 0 20 0 12.10 
0.303 4 4.10 4.10 4.1 4.1 0.169 0.078 1.4342 1.6065 0.2515 0.0144 0.121783 -2.375851 0.0000 0 0.0000 0  30 9 11 -6 20 14 -1 21  0 1 1 1 0 20 0 12.11 
0.304 4 4.10 4.10 4.1 4.1 0.162 0.037 1.4342 1.4872 0.2530 0.0146 0.121783 -2.375820 0.0000 0 0.0000 0  23 11 -5 -9 8 19 15 2  0 1 1 1 0 20 0 12.13 
0.305 4 4.10 4.10 4.1 4.1 0.147 0.052 1.3848 1.6065 0.2542 0.0147 0.121783 -2.375805 0.0000 0 0.0000 0  54 19 4 18 31 32 12 4  0 1 1 1 0 20 0 12.12 
0.306 4 4.10 4.10 4.1 4.1 0.187 0.036 1.4342 1.6065 0.2558 0.0149 0.121783 -2.375805 0.0000 0 0.0000 0  28 -3 16 1 19 8 -12 13  0 1 1 1 0 20 0 12.11 
0.307 4 4.10 4.10 4.1 4.1 0.134 0.071 1.4872 1.6065 0.2572 0.0151 0.124374 -2.375791 0.0000 0 0.0000 0  35 33 -1 -1 18 39 -4 24  0 1 1 1 0 20 0 12.12 
0.308 4 4.10 4.10 4.1 4.1 0.177 0.067 1.4342 1.6065 0.2586 0.0153 0.126965 -2.375753 0.0000 0 0.0000 0  11 -26 6 -6 2 8 -7 28  0 1 1 1 0 20 0 12.11 
0.309 4 4.10 4.10 4.1 4.1 0.164 0.025 1.4872 1.5446 0.2600 0.0154 0.124374 -2.375717 0.0000 0 0.0000 0  15 32 31 35 18 20 0 -2  0 1 1 1 0 20 0 12.11 
0.310 4 4.10 4.10 4.1 4.1 0.186 0.071 1.4342 1.5446 0.2614 0.0156 0.126965 -2.375703 0.0000 0 0.0000 0  40 11 4 14 15 26 0 9  0 1 1 1 0 20 0 12.11 
0.311 4 4.10 4.10 4.1 4.1 0.169 0.037 1.4342 1.5446 0.2630 0.0158 0.126965 -2.375688 0.0000 0 0.0000 0  39 12 11 4 19 28 -10 -5  0 1 1 1 0 20 0 12.10 
0.312 4 4.10 4.10 4.1 4.1 0.146 0.093 1.4342 1.5446 0.2642 0.0160 0.126965 -2.375657 0.0000 0 0.0000 0  21 14 4 -3 2 -8 -3 5  0 1 1 1 0 20 0 12.11 
0.313 4 4.10 4.10 4.1 4.1 0.200 0.030 1.4342 1.6065 0.2658 0.0162 0.126965 -2.375628 0.0000 0 0.0000 0  30 52 14 28 26 42 1 14  0 1 1 1 0 20 0 12.12 
0.314 4 4.10 4.10 4.1 4.1 0.142 0.103 1.4342 1.6065 0.2672 0.0164 0.129556 -2.375626 0.0000 0 0.0000 0  32 19 16 1 11 -4 -8 5  0 1 1 1 0 20 0 12.12 
0.315 4 4.10 4.10 4.1 4.1 0.216 0.038 1.4342 1.6065 0.2688 0.0166 0.129556 -2.375633 0.0000 0 0.0000 0  30 29 -7 -1 11 17 -14 2  0 1 1 1 0 20 0 12.11 
0.316 4 4.10 4.10 4.1 4.1 0.167 0.101 1.4342 1.6065 0.2700 0.0167 0.129556 -2.375621 0.0000 0 0.0000 0  8 18 -6 -20 -4 0 -7 -11  0 1 1 1 0 20 0 12.12 
0.317 4 4.10 4.10 4.1 4.1 0.191 0.036 1.4342 1.4872 0.2716 0.0169 0.129556 -2.375597 0.0000 0 0.0000 0  22 20 16 -10 32 26 15 42  0 1 1 1 0 20 0 12.11 
0.318 4 4.10 4.10 4.1 4.1 0.212 0.077 1.4342 1.5446 0.2730 0.0171 0.132147 -2.375592 0.0000 0 0.0000 0  34 24 8 2 8 19 2 3  0 1 1 1 0 20 0 12.11 
0.319 4 4.10 4.10 4.1 4.1 0.151 0.058 1.3848 1.6065 0.2742 0.0173 0.132147 -2.375610 0.0000 0 0.0000 0  38 47 -9 23 12 26 -10 29  0 1 1 1 0 20 0 12.11 
0.320 4 4.10 4.10 4.1 4.1 0.219 0.138 1.4342 1.6065 0.2758 0.0175 0.132147 -2.375616 0.0000 0 0.0000 0  25 26 7 -7 1 -2 6 -13  0 1 1 1 0 20 0 12.11 
0.321 4 4.10 4.10 4.1 4.1 0.181 0.093 1.3848 1.6065 0.2771 0.0177 0.134738 -2.375598 0.0000 0 0.0000 0  12 38 11 1 15 23 5 -33  0 1 1 1 0 20 0 12.11 
0.322 4 4.10 4.10 4.1 4.1 0.173 0.108 1.4342 1.6065 0.2787 0.0179 0.134738 -2.375587 0.0000 0 0.0000 0  45 27 13 -3 25 26 25 10  0 1 1 1 0 20 0 12.12 
0.323 4 4.10 4.10 4.1 4.1 0.198 0.094 1.4342 1.5446 0.2801 0.0181 0.132147 -2.375598 0.0000 0 0.0000 0  24 22 11 -6 9 22 -4 4  0 1 1 1 0 20 0 12.11 
0.324 4 4.10 4.10 4.1 4.1 0.215 0.103 1.4342 1.5446 0.2815 0.0183 0.134738 -2.375599 0.0000 0 0.0000 0  40 -6 -6 4 20 16 5 22  0 1 1 1 0 20 0 12.11 
0.325 4 4.10 4.10 4.1 4.1 0.165 0.084 1.4342 1.5446 0.2829 0.0184 0.137329 -2.375577 0.0000 0 0.0000 0  39 28 10 -5 11 13 5 -3  0 1 1 1 0 20 0 12.13 
0.326 4 4.10 4.10 4.1 4.1 0.179 0.070 1.4342 1.2952 0.2843 0.0186 0.134738 -2.375563 0.0000 0 0.0000 0  11 25 10 12 16 16 -15 23  0 1 1 1 0 20 0 12.12 
0.327 4 4.10 4.10 4.1 4.1 0.119 0.057 1.4342 1.6065 0.2857 0.0188 0.137329 -2.375582 0.0000 0 0.0000 0  40 40 2 10 17 34 10 9  0 1 1 1 0 20 0 12.11 
0.328 4 4.10 4.10 4.1 4.1 0.169 0.085 1.4872 1.6065 0.2873 0.0190 0.137329 -2.375609 0.0000 0 0.0000 0  35 17 15 7 8 26 4 6  0 1 1 1 0 20 0 12.12 
0.329 4 4.10 4.10 4.1 4.1 0.187 0.067 1.4872 1.6732 0.2887 0.0192 0.139921 -2.375610 0.0000 0 0.0000 0  44 4 21 11 16 28 -3 -1  0 1 1 1 0 20 0 12.10 
0.330 4 4.10 4.10 4.1 4.1 0.149 0.075 1.4342 1.5446 0.2901 0.0194 0.137329 -2.375596 0.0000 0 0.0000 0  29 26 10 2 16 19 31 -13  0 1 1 1 0 20 0 12.12 
0.331 4 4.10 4.10 4.1 4.1 0.181 0.021 1.4342 1.5446 0.2915 0.0196 0.139921 -2.375599 0.0000 0 0.0000 0  44 31 0 4 20 31 0 12  0 1 1 1 0 20 0 12.11 
0.332 4 4.10 4.10 4.1 4.1 0.127 0.047 1.4342 1.6065 0.2931 0.0199 0.139921 -2.375618 0.0000 0 0.0000 0  28 9 -2 13 11 -9 -11 -7  0 1 1 1 0 20 0 12.12 
0.333 4 4.10 4.10 4.1 4.1 0.161 0.045 1.4342 1.6065 0.2945 0.0200 0.142512 -2.375617 0.0000 0 0.0000 0  42 16 10 -3 16 7 -5 1  0 1 1 1 0 20 0 12.12 
0.334 4 4.10 4.10 4.1 4.1 0.188 0.052 1.4342 1.6065 0.2958 0.0202 0.139921 -2.375602 0.0000 0 0.0000 0  10 29 13 15 14 22 -8 -13  0 1 1 1 0 20 0 12.11 
0.335 4 4.10 4.10 4.1 4.1 0.173 0.073 1.4342 1.6065 0.2972 0.0204 0.142512 -2.375609 0.0000 0 0.0000 0  33 13 21 -5 14 28 15 -1  0 1 1 1 0 20 0 12.11 
0.336 4 4.10 4.10 4.1 4.1 0.139 0.055 1.4872 1.6065 0.2988 0.0207 0.142512 -2.375640 0.0000 0 0.0000 0  13 34 4 2 4 13 2 4  0 1 1 1 0 20 0 12.11 
0.337 4 4.10 4.10 4.1 4.1 0.121 0.095 1.4872 1.6732 0.3002 0.0209 0.145103 -2.375654 0.0000 0 0.0000 0  1 38 10 18 7 -1 22 2  0 1 1 1 0 20 0 12.13 
0.338 4 4.10 4.10 4.1 4.1 0.209 0.078 1.4872 1.6065 0.3016 0.0211 0.142512 -2.375638 0.0000 0 0.0000 0  40 32 8 -6 25 21 15 6  0 1 1 1 0 20 0 12.12 
0.339 4 4.10 4.10 4.1 4.1 0.129 0.074 1.4872 1.5446 0.3030 0.0213 0.145103 -2.375640 0.0000 0 0.0000 0  25 -4 19 8 18 23 12 18  0 1 1 1 0 20 0 12.11 
0.340 4 4.10 4.10 4.1 4.1 0.196 0.108 1.4872 1.5446 0.3046 0.0215 0.145103 -2.375681 0.0000 0 0.0000 0  35 -6 13 10 6 38 1 16  0 1 1 1 0 20 0 12.11 
0.341 4 4.10 4.10 4.1 4.1 0.169 0.110 1.4342 1.4872 0.3060 0.0217 0.147694 -2.375725 0.0000 0 0.0000 0  18 35 25 0 22 25 4 2  0 1 1 1 0 20 0 12.13 
0.342 4 4.10 4.10 4.1 4.1 0.136 0.131 1.4872 1.6732 0.3074 0.0219 0.145103 -2.375742 0.0000 0 0.0000 0  45 26 18 0 17 14 -8 -15  0 1 1 1 0 20 0 12.12 
0.343 4 4.10 4.10 4.1 4.1 0.188 0.108 1.4872 1.6065 0.3088 0.0221 0.147694 -2.375754 0.0000 0 0.0000 0  17 29 5 4 12 14 -19 -14  0 1 1 1 0 20 0 12.13 
0.344 4 4.10 4.10 4.1 4.1 0.113 0.130 1.4342 1.6065 0.3103 0.0224 0.147694 -2.375782 0.0000 0 0.0000 0  47 39 -12 3 15 34 11 26  0 1 1 1 0 20 0 12.12 
0.345 4 4.10 4.10 4.1 4.1 0.186 0.092 1.4342 1.6732 0.3117 0.0226 0.150285 -2.375812 0.0000 0 0.0000 0  27 20 10 -7 24 14 10 7  0 1 1 1 0 20 0 12.12 
0.346 4 4.10 4.10 4.1 4.1 0.135 0.153 1.4342 1.6065 0.3131 0.0228 0.147694 -2.375817 0.0000 0 0.0000 0  35 32 20 9 38 38 2 29  0 1 1 1 0 20 0 12.12 
0.347 4 4.10 4.10 4.1 4.1 0.184 0.103 1.4872 1.6065 0.3145 0.0230 0.150285 -2.375807 0.0000 0 0.0000 0  40 -2 -11 6 15 40 19 7  0 1 1 1 0 20 0 12.11 
0.348 4 4.10 4.10 4.1 4.1 0.193 0.112 1.4872 1.6065 0.3161 0.0232 0.150285 -2.375819 0.0000 0 0.0000 0  35 21 26 4 19 23 8 43  0 1 1 1 0 20 0 12.12 
0.349 4 4.10 4.10 4.1 4.1 0.153 0.078 1.4342 1.6065 0.3173 0.0234 0.150285 -2.375852 0.0000 0 0.0000 0  -10 11 7 -6 -1 10 -13 14  0 1 1 1 0 20 0 12.12 
0.350 4 4.10 4.10 4.1 4.1 0.182 0.122 1.4872 1.6065 0.3189 0.0236 0.150285 -2.375863 0.0000 0 0.0000 0  49 42 33 30 38 43 16 16  0 1 1 1 0 20 0 12.11 
0.351 4 4.10 4.10 4.1 4.1 0.112 0.124 1.4342 1.6065 0.3203 0.0239 0.152876 -2.375853 0.0000 0 0.0000 0  38 6 7 -7 22 21 8 3  0 1 1 1 0 20 0 12.11 
0.352 4 4.10 4.10 4.1 4.1 0.181 0.135 1.4342 1.6065 0.3219 0.0241 0.152876 -2.375854 0.0000 0 0.0000 0  18 16 11 0 20 33 19 0  0 1 1 1 0 20 0 12.12 
0.353 4 4.10 4.10 4.1 4.1 0.165 0.127 1.4872 1.5446 0.3231 0.0243 0.152876 -2.375876 0.0000 0 0.0000 0  27 11 9 -7 9 -1 -17 -9  0 1 1 1 0 20 0 12.11 
0.354 4 4.10 4.10 4.1 4.1 0.170 0.122 1.4872 1.6065 0.3246 0.0245 0.152876 -2.375890 0.0000 0 0.0000 0  48 38 18 13 36 28 15 9  0 1 1 1 0 20 0 12.12 
0.355 4 4.10 4.10 4.1 4.1 0.158 0.139 1.4342 1.6065 0.3260 0.0247 0.155467 -2.375878 0.0000 0 0.0000 0  29 26 -4 1 8 2 -8 -15  0 1 1 1 0 20 0 12.11 
0.356 4 4.10 4.10 4.1 4.1 0.153 0.096 1.4342 1.6065 0.3276 0.0250 0.155467 -2.375863 0.0000 0 0.0000 0  14 33 14 -1 6 12 7 1  0 1 1 1 0 20 0 12.12 
0.357 4 4.10 4.10 4.1 4.1 0.212 0.099 1.4872 1.6065 0.3288 0.0252 0.155467 -2.375866 0.0000 0 0.0000 0  17 6 -15 -10 3 0 -13 -19  0 1 1 1 0 20 0 12.13 
0.358 4 4.10 4.10 4.1 4.1 0.177 0.100 1.4872 1.6065 0.3304 0.0254 0.155467 -2.375874 0.0000 0 0.0000 0  64 20 15 24 47 26 25 16  0 1 1 1 0 20 0 12.12 
0.359 4 4.10 4.10 4.1 4.1 0.191 0.131 1.4342 1.6065 0.3318 0.0257 0.158059 -2.375853 0.0000 0 0.0000 0  36 8 12 13 12 21 5 1  0 1 1 1 0 20 0 12.12 
0.360 4 4.10 4.10 4.1 4.1 0.157 0.107 1.2551 1.6065 0.3334 0.0259 0.158059 -2.375814 0.0000 0 0.0000 0  16 32 9 20 14 25 -28 24  0 1 1 1 0 20 0 12.12 
0.361 4 4.10 4.10 4.1 4.1 0.138 0.119 1.4872 1.6065 0.3346 0.0261 0.158059 -2.375798 0.0000 0 0.0000 0  29 23 -14 -8 -11 11 -24 9  0 1 1 1 0 20 0 12.12 
0.362 4 4.10 4.10 4.1 4.1 0.139 0.107 1.4872 1.6065 0.3361 0.0263 0.158059 -2.375795 0.0000 0 0.0000 0  42 24 23 13 14 20 35 53  0 1 1 1 0 20 0 12.12 
0.363 4 4.10 4.10 4.1 4.1 0.182 0.132 1.4342 1.6732 0.3375 0.0266 0.160650 -2.375769 0.0000 0 0.0000 0  15 5 12 9 -3 13 -11 8  0 1 1 1 0 20 0 12.12 
0.364 4 4.10 4.10 4.1 4.1 0.112 0.112 1.4872 1.6732 0.3391 0.0268 0.160650 -2.375726 0.0000 0 0.0000 0  19 20 9 -8 5 14 -19 20  0 1 1 1 0 20 0 12.12 
0.365 4 4.10 4.10 4.1 4.1 0.191 0.115 1.4872 1.6065 0.3403 0.0270 0.160650 -2.375698 0.0000 0 0.0000 0  22 24 14 13 18 3 -10 -5  0 1 1 1 0 20 0 12.12 
0.366 4 4.10 4.10 4.1 4.1 0.180 0.109 1.4872 1.6065 0.3419 0.0273 0.160650 -2.375694 0.0000 0 0.0000 0  47 5 26 1 17 32 -4 13  0 1 1 1 0 20 0 12.11 
0.367 4 4.10 4.10 4.1 4.1 0.146 0.139 1.4342 1.6732 0.3433 0.0275 0.163241 -2.375683 0.0000 0 0.0000 0  26 18 -7 20 5 0 -4 -2  0 1 1 1 0 20 0 12.12 
0.368 4 4.10 4.10 4.1 4.1 0.190 0.131 1.4342 1.6065 0.3449 0.0278 0.163241 -2.375648 0.0000 0 0.0000 0  8 36 9 14 16 15 4 -3  0 1 1 1 0 20 0 12.11 
0.369 4 4.10 4.10 4.1 4.1 0.144 0.102 1.4342 1.5446 0.3461 0.0280 0.163241 -2.375621 0.0000 0 0.0000 0  4 42 13 5 12 19 -4 -2  0 1 1 1 0 20 0 12.12 
0.370 4 4.10 4.10 4.1 4.1 0.208 0.084 1.4872 1.5446 0.3476 0.0282 0.163241 -2.375623 0.0000 0 0.0000 0  26 -8 33 -14 24 16 4 13  0 1 1 1 0 20 0 12.11 
0.371 4 4.10 4.10 4.1 4.1 0.157 0.107 1.4872 1.5446 0.3490 0.0285 0.165832 -2.375619 0.0000 0 0.0000 0  17 11 12 12 11 26 13 20  0 1 1 1 0 20 0 12.12 
0.372 4 4.10 4.10 4.1 4.1 0.177 0.115 1.4872 1.3848 0.3506 0.0287 0.165832 -2.375590 0.0000 0 0.0000 0  22 -2 13 5 17 27 -25 -6  0 1 1 1 0 20 0 12.11 
0.373 4 4.10 4.10 4.1 4.1 0.193 0.107 1.4872 1.6065 0.3518 0.0289 0.165832 -2.375561 0.0000 0 0.0000 0  13 1 -1 7 26 6 9 -8  0 1 1 1 0 20 0 12.12 
0.374 4 4.10 4.10 4.1 4.1 0.142 0.109 1.4342 1.6732 0.3534 0.0292 0.165832 -2.375554 0.0000 0 0.0000 0  45 13 7 -2 24 13 28 10  0 1 1 1 0 20 0 12.12 
0.375 4 4.10 4.10 4.1 4.1 0.176 0.112 1.4342 1.6732 0.3548 0.0294 0.168423 -2.375557 0.0000 0 0.0000 0  28 26 17 18 -2 18 34 30  0 1 1 1 0 20 0 12.12 
0.376 4 4.10 4.10 4.1 4.1 0.144 0.115 1.2169 1.6732 0.3564 0.0297 0.168423 -2.375542 0.0000 0 0.0000 0  37 21 -6 -1 14 58 2 25  0 1 1 1 0 20 0 12.12 
0.377 4 4.10 4.10 4.1 4.1 0.159 0.111 1.4342 1.6732 0.3575 0.0299 0.168423 -2.375522 0.0000 0 0.0000 0  38 14 7 19 8 -7 22 -10  0 1 1 1 0 20 0 12.12 
0.378 4 4.10 4.10 4.1 4.1 0.200 0.098 1.4872 1.6065 0.3591 0.0302 0.168423 -2.375526 0.0000 0 0.0000 0  19 9 10 0 11 37 -7 32  0 1 1 1 0 20 0 12.12 
0.379 4 4.10 4.10 4.1 4.1 0.188 0.139 1.4872 1.5446 0.3605 0.0304 0.171014 -2.375551 0.0000 0 0.0000 0  12 21 4 -4 17 0 -2 -2  0 1 1 1 0 20 0 12.12 
0.380 4 4.10 4.10 4.1 4.1 0.184 0.127 1.4872 1.6732 0.3621 0.0307 0.171014 -2.375559 0.0000 0 0.0000 0  39 40 -2 3 20 24 -6 10  0 1 1 1 0 20 0 12.12 
0.381 4 4.10 4.10 4.1 4.1 0.184 0.155 1.4872 1.6065 0.3633 0.0309 0.171014 -2.375549 0.0000 0 0.0000 0  32 6 11 7 10 9 -8 18  0 1 1 1 0 20 0 12.12 
0.382 4 4.10 4.10 4.1 4.1 0.153 0.127 1.4342 1.6065 0.3649 0.0311 0.171014 -2.375555 0.0000 0 0.0000 0  36 12 1 12 23 14 -4 -10  0 1 1 1 0 20 0 12.13 
0.383 4 4.10 4.10 4.1 4.1 0.189 0.151 1.4872 1.6065 0.3663 0.0314 0.173605 -2.375586 0.0000 0 0.0000 0  13 26 16 0 17 5 -6 23  0 1 1 1 0 20 0 12.13 
0.384 4 4.10 4.10 4.1 4.1 0.147 0.141 1.4872 1.5446 0.3676 0.0316 0.171014 -2.375612 0.0000 0 0.0000 0  19 20 28 11 13 11 -3 -3  0 1 1 1 0 20 0 12.12 
0.385 4 4.10 4.10 4.1 4.1 0.162 0.193 1.4342 1.5446 0.3690 0.0319 0.173605 -2.375616 0.0000 0 0.0000 0  41 14 5 -11 23 19 3 0  0 1 1 1 0 20 0 12.12 
0.386 4 4.10 4.10 4.1 4.1 0.160 0.145 1.4342 1.5446 0.3706 0.0321 0.173605 -2.375622 0.0000 0 0.0000 0  35 18 12 0 16 8 6 -13  0 1 1 1 0 20 0 12.12 
0.387 4 4.10 4.10 4.1 4.1 0.163 0.162 1.4342 1.5446 0.3720 0.0324 0.176196 -2.375657 0.0000 0 0.0000 0  37 14 32 13 29 22 18 32  0 1 1 1 0 20 0 12.12 
0.388 4 4.10 4.10 4.1 4.1 0.188 0.149 1.4872 1.4342 0.3734 0.0326 0.173605 -2.375694 0.0000 0 0.0000 0  8 28 8 9 13 27 -13 15  0 1 1 1 0 20 0 12.11 
