%% logfile from robot 30
%  1    time 0.000 sec
%  2    mission (0) state 2
%  3  4 Motor velocity ref left, right: 2.10 2.10
%  5  6 Motor voltage [V] left, right: 2.1 2.1
%  7  8 Motor current left, right [A]: 0.002 0.010
%  9 10 Wheel velocity [m/s] left, right: 0.0000 0.0000
% 11 12 13 14 Pose x,y,h,tilt [m,m,rad,rad]: 0.0000 0.0000 0.000000 -2.441820
% 15 .. 34 Line sensor: left 1.728285 0, right 4.180000 0, values -6 18 18 3 30 5 12 9, white 0, used 1, LEDhigh=1, xb=1 xw=0 xbc=20 xwc=0
% 34    Battery voltage [V]: 12.18
0.001 2 2.10 2.10 2.1 2.1 0.055 0.151 0.0000 0.0000 0.0000 0.0000 0.000000 -2.441817 1.7283 0 4.1800 0  2 36 13 -1 22 21 26 15  0 1 1 1 0 20 0 12.13 
0.002 2 2.10 2.10 2.1 2.1 0.299 0.336 0.0000 0.0000 0.0000 0.0000 0.000000 -2.441817 1.7283 0 4.1800 0  -16 36 13 -1 8 19 21 11  0 1 1 1 0 20 0 12.10 
0.003 2 2.10 2.10 2.1 2.1 0.421 0.493 0.0000 0.0000 0.0000 0.0000 0.000000 -2.441821 1.7283 0 4.1800 0  19 29 17 19 17 16 17 12  0 1 1 1 0 20 0 12.08 
0.004 2 2.10 2.10 2.1 2.1 0.477 0.504 0.0000 0.0000 0.0002 0.0000 0.002591 -2.441827 1.7283 0 4.1800 0  16 4 13 15 8 16 8 28  0 1 1 1 0 20 0 12.08 
0.005 2 2.10 2.10 2.1 2.1 0.518 0.490 0.0000 0.0000 0.0002 0.0000 0.002591 -2.441828 1.7283 0 4.1800 0  4 16 2 -3 14 0 29 4  0 1 1 1 0 20 0 12.08 
0.006 2 2.10 2.10 2.1 2.1 0.462 0.570 0.0000 0.0000 0.0002 0.0000 0.002591 -2.441825 1.7283 0 4.1800 0  20 34 26 12 9 8 1 -11  0 1 1 1 0 20 0 12.09 
0.007 2 2.10 2.10 2.1 2.1 0.452 0.489 0.0000 0.0000 0.0004 0.0000 0.000000 -2.441822 1.7283 0 4.1800 0  30 25 22 33 6 32 7 15  0 1 1 1 0 20 0 12.09 
0.008 2 2.10 2.10 2.1 2.1 0.462 0.520 0.0000 0.1301 0.0006 0.0000 0.002591 -2.441813 1.7283 0 4.1800 0  2 4 -1 -6 11 28 24 13  0 1 1 1 0 20 0 12.09 
0.009 2 2.10 2.10 2.1 2.1 0.450 0.483 0.1743 0.1301 0.0008 0.0000 0.000000 -2.441800 1.7283 0 4.1800 0  16 5 18 11 -4 23 18 27  0 1 1 1 0 20 0 12.10 
0.010 2 2.10 2.10 2.1 2.1 0.431 0.456 0.1743 0.1590 0.0010 0.0000 0.002591 -2.441792 1.7283 0 4.1800 0  4 5 1 18 2 21 20 13  0 1 1 1 0 20 0 12.09 
0.011 2 2.10 2.10 2.1 2.1 0.418 0.427 0.2181 0.1590 0.0012 0.0000 0.000000 -2.441789 1.7283 0 4.1800 0  15 25 14 42 18 32 27 30  0 1 1 1 0 20 0 12.09 
0.012 2 2.10 2.10 2.1 2.1 0.394 0.420 0.2181 0.2590 0.0014 0.0000 0.002591 -2.441785 1.7283 0 4.1800 0  -2 6 7 20 2 19 8 14  0 1 1 1 0 20 0 12.10 
0.013 2 2.10 2.10 2.1 2.1 0.371 0.428 0.2157 0.2494 0.0018 0.0000 0.002591 -2.441773 1.7283 0 4.1800 0  25 18 22 28 2 21 10 20  0 1 1 1 0 20 0 12.10 
0.014 2 2.10 2.10 2.1 2.1 0.378 0.392 0.2807 0.3317 0.0022 0.0000 0.002591 -2.441761 1.7283 0 4.1800 0  8 2 2 8 9 -1 -10 13  0 1 1 1 0 20 0 12.10 
0.015 2 2.10 2.10 2.1 2.1 0.332 0.429 0.2731 0.3317 0.0024 0.0000 0.000000 -2.441761 1.7283 0 4.1800 0  27 16 33 28 32 24 14 22  0 1 1 1 0 20 0 12.11 
0.016 2 2.10 2.10 2.1 2.1 0.329 0.349 0.2731 0.3113 0.0026 0.0000 0.002591 -2.441765 1.7283 0 4.1800 0  15 3 9 37 9 3 17 23  0 1 1 1 0 20 0 12.11 
0.017 2 2.10 2.10 2.1 2.1 0.361 0.363 0.3185 0.3715 0.0030 0.0000 0.002591 -2.441767 1.7283 0 4.1800 0  17 31 10 35 11 29 -5 23  0 1 1 1 0 20 0 12.11 
0.018 2 2.10 2.10 2.1 2.1 0.330 0.326 0.3651 0.3582 0.0034 0.0000 0.002591 -2.441769 1.7283 0 4.1800 0  7 -9 7 5 -7 -12 -11 7  0 1 1 1 0 20 0 12.10 
0.019 2 2.10 2.10 2.1 2.1 0.287 0.299 0.3550 0.3823 0.0038 0.0000 0.002591 -2.441769 1.7283 0 4.1800 0  23 -4 30 27 37 12 12 28  0 1 1 1 0 20 0 12.12 
0.020 2 2.10 2.10 2.1 2.1 0.292 0.356 0.3651 0.3462 0.0042 0.0000 0.002591 -2.441767 1.7283 0 4.1800 0  6 21 18 27 16 15 -7 8  0 1 1 1 0 20 0 12.10 
0.021 2 2.10 2.10 2.1 2.1 0.295 0.280 0.3860 0.3860 0.0046 0.0000 0.002591 -2.441760 1.7283 0 4.1800 0  15 15 17 8 24 9 -8 9  0 1 1 1 0 20 0 12.10 
0.022 2 2.10 2.10 2.1 2.1 0.302 0.303 0.3651 0.3402 0.0050 0.0000 0.002591 -2.441746 1.7283 0 4.1800 0  5 -5 9 6 9 3 -39 -1  0 1 1 1 0 20 0 12.11 
0.023 2 2.10 2.10 2.1 2.1 0.348 0.266 0.3896 0.3936 0.0054 0.0000 0.002591 -2.441736 1.7283 0 4.1800 0  25 22 18 21 36 38 13 24  0 1 1 1 0 20 0 12.11 
0.024 2 2.10 2.10 2.1 2.1 0.318 0.280 0.4016 0.4137 0.0058 0.0000 0.002591 -2.441733 1.7283 0 4.1800 0  15 11 8 9 26 2 -15 17  0 1 1 1 0 20 0 12.11 
0.025 2 2.10 2.10 2.1 2.1 0.284 0.332 0.4181 0.4510 0.0062 0.0000 0.002591 -2.441730 1.7283 0 4.1800 0  8 -23 25 10 30 8 -7 14  0 1 1 1 0 20 0 12.11 
0.026 2 2.10 2.10 2.1 2.1 0.259 0.294 0.4137 0.4317 0.0066 0.0000 0.002591 -2.441722 1.7283 0 4.1800 0  17 28 3 7 8 7 -9 -4  0 1 1 1 0 20 0 12.12 
0.027 2 2.10 2.10 2.1 2.1 0.250 0.269 0.4317 0.4510 0.0072 0.0000 0.005182 -2.441709 1.7283 0 4.1800 0  10 25 16 11 23 23 -10 30  0 1 1 1 0 20 0 12.11 
0.028 2 2.10 2.10 2.1 2.1 0.260 0.242 0.4362 0.4896 0.0076 0.0000 0.005182 -2.441692 1.7283 0 4.1800 0  9 21 15 13 31 14 -12 12  0 1 1 1 0 20 0 12.11 
0.029 2 2.10 2.10 2.1 2.1 0.269 0.230 0.4562 0.4896 0.0080 0.0000 0.005182 -2.441679 1.7283 0 4.1800 0  12 12 19 23 25 21 29 9  0 1 1 1 0 20 0 12.12 
0.030 2 2.10 2.10 2.1 2.1 0.267 0.291 0.4667 0.5149 0.0086 0.0000 0.002591 -2.441677 1.7283 0 4.1800 0  13 27 8 13 10 14 -31 -2  0 1 1 1 0 20 0 12.13 
0.031 2 2.10 2.10 2.1 2.1 0.229 0.211 0.4779 0.5149 0.0092 0.0000 0.005182 -2.441682 1.7283 0 4.1800 0  21 33 20 26 9 11 -9 18  0 1 1 1 0 20 0 12.14 
0.032 2 2.10 2.10 2.1 2.1 0.261 0.231 0.4896 0.5281 0.0096 0.0000 0.005182 -2.441679 1.7283 0 4.1800 0  28 13 16 9 38 25 2 20  0 1 1 1 0 20 0 12.14 
0.033 2 2.10 2.10 2.1 2.1 0.251 0.185 0.4667 0.5498 0.0100 0.0000 0.005182 -2.441677 1.7283 0 4.1800 0  7 18 23 21 18 11 -19 13  0 1 1 1 0 20 0 12.12 
0.034 2 2.10 2.10 2.1 2.1 0.234 0.178 0.4896 0.5498 0.0106 0.0000 0.007773 -2.441681 1.7283 0 4.1800 0  0 52 11 9 14 16 32 9  0 1 1 1 0 20 0 12.12 
0.035 2 2.10 2.10 2.1 2.1 0.196 0.192 0.5081 0.5281 0.0112 0.0000 0.005182 -2.441682 1.7283 0 4.1800 0  12 31 10 22 27 16 -8 7  0 1 1 1 0 20 0 12.13 
0.036 2 2.10 2.10 2.1 2.1 0.225 0.215 0.5213 0.5575 0.0116 0.0000 0.005182 -2.441674 1.7283 0 4.1800 0  20 -14 13 18 35 18 -4 12  0 1 1 1 0 20 0 12.12 
0.037 2 2.10 2.10 2.1 2.1 0.241 0.212 0.5281 0.5655 0.0122 0.0000 0.007773 -2.441655 1.7283 0 4.1800 0  7 13 8 14 30 23 -20 15  0 1 1 1 0 20 0 12.13 
0.038 2 2.10 2.10 2.1 2.1 0.236 0.222 0.5281 0.5498 0.0129 0.0000 0.005182 -2.441643 1.7283 0 4.1800 0  14 28 15 23 23 15 21 15  0 1 1 1 0 20 0 12.12 
0.039 2 2.10 2.10 2.1 2.1 0.230 0.185 0.5213 0.5575 0.0133 0.0000 0.005182 -2.441642 1.7283 0 4.1800 0  17 21 15 20 30 27 -3 24  0 1 1 1 0 20 0 12.13 
0.040 2 2.10 2.10 2.1 2.1 0.197 0.173 0.5354 0.5820 0.0139 0.0001 0.007773 -2.441651 1.7283 0 4.1800 0  -3 -26 23 27 35 16 7 2  0 1 1 1 0 20 0 12.13 
0.041 2 2.10 2.10 2.1 2.1 0.190 0.228 0.5426 0.5820 0.0145 0.0001 0.005182 -2.441663 1.7283 0 4.1800 0  15 8 18 9 21 20 4 13  0 1 1 1 0 20 0 12.11 
0.042 2 2.10 2.10 2.1 2.1 0.214 0.197 0.5426 0.5655 0.0151 0.0001 0.007773 -2.441665 1.7283 0 4.1800 0  1 18 10 9 35 16 -3 1  0 1 1 1 0 20 0 12.13 
0.043 2 2.10 2.10 2.1 2.1 0.177 0.181 0.5575 0.6085 0.0155 0.0001 0.007773 -2.441659 1.7283 0 4.1800 0  9 50 7 33 14 25 -25 5  0 1 1 1 0 20 0 12.12 
0.044 2 2.10 2.10 2.1 2.1 0.163 0.195 0.5655 0.6273 0.0163 0.0001 0.007773 -2.441643 1.7283 0 4.1800 0  8 2 20 54 39 -6 -3 11  0 1 1 1 0 20 0 12.12 
0.045 2 2.10 2.10 2.1 2.1 0.212 0.149 0.5498 0.5735 0.0167 0.0001 0.007773 -2.441619 1.7283 0 4.1800 0  16 -20 10 21 25 15 -5 10  0 1 1 1 0 20 0 12.13 
0.046 2 2.10 2.10 2.1 2.1 0.172 0.168 0.5735 0.6085 0.0175 0.0001 0.007773 -2.441606 1.7283 0 4.1800 0  4 5 7 13 23 10 -4 40  0 1 1 1 0 20 0 12.12 
0.047 2 2.10 2.10 2.1 2.1 0.172 0.216 0.5820 0.6374 0.0179 0.0001 0.007773 -2.441618 1.7283 0 4.1800 0  13 33 31 18 20 22 3 12  0 1 1 1 0 20 0 12.13 
0.048 2 2.10 2.10 2.1 2.1 0.186 0.150 0.5498 0.6177 0.0185 0.0001 0.010364 -2.441654 1.7283 0 4.1800 0  15 -13 29 16 28 33 -20 13  0 1 1 1 0 20 0 12.12 
0.049 2 2.10 2.10 2.1 2.1 0.232 0.178 0.5992 0.6374 0.0191 0.0001 0.007773 -2.441704 1.7283 0 4.1800 0  14 26 18 16 22 4 0 14  0 1 1 1 0 20 0 12.13 
0.050 2 2.10 2.10 2.1 2.1 0.211 0.154 0.6085 0.5820 0.0197 0.0001 0.010364 -2.441748 1.7283 0 4.1800 0  -7 24 21 10 46 22 7 14  0 1 1 1 0 20 0 12.14 
0.051 2 2.10 2.10 2.1 2.1 0.185 0.094 0.5904 0.6273 0.0203 0.0001 0.007773 -2.441770 1.7283 0 4.1800 0  3 45 7 20 19 36 -14 4  0 1 1 1 0 20 0 12.13 
0.052 2 2.10 2.10 2.1 2.1 0.181 0.158 0.6177 0.6474 0.0209 0.0001 0.010364 -2.441771 1.7283 0 4.1800 0  17 -24 16 41 36 12 -24 40  0 1 1 1 0 20 0 12.14 
0.053 2 2.10 2.10 2.1 2.1 0.160 0.149 0.5655 0.6583 0.0217 0.0001 0.010364 -2.441759 1.7283 0 4.1800 0  12 29 8 33 15 28 -19 17  0 1 1 1 0 20 0 12.12 
0.054 2 2.10 2.10 2.1 2.1 0.178 0.189 0.5904 0.6583 0.0221 0.0001 0.010364 -2.441739 1.7283 0 4.1800 0  -1 -22 17 22 26 10 -4 8  0 1 1 1 0 20 0 12.12 
0.055 2 2.10 2.10 2.1 2.1 0.143 0.180 0.6085 0.6273 0.0229 0.0001 0.010364 -2.441726 1.7283 0 4.1800 0  6 22 9 22 9 13 -21 13  0 1 1 1 0 20 0 12.13 
0.056 2 2.10 2.10 2.1 2.1 0.187 0.130 0.6474 0.6374 0.0233 0.0001 0.010364 -2.441730 1.7283 0 4.1800 0  23 -2 33 28 30 43 -2 22  0 1 1 1 0 20 0 12.14 
0.057 2 2.10 2.10 2.1 2.1 0.187 0.116 0.6273 0.6474 0.0241 0.0001 0.010364 -2.441742 1.7283 0 4.1800 0  10 28 16 27 26 15 -24 3  0 1 1 1 0 20 0 12.13 
0.058 2 2.10 2.10 2.1 2.1 0.130 0.188 0.6273 0.6804 0.0247 0.0002 0.012956 -2.441744 1.7283 0 4.1800 0  16 -3 15 13 19 14 -17 19  0 1 1 1 0 20 0 12.14 
0.059 2 2.10 2.10 2.1 2.1 0.165 0.136 0.6273 0.6374 0.0253 0.0002 0.010364 -2.441726 1.7283 0 4.1800 0  16 3 16 11 23 -4 -3 17  0 1 1 1 0 20 0 12.13 
0.060 2 2.10 2.10 2.1 2.1 0.188 0.148 0.6374 0.6474 0.0261 0.0002 0.010364 -2.441700 1.7283 0 4.1800 0  17 -2 22 28 40 36 8 16  0 1 1 1 0 20 0 12.13 
0.061 2 2.10 2.10 2.1 2.1 0.187 0.143 0.6177 0.6691 0.0267 0.0002 0.012956 -2.441669 1.7283 0 4.1800 0  -2 31 4 25 24 25 -4 6  0 1 1 1 0 20 0 12.14 
0.062 2 2.10 2.10 2.1 2.1 0.165 0.108 0.6374 0.6924 0.0273 0.0002 0.010364 -2.441635 1.7283 0 4.1800 0  17 22 14 19 19 23 -24 20  0 1 1 1 0 20 0 12.14 
0.063 2 2.10 2.10 2.1 2.1 0.159 0.150 0.6474 0.6804 0.0279 0.0002 0.012956 -2.441609 1.7283 0 4.1800 0  10 4 4 6 15 16 1 -10  0 1 1 1 0 20 0 12.12 
0.064 2 2.10 2.10 2.1 2.1 0.177 0.156 0.6374 0.7044 0.0287 0.0002 0.012956 -2.441593 1.7283 0 4.1800 0  22 9 30 63 43 16 5 50  0 1 1 1 0 20 0 12.12 
0.065 2 2.10 2.10 2.1 2.1 0.146 0.147 0.6474 0.6583 0.0291 0.0002 0.012956 -2.441578 1.7283 0 4.1800 0  4 11 9 23 27 18 -7 4  0 1 1 1 0 20 0 12.13 
0.066 2 2.10 2.10 2.1 2.1 0.171 0.147 0.6177 0.6583 0.0299 0.0002 0.012956 -2.441564 1.7283 0 4.1800 0  4 9 15 6 21 31 8 13  0 1 1 1 0 20 0 12.14 
0.067 2 2.10 2.10 2.1 2.1 0.141 0.122 0.6177 0.6583 0.0307 0.0002 0.012956 -2.441555 1.7283 0 4.1800 0  0 22 13 9 16 -1 -19 6  0 1 1 1 0 20 0 12.13 
0.068 2 2.10 2.10 2.1 2.1 0.154 0.149 0.6474 0.7044 0.0311 0.0002 0.012956 -2.441541 1.7283 0 4.1800 0  23 -3 14 27 30 39 18 16  0 1 1 1 0 20 0 12.14 
0.069 2 2.10 2.10 2.1 2.1 0.196 0.177 0.6691 0.7169 0.0319 0.0002 0.012956 -2.441529 1.7283 0 4.1800 0  10 31 11 18 38 12 2 14  0 1 1 1 0 20 0 12.13 
0.070 2 2.10 2.10 2.1 2.1 0.155 0.124 0.6374 0.7044 0.0325 0.0002 0.015547 -2.441528 1.7283 0 4.1800 0  8 37 8 26 27 32 -22 22  0 1 1 1 0 20 0 12.13 
0.071 2 2.10 2.10 2.1 2.1 0.128 0.132 0.6474 0.6924 0.0333 0.0003 0.015547 -2.441537 1.7283 0 4.1800 0  3 33 10 28 21 7 -15 -1  0 1 1 1 0 20 0 12.14 
0.072 2 2.10 2.10 2.1 2.1 0.131 0.131 0.6374 0.6691 0.0339 0.0003 0.012956 -2.441554 1.7283 0 4.1800 0  11 -5 11 -7 27 -5 16 3  0 1 1 1 0 20 0 12.13 
0.073 2 2.10 2.10 2.1 2.1 0.149 0.100 0.6583 0.7044 0.0345 0.0003 0.015547 -2.441578 1.7283 0 4.1800 0  20 12 24 6 33 18 7 19  0 1 1 1 0 20 0 12.13 
0.074 2 2.10 2.10 2.1 2.1 0.179 0.177 0.6691 0.6691 0.0353 0.0003 0.015547 -2.441607 1.7283 0 4.1800 0  -1 34 7 23 28 19 7 12  0 1 1 1 0 20 0 12.14 
0.075 2 2.10 2.10 2.1 2.1 0.120 0.104 0.6691 0.7044 0.0359 0.0003 0.012956 -2.441631 1.7283 0 4.1800 0  12 35 15 27 23 10 4 12  0 1 1 1 0 20 0 12.14 
0.076 2 2.10 2.10 2.1 2.1 0.116 0.116 0.6474 0.7302 0.0365 0.0003 0.015547 -2.441647 1.7283 0 4.1800 0  -4 0 7 12 32 12 3 18  0 1 1 1 0 20 0 12.13 
0.077 2 2.10 2.10 2.1 2.1 0.105 0.111 0.6804 0.7044 0.0373 0.0003 0.015547 -2.441658 1.7283 0 4.1800 0  -4 15 16 17 28 24 18 16  0 1 1 1 0 20 0 12.13 
0.078 2 2.10 2.10 2.1 2.1 0.130 0.083 0.6583 0.7434 0.0380 0.0003 0.018138 -2.441677 1.7283 0 4.1800 0  2 35 0 53 29 38 -4 24  0 1 1 1 0 20 0 12.14 
0.079 2 2.10 2.10 2.1 2.1 0.154 0.156 0.6691 0.6583 0.0386 0.0003 0.015547 -2.441707 1.7283 0 4.1800 0  11 -36 9 23 43 4 -2 7  0 1 1 1 0 20 0 12.14 
0.080 2 2.10 2.10 2.1 2.1 0.146 0.097 0.6924 0.6691 0.0394 0.0004 0.015547 -2.441739 1.7283 0 4.1800 0  30 -22 19 64 21 8 5 29  0 1 1 1 0 20 0 12.13 
0.081 2 2.10 2.10 2.1 2.1 0.154 0.120 0.6474 0.7044 0.0400 0.0004 0.018138 -2.441765 1.7283 0 4.1800 0  12 31 19 22 15 17 5 12  0 1 1 1 0 20 0 12.14 
0.082 2 2.10 2.10 2.1 2.1 0.158 0.105 0.6924 0.7302 0.0408 0.0004 0.018138 -2.441790 1.7283 0 4.1800 0  11 26 12 8 26 24 13 18  0 1 1 1 0 20 0 12.14 
0.083 2 2.10 2.10 2.1 2.1 0.142 0.078 0.6374 0.7169 0.0414 0.0004 0.015547 -2.441812 1.7283 0 4.1800 0  18 27 13 19 30 20 -5 18  0 1 1 1 0 20 0 12.14 
0.084 2 2.10 2.10 2.1 2.1 0.127 0.135 0.6691 0.7434 0.0420 0.0004 0.018138 -2.441834 1.7283 0 4.1800 0  10 15 20 53 27 5 -23 31  0 1 1 1 0 20 0 12.13 
0.085 2 2.10 2.10 2.1 2.1 0.124 0.081 0.6804 0.7169 0.0428 0.0004 0.018138 -2.441854 1.7283 0 4.1800 0  19 -4 6 24 20 4 -25 11  0 1 1 1 0 20 0 12.13 
0.086 2 2.10 2.10 2.1 2.1 0.127 0.108 0.7044 0.7434 0.0436 0.0004 0.018138 -2.441866 1.7283 0 4.1800 0  11 8 8 11 27 26 22 3  0 1 1 1 0 20 0 12.14 
0.087 2 2.10 2.10 2.1 2.1 0.145 0.150 0.7044 0.6924 0.0442 0.0004 0.015547 -2.441880 1.7283 0 4.1800 0  14 13 15 10 37 2 -15 17  0 1 1 1 0 20 0 12.14 
0.088 2 2.10 2.10 2.1 2.1 0.156 0.116 0.6691 0.7044 0.0448 0.0004 0.018138 -2.441898 1.7283 0 4.1800 0  3 -7 5 15 37 -9 5 40  0 1 1 1 0 20 0 12.15 
0.089 2 2.10 2.10 2.1 2.1 0.151 0.092 0.6804 0.7302 0.0456 0.0005 0.018138 -2.441908 1.7283 0 4.1800 0  5 27 14 21 30 29 3 3  0 1 1 1 0 20 0 12.14 
0.090 2 2.10 2.10 2.1 2.1 0.125 0.163 0.6691 0.6804 0.0464 0.0005 0.018138 -2.441910 1.7283 0 4.1800 0  1 39 10 4 12 22 8 11  0 1 1 1 0 20 0 12.13 
0.091 2 2.10 2.10 2.1 2.1 0.128 0.111 0.6924 0.7434 0.0470 0.0005 0.020729 -2.441909 1.7283 0 4.1800 0  7 -35 12 20 30 -2 -9 3  0 1 1 1 0 20 0 12.13 
0.092 2 2.10 2.10 2.1 2.1 0.136 0.127 0.7044 0.7169 0.0476 0.0005 0.018138 -2.441910 1.7283 0 4.1800 0  16 -29 15 37 11 13 -10 35  0 1 1 1 0 20 0 12.13 
0.093 2 2.10 2.10 2.1 2.1 0.139 0.079 0.6924 0.7434 0.0484 0.0005 0.018138 -2.441908 1.7283 0 4.1800 0  11 47 24 30 33 17 5 23  0 1 1 1 0 20 0 12.14 
0.094 2 2.10 2.10 2.1 2.1 0.162 0.047 0.7044 0.7434 0.0492 0.0005 0.018138 -2.441901 1.7283 0 4.1800 0  4 33 18 24 31 27 3 12  0 1 1 1 0 20 0 12.14 
0.095 2 2.10 2.10 2.1 2.1 0.125 0.112 0.6691 0.7434 0.0498 0.0005 0.020729 -2.441885 1.7283 0 4.1800 0  14 11 17 29 35 16 4 12  0 1 1 1 0 20 0 12.14 
0.096 2 2.10 2.10 2.1 2.1 0.096 0.069 0.6804 0.7575 0.0506 0.0006 0.020729 -2.441868 1.7283 0 4.1800 0  1 -26 3 40 25 4 -8 39  0 1 1 1 0 20 0 12.13 
0.097 2 2.10 2.10 2.1 2.1 0.108 0.080 0.7169 0.6924 0.0512 0.0006 0.018138 -2.441862 1.7283 0 4.1800 0  12 44 22 36 46 35 -4 19  0 1 1 1 0 20 0 12.15 
0.098 2 2.10 2.10 2.1 2.1 0.161 0.084 0.7044 0.7302 0.0518 0.0006 0.020729 -2.441865 1.7283 0 4.1800 0  7 15 14 26 32 9 -10 17  0 1 1 1 0 20 0 12.13 
0.099 2 2.10 2.10 2.1 2.1 0.129 0.089 0.6924 0.7044 0.0526 0.0006 0.020729 -2.441863 1.7283 0 4.1800 0  15 20 14 24 27 23 -8 23  0 1 1 1 0 20 0 12.14 
0.100 2 2.10 2.10 2.1 2.1 0.111 0.105 0.7044 0.7434 0.0534 0.0006 0.020729 -2.441852 1.7283 0 4.1800 0  5 -6 -1 34 10 -12 -15 33  0 1 1 1 0 20 0 12.14 
0.101 2 2.10 2.10 2.1 2.1 0.102 0.085 0.7044 0.7044 0.0542 0.0006 0.020729 -2.441840 1.7283 0 4.1800 0  14 44 20 13 32 31 11 25  0 1 1 1 0 20 0 12.14 
0.102 2 2.10 2.10 2.1 2.1 0.130 0.067 0.6924 0.7434 0.0548 0.0006 0.023320 -2.441830 1.7283 0 4.1800 0  11 7 19 37 34 12 -6 -8  0 1 1 1 0 20 0 12.14 
0.103 2 2.10 2.10 2.1 2.1 0.100 0.108 0.6924 0.7302 0.0554 0.0007 0.020729 -2.441818 1.7283 0 4.1800 0  7 24 14 10 22 14 42 28  0 1 1 1 0 20 0 12.15 
0.104 2 2.10 2.10 2.1 2.1 0.131 0.116 0.6804 0.7434 0.0562 0.0007 0.020729 -2.441799 1.7283 0 4.1800 0  9 8 6 39 28 -17 8 12  0 1 1 1 0 20 0 12.13 
0.105 2 2.10 2.10 2.1 2.1 0.132 0.084 0.7044 0.7723 0.0568 0.0007 0.023320 -2.441778 1.7283 0 4.1800 0  13 33 21 30 37 25 18 29  0 1 1 1 0 20 0 12.14 
0.106 2 2.10 2.10 2.1 2.1 0.120 0.127 0.7169 0.7434 0.0576 0.0007 0.023320 -2.441756 1.7283 0 4.1800 0  13 10 21 27 34 13 2 4  0 1 1 1 0 20 0 12.12 
0.107 2 2.10 2.10 2.1 2.1 0.120 0.075 0.6924 0.7302 0.0584 0.0007 0.023320 -2.441737 1.7283 0 4.1800 0  17 28 22 20 27 17 -20 20  0 1 1 1 0 20 0 12.14 
0.108 2 2.10 2.10 2.1 2.1 0.146 0.116 0.7169 0.7575 0.0592 0.0007 0.023320 -2.441720 1.7283 0 4.1800 0  -12 -12 4 6 18 13 -13 -5  0 1 1 1 0 20 0 12.13 
0.109 2 2.10 2.10 2.1 2.1 0.158 0.083 0.6804 0.7872 0.0598 0.0008 0.025911 -2.441704 1.7283 0 4.1800 0  14 38 28 26 32 32 4 28  0 1 1 1 0 20 0 12.14 
0.110 2 2.10 2.10 2.1 2.1 0.120 0.051 0.7169 0.7302 0.0604 0.0008 0.023320 -2.441692 1.7283 0 4.1800 0  21 -18 1 3 16 6 5 8  0 1 1 1 0 20 0 12.15 
0.111 2 2.10 2.10 2.1 2.1 0.122 0.055 0.6583 0.6804 0.0612 0.0008 0.023320 -2.441685 1.7283 0 4.1800 0  19 35 13 20 -25 14 32 11  0 1 1 1 0 20 0 12.14 
0.112 2 2.10 2.10 2.1 2.1 0.124 0.093 0.6924 0.7434 0.0618 0.0008 0.025911 -2.441673 1.7283 0 4.1800 0  20 -28 16 39 16 -8 -10 33  0 1 1 1 0 20 0 12.15 
0.113 2 2.10 2.10 2.1 2.1 0.120 0.074 0.7044 0.7169 0.0626 0.0008 0.025911 -2.441654 1.7283 0 4.1800 0  4 11 14 33 20 12 -18 15  0 1 1 1 0 20 0 12.15 
0.114 2 2.10 2.10 2.1 2.1 0.124 0.097 0.7302 0.7169 0.0634 0.0008 0.025911 -2.441642 1.7283 0 4.1800 0  18 27 13 18 31 13 15 24  0 1 1 1 0 20 0 12.15 
0.115 2 2.10 2.10 2.1 2.1 0.088 0.059 0.7169 0.7434 0.0641 0.0009 0.023320 -2.441639 1.7283 0 4.1800 0  -7 -1 4 23 27 29 4 8  0 1 1 1 0 20 0 12.14 
0.116 2 2.10 2.10 2.1 2.1 0.147 0.050 0.7044 0.7723 0.0649 0.0009 0.023320 -2.441633 1.7283 0 4.1800 0  8 -12 16 57 24 -1 -4 22  0 1 1 1 0 20 0 12.14 
0.117 2 2.10 2.10 2.1 2.1 0.173 0.135 0.7044 0.7434 0.0655 0.0009 0.025911 -2.441623 1.7283 0 4.1800 0  25 20 12 32 36 19 -1 20  0 1 1 1 0 20 0 12.13 
0.118 2 2.10 2.10 2.1 2.1 0.102 0.107 0.6924 0.7872 0.0663 0.0009 0.025911 -2.441617 1.7283 0 4.1800 0  1 21 8 10 28 23 8 13  0 1 1 1 0 20 0 12.14 
0.119 2 2.10 2.10 2.1 2.1 0.089 0.075 0.7044 0.7723 0.0671 0.0009 0.025911 -2.441614 1.7283 0 4.1800 0  18 37 2 35 5 47 -3 19  0 1 1 1 0 20 0 12.13 
0.120 2 2.10 2.10 2.1 2.1 0.120 0.124 0.6691 0.7575 0.0679 0.0010 0.025911 -2.441616 1.7283 0 4.1800 0  13 -13 12 19 23 35 -22 15  0 1 1 1 0 20 0 12.14 
0.121 2 2.10 2.10 2.1 2.1 0.169 0.101 0.7169 0.7434 0.0685 0.0010 0.028502 -2.441620 1.7283 0 4.1800 0  11 -12 25 2 35 17 55 20  0 1 1 1 0 20 0 12.14 
0.122 2 2.10 2.10 2.1 2.1 0.143 0.105 0.7302 0.7302 0.0691 0.0010 0.025911 -2.441622 1.7283 0 4.1800 0  13 5 17 22 35 14 -11 4  0 1 1 1 0 20 0 12.15 
0.123 2 2.10 2.10 2.1 2.1 0.115 0.106 0.7044 0.7044 0.0699 0.0010 0.025911 -2.441625 1.7283 0 4.1800 0  15 20 2 27 4 20 23 -6  0 1 1 1 0 20 0 12.14 
0.124 2 2.10 2.10 2.1 2.1 0.099 0.072 0.6924 0.7434 0.0705 0.0010 0.028502 -2.441629 1.7283 0 4.1800 0  10 -8 9 30 28 6 -11 39  0 1 1 1 0 20 0 12.14 
0.125 2 2.10 2.10 2.1 2.1 0.113 0.114 0.7169 0.7169 0.0713 0.0011 0.028502 -2.441638 1.7283 0 4.1800 0  8 2 26 32 25 21 -3 25  0 1 1 1 0 20 0 12.14 
0.126 2 2.10 2.10 2.1 2.1 0.148 0.101 0.6924 0.7575 0.0721 0.0011 0.028502 -2.441652 1.7283 0 4.1800 0  17 24 19 15 7 25 32 -3  0 1 1 1 0 20 0 12.14 
0.127 2 2.10 2.10 2.1 2.1 0.160 0.089 0.6924 0.7169 0.0729 0.0011 0.028502 -2.441658 1.7283 0 4.1800 0  11 24 23 13 34 26 4 20  0 1 1 1 0 20 0 12.13 
0.128 2 2.10 2.10 2.1 2.1 0.147 0.112 0.7044 0.7575 0.0735 0.0011 0.031093 -2.441657 1.7283 0 4.1800 0  14 -20 16 46 22 14 -38 26  0 1 1 1 0 20 0 12.15 
0.129 2 2.10 2.10 2.1 2.1 0.087 0.077 0.7044 0.7434 0.0741 0.0011 0.028502 -2.441657 1.7283 0 4.1800 0  20 13 14 22 16 39 -7 12  0 1 1 1 0 20 0 12.15 
0.130 2 2.10 2.10 2.1 2.1 0.132 0.083 0.7169 0.7575 0.0749 0.0012 0.028502 -2.441659 1.7283 0 4.1800 0  7 30 18 19 38 18 -9 27  0 1 1 1 0 20 0 12.14 
0.131 2 2.10 2.10 2.1 2.1 0.123 0.078 0.7169 0.7872 0.0757 0.0012 0.028502 -2.441672 1.7283 0 4.1800 0  6 8 7 12 30 23 9 9  0 1 1 1 0 20 0 12.13 
0.132 2 2.10 2.10 2.1 2.1 0.133 0.016 0.6924 0.7575 0.0763 0.0012 0.031093 -2.441693 1.7283 0 4.1800 0  -1 -41 10 8 7 20 33 11  0 1 1 1 0 20 0 12.13 
0.133 2 2.10 2.10 2.1 2.1 0.089 0.059 0.7169 0.7575 0.0771 0.0012 0.031093 -2.441707 1.7283 0 4.1800 0  23 8 7 10 28 14 19 10  0 1 1 1 0 20 0 12.13 
0.134 2 2.10 2.10 2.1 2.1 0.107 0.088 0.6691 0.7723 0.0779 0.0012 0.031093 -2.441714 1.7283 0 4.1800 0  14 38 13 29 22 7 8 11  0 1 1 1 0 20 0 12.14 
0.135 2 2.10 2.10 2.1 2.1 0.135 0.109 0.7302 0.7872 0.0787 0.0013 0.031093 -2.441720 1.7283 0 4.1800 0  17 45 21 31 29 34 -3 17  0 1 1 1 0 20 0 12.13 
0.136 2 2.10 2.10 2.1 2.1 0.139 0.127 0.7302 0.7302 0.0793 0.0013 0.033685 -2.441725 1.7283 0 4.1800 0  -1 0 10 28 27 31 -25 5  0 1 1 1 0 20 0 12.14 
0.137 2 2.10 2.10 2.1 2.1 0.100 0.083 0.7044 0.6804 0.0799 0.0013 0.031093 -2.441729 1.7283 0 4.1800 0  -3 21 11 19 27 15 5 23  0 1 1 1 0 20 0 12.15 
0.138 2 2.10 2.10 2.1 2.1 0.106 0.094 0.7302 0.7302 0.0807 0.0013 0.031093 -2.441733 1.7283 0 4.1800 0  14 20 20 46 50 14 -6 6  0 1 1 1 0 20 0 12.14 
0.139 2 2.10 2.10 2.1 2.1 0.141 0.139 0.7044 0.7302 0.0815 0.0014 0.031093 -2.441734 1.7283 0 4.1800 0  13 27 20 27 36 39 -2 23  0 1 1 1 0 20 0 12.12 
0.140 2 2.10 2.10 2.1 2.1 0.127 0.074 0.6924 0.7302 0.0821 0.0014 0.033685 -2.441735 1.7283 0 4.1800 0  1 7 11 26 19 28 -29 9  0 1 1 1 0 20 0 12.14 
0.141 2 2.10 2.10 2.1 2.1 0.136 0.072 0.7434 0.7575 0.0829 0.0014 0.033685 -2.441743 1.7283 0 4.1800 0  2 10 9 1 15 -15 -20 -7  0 1 1 1 0 20 0 12.13 
0.142 2 2.10 2.10 2.1 2.1 0.116 0.101 0.7302 0.6691 0.0835 0.0014 0.031093 -2.441753 1.7283 0 4.1800 0  19 38 22 40 49 38 9 22  0 1 1 1 0 20 0 12.13 
0.143 2 2.10 2.10 2.1 2.1 0.141 0.089 0.7044 0.7302 0.0843 0.0015 0.031093 -2.441760 1.7283 0 4.1800 0  17 24 19 22 25 19 -17 23  0 1 1 1 0 20 0 12.14 
0.144 2 2.10 2.10 2.1 2.1 0.155 0.103 0.7169 0.7723 0.0849 0.0015 0.033685 -2.441765 1.7283 0 4.1800 0  19 9 15 41 34 0 -13 39  0 1 1 1 0 20 0 12.14 
0.145 2 2.10 2.10 2.1 2.1 0.136 0.111 0.7169 0.7575 0.0857 0.0015 0.033685 -2.441773 1.7283 0 4.1800 0  1 -14 -3 41 25 -8 1 -6  0 1 1 1 0 20 0 12.14 
0.146 2 2.10 2.10 2.1 2.1 0.112 0.076 0.7169 0.7723 0.0865 0.0015 0.033685 -2.441783 1.7283 0 4.1800 0  24 38 30 23 47 32 14 28  0 1 1 1 0 20 0 12.15 
0.147 2 2.10 2.10 2.1 2.1 0.105 0.120 0.7169 0.7575 0.0873 0.0016 0.033685 -2.441788 1.7283 0 4.1800 0  5 36 20 32 39 15 7 19  0 1 1 1 0 20 0 12.15 
0.148 2 2.10 2.10 2.1 2.1 0.121 0.101 0.6924 0.7575 0.0879 0.0016 0.036276 -2.441792 1.7283 0 4.1800 0  7 -18 18 54 39 16 14 9  0 1 1 1 0 20 0 12.14 
0.149 2 2.10 2.10 2.1 2.1 0.135 0.023 0.7169 0.7575 0.0887 0.0016 0.036276 -2.441801 1.7283 0 4.1800 0  20 -7 6 19 9 23 -29 0  0 1 1 1 0 20 0 12.14 
0.150 2 2.10 2.10 2.1 2.1 0.129 0.083 0.6924 0.7575 0.0895 0.0016 0.036276 -2.441815 1.7283 0 4.1800 0  10 38 12 41 37 35 5 42  0 1 1 1 0 20 0 12.15 
0.151 2 2.10 2.10 2.1 2.1 0.093 0.068 0.6924 0.7302 0.0901 0.0017 0.033685 -2.441824 1.7283 0 4.1800 0  5 2 14 14 19 33 39 9  0 1 1 1 0 20 0 12.14 
0.152 2 2.10 2.10 2.1 2.1 0.102 0.108 0.7169 0.7575 0.0907 0.0017 0.036276 -2.441826 1.7283 0 4.1800 0  7 -4 16 26 29 28 7 23  0 1 1 1 0 20 0 12.14 
0.153 2 2.10 2.10 2.1 2.1 0.168 0.104 0.7302 0.7169 0.0915 0.0017 0.036276 -2.441826 1.7283 0 4.1800 0  6 1 10 30 14 12 -27 -7  0 1 1 1 0 20 0 12.14 
0.154 2 2.10 2.10 2.1 2.1 0.150 0.078 0.7169 0.7575 0.0924 0.0017 0.036276 -2.441822 1.7283 0 4.1800 0  2 10 7 12 33 30 33 22  0 1 1 1 0 20 0 12.12 
0.155 2 2.10 2.10 2.1 2.1 0.124 0.081 0.7169 0.6924 0.0932 0.0018 0.036276 -2.441810 1.7283 0 4.1800 0  17 39 19 23 29 18 -20 1  0 1 1 1 0 20 0 12.14 
0.156 2 2.10 2.10 2.1 2.1 0.116 0.113 0.6924 0.7575 0.0938 0.0018 0.038867 -2.441795 1.7283 0 4.1800 0  24 -15 15 56 18 4 -13 10  0 1 1 1 0 20 0 12.13 
0.157 2 2.10 2.10 2.1 2.1 0.128 0.046 0.7044 0.6804 0.0944 0.0018 0.036276 -2.441788 1.7283 0 4.1800 0  24 43 15 20 28 12 5 3  0 1 1 1 0 20 0 12.14 
0.158 2 2.10 2.10 2.1 2.1 0.105 0.090 0.7044 0.7302 0.0952 0.0018 0.036276 -2.441788 1.7283 0 4.1800 0  19 -6 24 10 35 11 12 9  0 1 1 1 0 20 0 12.14 
0.159 2 2.10 2.10 2.1 2.1 0.131 0.085 0.6924 0.7302 0.0960 0.0019 0.036276 -2.441785 1.7283 0 4.1800 0  28 -5 11 9 24 26 -15 7  0 1 1 1 0 20 0 12.14 
0.160 2 2.10 2.10 2.1 2.1 0.089 0.103 0.7169 0.7575 0.0968 0.0019 0.036276 -2.441776 1.7283 0 4.1800 0  5 -25 13 -3 29 22 35 9  0 1 1 1 0 20 0 12.13 
0.161 2 2.10 2.10 2.1 2.1 0.078 0.147 0.7302 0.7723 0.0974 0.0019 0.038867 -2.441764 1.7283 0 4.1800 0  15 16 18 31 41 8 -4 18  0 1 1 1 0 20 0 12.14 
0.162 2 2.10 2.10 2.1 2.1 0.114 0.086 0.7044 0.7434 0.0982 0.0019 0.038867 -2.441755 1.7283 0 4.1800 0  9 37 7 46 34 18 -7 6  0 1 1 1 0 20 0 12.13 
0.163 2 2.10 2.10 2.1 2.1 0.140 0.091 0.7302 0.7044 0.0990 0.0020 0.038867 -2.441747 1.7283 0 4.1800 0  -2 36 8 40 23 11 1 20  0 1 1 1 0 20 0 12.13 
0.164 2 2.10 2.10 2.1 2.1 0.154 0.089 0.7169 0.7434 0.0998 0.0020 0.038867 -2.441730 1.7283 0 4.1800 0  24 -7 5 6 25 38 29 23  0 1 1 1 0 20 0 12.14 
0.165 2 2.10 2.10 2.1 2.1 0.106 0.083 0.7434 0.7044 0.1002 0.0020 0.038867 -2.441710 1.7283 0 4.1800 0  15 2 19 0 27 11 31 22  0 1 1 1 0 20 0 12.13 
0.166 2 2.10 2.10 2.1 2.1 0.120 0.143 0.6804 0.7169 0.1010 0.0021 0.038867 -2.441701 1.7283 0 4.1800 0  8 -20 28 43 29 6 17 17  0 1 1 1 0 20 0 12.13 
0.167 2 2.10 2.10 2.1 2.1 0.123 0.064 0.6924 0.7575 0.1018 0.0021 0.038867 -2.441696 1.7283 0 4.1800 0  12 44 12 29 33 32 -12 22  0 1 1 1 0 20 0 12.14 
0.168 2 2.10 2.10 2.1 2.1 0.121 0.103 0.7575 0.7044 0.1026 0.0021 0.038867 -2.441684 1.7283 0 4.1800 0  32 -28 16 10 17 32 -22 10  0 1 1 1 0 20 0 12.13 
0.169 2 2.10 2.10 2.1 2.1 0.094 0.098 0.7434 0.7723 0.1032 0.0021 0.041458 -2.441673 1.7283 0 4.1800 0  15 28 18 14 23 24 -18 25  0 1 1 1 0 20 0 12.15 
0.170 2 2.10 2.10 2.1 2.1 0.089 0.045 0.7302 0.7302 0.1040 0.0022 0.041458 -2.441664 1.7283 0 4.1800 0  13 2 16 15 24 31 -5 7  0 1 1 1 0 20 0 12.14 
0.171 2 2.10 2.10 2.1 2.1 0.134 0.089 0.7169 0.7044 0.1048 0.0022 0.041458 -2.441654 1.7283 0 4.1800 0  5 35 10 30 23 24 16 8  0 1 1 1 0 20 0 12.14 
0.172 2 2.10 2.10 2.1 2.1 0.130 0.055 0.7302 0.7575 0.1054 0.0022 0.038867 -2.441643 1.7283 0 4.1800 0  5 -30 5 -6 17 -25 -11 -4  0 1 1 1 0 20 0 12.13 
0.173 2 2.10 2.10 2.1 2.1 0.091 0.090 0.7169 0.7575 0.1062 0.0023 0.038867 -2.441630 1.7283 0 4.1800 0  15 12 23 10 14 21 6 24  0 1 1 1 0 20 0 12.15 
0.174 2 2.10 2.10 2.1 2.1 0.101 0.140 0.7169 0.7723 0.1068 0.0023 0.041458 -2.441620 1.7283 0 4.1800 0  16 36 19 26 31 17 7 9  0 1 1 1 0 20 0 12.14 
0.175 2 2.10 2.10 2.1 2.1 0.152 0.071 0.7044 0.7302 0.1076 0.0023 0.041458 -2.441619 1.7283 0 4.1800 0  16 -19 17 24 25 20 -17 16  0 1 1 1 0 20 0 12.14 
0.176 2 2.10 2.10 2.1 2.1 0.135 0.075 0.7302 0.7575 0.1084 0.0024 0.041458 -2.441624 1.7283 0 4.1800 0  16 -20 21 24 20 4 -21 30  0 1 1 1 0 20 0 12.14 
0.177 2 2.10 2.10 2.1 2.1 0.123 0.087 0.6924 0.7575 0.1092 0.0024 0.041458 -2.441626 1.7283 0 4.1800 0  19 23 16 18 24 22 0 29  0 1 1 1 0 20 0 12.14 
0.178 2 2.10 2.10 2.1 2.1 0.097 0.100 0.7169 0.7872 0.1098 0.0024 0.044049 -2.441632 1.7283 0 4.1800 0  15 30 36 48 35 3 3 17  0 1 1 1 0 20 0 12.14 
0.179 2 2.10 2.10 2.1 2.1 0.096 0.099 0.7169 0.7169 0.1104 0.0024 0.041458 -2.441644 1.7283 0 4.1800 0  20 50 16 33 29 30 20 4  0 1 1 1 0 20 0 12.14 
0.180 2 2.10 2.10 2.1 2.1 0.107 0.044 0.7434 0.7434 0.1112 0.0025 0.041458 -2.441651 1.7283 0 4.1800 0  13 -2 4 53 15 2 -14 7  0 1 1 1 0 20 0 12.13 
0.181 2 2.10 2.10 2.1 2.1 0.129 0.127 0.7302 0.6924 0.1120 0.0025 0.041458 -2.441651 1.7283 0 4.1800 0  13 -17 6 12 20 17 0 22  0 1 1 1 0 20 0 12.13 
0.182 2 2.10 2.10 2.1 2.1 0.155 0.093 0.7044 0.7723 0.1126 0.0025 0.044049 -2.441655 1.7283 0 4.1800 0  6 -27 7 22 26 21 -1 21  0 1 1 1 0 20 0 12.15 
0.183 2 2.10 2.10 2.1 2.1 0.113 0.101 0.6924 0.7044 0.1134 0.0026 0.044049 -2.441668 1.7283 0 4.1800 0  18 21 19 26 37 38 19 37  0 1 1 1 0 20 0 12.14 
0.184 2 2.10 2.10 2.1 2.1 0.092 0.106 0.7044 0.7169 0.1142 0.0026 0.044049 -2.441684 1.7283 0 4.1800 0  14 -42 17 16 9 23 -17 13  0 1 1 1 0 20 0 12.14 
0.185 2 2.10 2.10 2.1 2.1 0.096 0.085 0.7169 0.7302 0.1150 0.0026 0.044049 -2.441694 1.7283 0 4.1800 0  7 12 5 15 17 30 -4 9  0 1 1 1 0 20 0 12.14 
0.186 2 2.10 2.10 2.1 2.1 0.105 0.118 0.7169 0.7575 0.1156 0.0027 0.046640 -2.441707 1.7283 0 4.1800 0  13 30 20 25 17 13 -9 8  0 1 1 1 0 20 0 12.14 
0.187 2 2.10 2.10 2.1 2.1 0.128 0.131 0.7169 0.7872 0.1162 0.0027 0.044049 -2.441725 1.7283 0 4.1800 0  18 5 22 60 40 9 24 33  0 1 1 1 0 20 0 12.15 
0.188 2 2.10 2.10 2.1 2.1 0.104 0.088 0.7302 0.7723 0.1170 0.0027 0.044049 -2.441738 1.7283 0 4.1800 0  8 5 20 11 26 -1 -4 42  0 1 1 1 0 20 0 12.14 
0.189 2 2.10 2.10 2.1 2.1 0.112 0.103 0.7169 0.7434 0.1178 0.0028 0.044049 -2.441745 1.7283 0 4.1800 0  22 35 21 3 0 18 33 5  0 1 1 1 0 20 0 12.14 
0.190 2 2.10 2.10 2.1 2.1 0.117 0.104 0.7434 0.7723 0.1186 0.0028 0.044049 -2.441748 1.7283 0 4.1800 0  7 -3 0 -6 14 15 -8 13  0 1 1 1 0 20 0 12.13 
0.191 2 2.10 2.10 2.1 2.1 0.130 0.095 0.6924 0.7575 0.1192 0.0028 0.046640 -2.441750 1.7283 0 4.1800 0  23 -3 37 33 34 35 0 31  0 1 1 1 0 20 0 12.14 
0.192 2 2.10 2.10 2.1 2.1 0.078 0.121 0.7434 0.7434 0.1200 0.0029 0.046640 -2.441756 1.7283 0 4.1800 0  12 -20 7 11 17 33 44 7  0 1 1 1 0 20 0 12.14 
0.193 2 2.10 2.10 2.1 2.1 0.127 0.075 0.6804 0.7723 0.1208 0.0029 0.046640 -2.441764 1.7283 0 4.1800 0  12 36 12 28 39 26 3 27  0 1 1 1 0 20 0 12.14 
0.194 2 2.10 2.10 2.1 2.1 0.120 0.112 0.6924 0.6924 0.1214 0.0029 0.044049 -2.441767 1.7283 0 4.1800 0  -3 -21 -2 26 15 -1 -27 -11  0 1 1 1 0 20 0 12.14 
0.195 2 2.10 2.10 2.1 2.1 0.106 0.101 0.7169 0.7575 0.1220 0.0030 0.046640 -2.441768 1.7283 0 4.1800 0  23 -24 16 13 21 9 29 29  0 1 1 1 0 20 0 12.13 
0.196 2 2.10 2.10 2.1 2.1 0.087 0.047 0.7434 0.7169 0.1228 0.0030 0.046640 -2.441770 1.7283 0 4.1800 0  5 -5 9 33 41 0 -16 26  0 1 1 1 0 20 0 12.14 
0.197 2 2.10 2.10 2.1 2.1 0.094 0.109 0.7434 0.7302 0.1237 0.0030 0.046640 -2.441776 1.7283 0 4.1800 0  9 -6 20 13 29 8 -9 -2  0 1 1 1 0 20 0 12.13 
0.198 2 2.10 2.10 2.1 2.1 0.143 0.064 0.7302 0.7169 0.1245 0.0031 0.046640 -2.441780 1.7283 0 4.1800 0  -2 1 8 20 9 9 -47 -6  0 1 1 1 0 20 0 12.14 
0.199 2 2.10 2.10 2.1 2.1 0.152 0.122 0.7302 0.7434 0.1253 0.0031 0.046640 -2.441771 1.7283 0 4.1800 0  4 -21 13 8 19 5 22 32  0 1 1 1 0 20 0 12.13 
0.200 4 4.10 4.10 4.1 4.1 0.119 0.079 0.7044 0.6924 0.1257 0.0031 0.046640 -2.441760 1.7283 0 4.1800 0  -14 -15 12 42 30 20 -19 38  0 1 1 1 0 20 0 12.14 
0.201 4 4.10 4.10 4.1 4.1 0.301 0.344 0.7169 0.7302 0.1265 0.0032 0.046640 -2.441756 1.7283 0 4.1800 0  17 -3 18 19 34 14 8 16  0 1 1 1 0 20 0 12.06 
0.202 4 4.10 4.10 4.1 4.1 0.376 0.427 0.7044 0.7723 0.1273 0.0032 0.046640 -2.441758 1.7283 0 4.1800 0  18 14 21 -9 11 17 6 13  0 1 1 1 0 20 0 11.98 
0.203 4 4.10 4.10 4.1 4.1 0.464 0.489 0.7575 0.7575 0.1281 0.0032 0.046640 -2.441768 1.7283 0 4.1800 0  3 25 14 23 4 4 10 18  0 1 1 1 0 20 0 11.99 
0.204 4 4.10 4.10 4.1 4.1 0.534 0.540 0.7434 0.8032 0.1289 0.0033 0.046640 -2.441777 1.7283 0 4.1800 0  7 16 6 16 21 -11 -1 -5  0 1 1 1 0 20 0 11.99 
0.205 4 4.10 4.10 4.1 4.1 0.540 0.544 0.7723 0.8032 0.1297 0.0033 0.046640 -2.441779 1.7283 0 4.1800 0  1 19 0 13 6 7 3 13  0 1 1 1 0 20 0 11.98 
0.206 4 4.10 4.10 4.1 4.1 0.542 0.541 0.8193 0.7723 0.1305 0.0034 0.046640 -2.441769 1.7283 0 4.1800 0  3 31 18 33 18 13 11 17  0 1 1 1 0 20 0 11.98 
0.207 4 4.10 4.10 4.1 4.1 0.618 0.533 0.8193 0.8543 0.1315 0.0034 0.049231 -2.441756 1.7283 0 4.1800 0  12 4 22 27 12 16 8 13  0 1 1 1 0 20 0 12.00 
0.208 4 4.10 4.10 4.1 4.1 0.523 0.527 0.8366 0.8193 0.1323 0.0034 0.049231 -2.441744 1.7283 0 4.1800 0  13 -2 -7 10 4 13 23 9  0 1 1 1 0 20 0 12.00 
0.209 4 4.10 4.10 4.1 4.1 0.510 0.534 0.8543 0.8727 0.1331 0.0035 0.049231 -2.441730 1.7283 0 4.1800 0  8 31 3 35 8 26 18 7  0 1 1 1 0 20 0 12.00 
0.210 4 4.10 4.10 4.1 4.1 0.515 0.538 0.8924 0.9796 0.1341 0.0035 0.051822 -2.441716 1.7283 0 4.1800 0  21 19 13 3 21 -9 8 15  0 1 1 1 0 20 0 12.01 
0.211 4 4.10 4.10 4.1 4.1 0.429 0.458 0.9338 1.0041 0.1351 0.0036 0.049231 -2.441705 1.7283 0 4.1800 0  18 2 6 17 0 8 5 11  0 1 1 1 0 20 0 12.01 
0.212 4 4.10 4.10 4.1 4.1 0.457 0.481 0.9559 0.9559 0.1361 0.0036 0.051822 -2.441702 1.7283 0 4.1800 0  -3 19 3 3 9 -17 -10 22  0 1 1 1 0 20 0 12.00 
0.213 4 4.10 4.10 4.1 4.1 0.434 0.469 0.9796 1.0041 0.1369 0.0037 0.051822 -2.441691 1.7283 0 4.1800 0  3 25 20 10 3 12 11 12  0 1 1 1 0 20 0 11.99 
0.214 4 4.10 4.10 4.1 4.1 0.479 0.451 1.0041 1.0567 0.1381 0.0037 0.051822 -2.441665 1.7283 0 4.1800 0  -4 27 11 10 15 -1 -9 12  0 1 1 1 0 20 0 12.02 
0.215 4 4.10 4.10 4.1 4.1 0.447 0.412 0.9796 1.0567 0.1389 0.0038 0.051822 -2.441634 1.7283 0 4.1800 0  27 5 29 10 13 19 -7 23  0 1 1 1 0 20 0 12.04 
0.216 4 4.10 4.10 4.1 4.1 0.397 0.426 1.0298 1.0567 0.1401 0.0038 0.051822 -2.441607 1.7283 0 4.1800 0  12 -1 31 2 8 9 -1 25  0 1 1 1 0 20 0 12.03 
0.217 4 4.10 4.10 4.1 4.1 0.471 0.443 1.0298 1.1474 0.1411 0.0039 0.054414 -2.441585 1.7283 0 4.1800 0  9 21 14 8 16 19 17 14  0 1 1 1 0 20 0 12.03 
0.218 4 4.10 4.10 4.1 4.1 0.382 0.380 1.0852 1.1153 0.1423 0.0040 0.054414 -2.441568 1.7283 0 4.1800 0  13 18 33 8 1 25 -1 7  0 1 1 1 0 20 0 12.02 
0.219 4 4.10 4.10 4.1 4.1 0.369 0.435 1.0852 1.1153 0.1433 0.0040 0.051822 -2.441555 1.7283 0 4.1800 0  16 5 14 26 13 8 -1 15  0 1 1 1 0 20 0 12.03 
0.220 4 4.10 4.10 4.1 4.1 0.407 0.371 1.0852 1.1812 0.1443 0.0041 0.054414 -2.441540 1.7283 0 4.1800 0  15 7 4 18 10 -6 -4 30  0 1 1 1 0 20 0 12.04 
0.221 4 4.10 4.10 4.1 4.1 0.385 0.338 1.0852 1.1812 0.1455 0.0041 0.054414 -2.441521 1.7283 0 4.1800 0  18 11 15 11 13 19 2 20  0 1 1 1 0 20 0 12.04 
0.222 4 4.10 4.10 4.1 4.1 0.356 0.413 1.1474 1.2169 0.1467 0.0042 0.054414 -2.441505 1.7283 0 4.1800 0  14 12 3 5 17 15 -10 26  0 1 1 1 0 20 0 12.04 
0.223 4 4.10 4.10 4.1 4.1 0.386 0.339 1.1474 1.2169 0.1477 0.0043 0.057005 -2.441491 1.7283 0 4.1800 0  2 3 29 28 23 22 -4 24  0 1 1 1 0 20 0 12.04 
0.224 4 4.10 4.10 4.1 4.1 0.337 0.357 1.1153 1.2551 0.1489 0.0043 0.057005 -2.441477 1.7283 0 4.1800 0  32 13 13 22 27 -2 13 18  0 1 1 1 0 20 0 12.03 
0.225 4 4.10 4.10 4.1 4.1 0.333 0.344 1.1812 1.2551 0.1501 0.0044 0.057005 -2.441464 1.7283 0 4.1800 0  15 1 19 28 20 7 7 7  0 1 1 1 0 20 0 12.04 
0.226 4 4.10 4.10 4.1 4.1 0.343 0.304 1.1474 1.2551 0.1513 0.0045 0.057005 -2.441442 1.7283 0 4.1800 0  5 27 14 17 1 5 -5 16  0 1 1 1 0 20 0 12.02 
0.227 4 4.10 4.10 4.1 4.1 0.348 0.349 1.1812 1.2551 0.1525 0.0045 0.057005 -2.441425 1.7283 0 4.1800 0  0 5 18 -6 1 3 -13 24  0 1 1 1 0 20 0 12.04 
0.228 4 4.10 4.10 4.1 4.1 0.318 0.314 1.1812 1.3386 0.1535 0.0046 0.059596 -2.441423 1.7283 0 4.1800 0  21 14 39 46 31 28 32 41  0 1 1 1 0 20 0 12.06 
0.229 4 4.10 4.10 4.1 4.1 0.296 0.293 1.1812 1.2551 0.1547 0.0047 0.059596 -2.441420 1.7283 0 4.1800 0  6 -17 26 21 5 21 -12 10  0 1 1 1 0 20 0 12.06 
0.230 4 4.10 4.10 4.1 4.1 0.295 0.253 1.2169 1.3386 0.1559 0.0047 0.059596 -2.441423 1.7283 0 4.1800 0  18 6 19 3 -14 18 -6 4  0 1 1 1 0 20 0 12.05 
0.231 4 4.10 4.10 4.1 4.1 0.308 0.257 1.1812 1.2952 0.1571 0.0048 0.059596 -2.441432 1.7283 0 4.1800 0  10 -17 8 2 6 3 -13 -5  0 1 1 1 0 20 0 12.03 
0.232 4 4.10 4.10 4.1 4.1 0.334 0.301 1.2551 1.2952 0.1583 0.0049 0.059596 -2.441426 1.7283 0 4.1800 0  16 16 32 20 38 28 25 8  0 1 1 1 0 20 0 12.05 
0.233 4 4.10 4.10 4.1 4.1 0.306 0.291 1.2551 1.3848 0.1597 0.0050 0.062187 -2.441411 1.7283 0 4.1800 0  20 20 8 17 20 -2 6 17  0 1 1 1 0 20 0 12.05 
0.234 4 4.10 4.10 4.1 4.1 0.337 0.285 1.2169 1.3386 0.1609 0.0050 0.062187 -2.441400 1.7283 0 4.1800 0  -1 26 17 12 14 7 -9 10  0 1 1 1 0 20 0 12.06 
0.235 4 4.10 4.10 4.1 4.1 0.275 0.263 1.2952 1.3848 0.1622 0.0051 0.062187 -2.441400 1.7283 0 4.1800 0  9 0 19 1 -18 14 -11 3  0 1 1 1 0 20 0 12.06 
0.236 4 4.10 4.10 4.1 4.1 0.280 0.242 1.2952 1.3386 0.1634 0.0052 0.062187 -2.441410 1.7283 0 4.1800 0  12 -3 49 14 37 28 20 46  0 1 1 1 0 20 0 12.07 
0.237 4 4.10 4.10 4.1 4.1 0.326 0.268 1.2551 1.2551 0.1646 0.0053 0.062187 -2.441419 1.7283 0 4.1800 0  15 23 22 28 20 32 -4 15  0 1 1 1 0 20 0 12.06 
0.238 4 4.10 4.10 4.1 4.1 0.269 0.226 1.2551 1.4342 0.1660 0.0053 0.064778 -2.441428 1.7283 0 4.1800 0  9 12 29 13 9 10 3 31  0 1 1 1 0 20 0 12.07 
0.239 4 4.10 4.10 4.1 4.1 0.274 0.241 1.2551 1.4342 0.1672 0.0054 0.064778 -2.441449 1.7283 0 4.1800 0  -1 -12 -3 10 -7 -6 -2 -8  0 1 1 1 0 20 0 12.07 
0.240 4 4.10 4.10 4.1 4.1 0.277 0.215 1.2952 1.3848 0.1684 0.0055 0.064778 -2.441481 1.7283 0 4.1800 0  12 6 28 23 34 28 10 16  0 1 1 1 0 20 0 12.07 
0.241 4 4.10 4.10 4.1 4.1 0.261 0.207 1.2551 1.4342 0.1698 0.0056 0.067369 -2.441511 1.7283 0 4.1800 0  4 15 24 15 18 11 -9 16  0 1 1 1 0 20 0 12.07 
0.242 4 4.10 4.10 4.1 4.1 0.281 0.256 1.2952 1.4342 0.1710 0.0057 0.067369 -2.441533 1.7283 0 4.1800 0  -3 17 16 20 25 10 4 23  0 1 1 1 0 20 0 12.07 
0.243 4 4.10 4.10 4.1 4.1 0.274 0.231 1.2952 1.4342 0.1722 0.0058 0.067369 -2.441547 1.7283 0 4.1800 0  12 14 17 35 11 28 -9 0  0 1 1 1 0 20 0 12.07 
0.244 4 4.10 4.10 4.1 4.1 0.248 0.235 1.2952 1.3848 0.1738 0.0059 0.067369 -2.441559 1.7283 0 4.1800 0  16 10 14 30 6 7 2 31  0 1 1 1 0 20 0 12.06 
0.245 4 4.10 4.10 4.1 4.1 0.291 0.213 1.2952 1.3848 0.1750 0.0059 0.067369 -2.441575 1.7283 0 4.1800 0  33 26 25 24 2 3 6 23  0 1 1 1 0 20 0 12.07 
0.246 4 4.10 4.10 4.1 4.1 0.226 0.242 1.2952 1.4342 0.1762 0.0060 0.067369 -2.441586 1.7283 0 4.1800 0  13 -12 32 13 -3 20 13 12  0 1 1 1 0 20 0 12.07 
0.247 4 4.10 4.10 4.1 4.1 0.242 0.245 1.2952 1.4342 0.1776 0.0061 0.069960 -2.441589 1.7283 0 4.1800 0  -4 8 25 45 18 5 16 18  0 1 1 1 0 20 0 12.07 
0.248 4 4.10 4.10 4.1 4.1 0.252 0.225 1.2952 1.4342 0.1788 0.0062 0.069960 -2.441594 1.7283 0 4.1800 0  17 -17 17 16 24 43 10 10  0 1 1 1 0 20 0 12.07 
0.249 4 4.10 4.10 4.1 4.1 0.258 0.188 1.3386 1.4342 0.1802 0.0063 0.072551 -2.441618 1.7283 0 4.1800 0  14 18 34 29 16 14 6 9  0 1 1 1 0 20 0 12.07 
0.250 4 4.10 4.10 4.1 4.1 0.228 0.197 1.2952 1.4872 0.1816 0.0064 0.069960 -2.441663 1.7283 0 4.1800 0  35 9 10 13 11 11 33 -7  0 1 1 1 0 20 0 12.08 
0.251 4 4.10 4.10 4.1 4.1 0.244 0.229 1.3386 1.5446 0.1830 0.0065 0.072551 -2.441695 1.7283 0 4.1800 0  19 -3 30 27 48 8 -7 13  0 1 1 1 0 20 0 12.09 
0.252 4 4.10 4.10 4.1 4.1 0.261 0.215 1.3386 1.4872 0.1842 0.0066 0.072551 -2.441706 1.7283 0 4.1800 0  -3 -6 23 15 22 29 9 17  0 1 1 1 0 20 0 12.09 
0.253 4 4.10 4.10 4.1 4.1 0.253 0.189 1.3386 1.4872 0.1854 0.0067 0.072551 -2.441710 1.7283 0 4.1800 0  16 15 11 25 24 19 11 25  0 1 1 1 0 20 0 12.08 
0.254 4 4.10 4.10 4.1 4.1 0.230 0.200 1.3386 1.4872 0.1868 0.0068 0.075143 -2.441718 1.7283 0 4.1800 0  30 -5 15 0 23 -1 1 5  0 1 1 1 0 20 0 12.07 
0.255 4 4.10 4.10 4.1 4.1 0.226 0.183 1.3386 1.4342 0.1882 0.0069 0.072551 -2.441725 1.7283 0 4.1800 0  13 -29 24 24 27 13 7 14  0 1 1 1 0 20 0 12.09 
0.256 4 4.10 4.10 4.1 4.1 0.234 0.189 1.3386 1.4872 0.1896 0.0070 0.075143 -2.441724 1.7283 0 4.1800 0  6 -3 19 9 15 -19 8 32  0 1 1 1 0 20 0 12.07 
0.257 4 4.10 4.10 4.1 4.1 0.236 0.234 1.3848 1.4872 0.1908 0.0071 0.075143 -2.441726 1.7283 0 4.1800 0  6 24 17 25 22 11 -8 21  0 1 1 1 0 20 0 12.08 
0.258 4 4.10 4.10 4.1 4.1 0.251 0.183 1.3848 1.4872 0.1922 0.0072 0.077734 -2.441737 1.7283 0 4.1800 0  9 -8 26 16 4 -13 10 -5  0 1 1 1 0 20 0 12.08 
0.259 4 4.10 4.10 4.1 4.1 0.215 0.218 1.3848 1.4342 0.1936 0.0073 0.075143 -2.441745 1.7283 0 4.1800 0  9 13 25 17 21 -7 -2 22  0 1 1 1 0 20 0 12.08 
0.260 4 4.10 4.10 4.1 4.1 0.216 0.162 1.3848 1.4872 0.1950 0.0074 0.077734 -2.441741 1.7283 0 4.1800 0  11 4 22 19 13 44 -2 3  0 1 1 1 0 20 0 12.09 
0.261 4 4.10 4.10 4.1 4.1 0.203 0.211 1.3848 1.5446 0.1962 0.0075 0.077734 -2.441710 1.7283 0 4.1800 0  -4 17 19 14 17 8 -11 4  0 1 1 1 0 20 0 12.06 
0.262 4 4.10 4.10 4.1 4.1 0.207 0.192 1.3848 1.5446 0.1978 0.0076 0.077734 -2.441656 1.7283 0 4.1800 0  5 14 13 12 25 39 9 15  0 1 1 1 0 20 0 12.08 
0.263 4 4.10 4.10 4.1 4.1 0.245 0.175 1.3386 1.4872 0.1992 0.0077 0.080325 -2.441609 1.7283 0 4.1800 0  11 -10 24 8 38 14 14 12  0 1 1 1 0 20 0 12.07 
0.264 4 4.10 4.10 4.1 4.1 0.202 0.215 1.3386 1.4872 0.2004 0.0078 0.080325 -2.441580 1.7283 0 4.1800 0  11 -13 44 36 2 3 27 32  0 1 1 1 0 20 0 12.07 
0.265 4 4.10 4.10 4.1 4.1 0.226 0.201 1.4342 1.2952 0.2020 0.0080 0.080325 -2.441550 1.7283 0 4.1800 0  23 6 11 17 18 9 27 37  0 1 1 1 0 20 0 12.06 
0.266 4 4.10 4.10 4.1 4.1 0.194 0.205 1.4342 1.5446 0.2032 0.0081 0.080325 -2.441511 1.7283 0 4.1800 0  26 0 17 2 27 26 6 37  0 1 1 1 0 20 0 12.10 
0.267 4 4.10 4.10 4.1 4.1 0.261 0.183 1.3848 1.6065 0.2046 0.0082 0.082916 -2.441481 1.7283 0 4.1800 0  16 0 40 28 -1 14 39 -3  0 1 1 1 0 20 0 12.09 
0.268 4 4.10 4.10 4.1 4.1 0.223 0.181 1.3848 1.5446 0.2060 0.0083 0.080325 -2.441474 1.7283 0 4.1800 0  11 -23 25 1 35 14 10 17  0 1 1 1 0 20 0 12.08 
0.269 4 4.10 4.10 4.1 4.1 0.219 0.187 1.4342 1.4872 0.2074 0.0084 0.082916 -2.441469 1.7283 0 4.1800 0  34 13 32 25 46 29 23 35  0 1 1 1 0 20 0 12.08 
0.270 4 4.10 4.10 4.1 4.1 0.225 0.165 1.3848 1.4872 0.2088 0.0085 0.085507 -2.441449 1.7283 0 4.1800 0  6 17 16 13 3 -2 5 12  0 1 1 1 0 20 0 12.08 
0.271 4 4.10 4.10 4.1 4.1 0.176 0.171 1.3848 1.6065 0.2102 0.0086 0.082916 -2.441423 1.7283 0 4.1800 0  6 32 28 35 15 26 -9 32  0 1 1 1 0 20 0 12.08 
0.272 4 4.10 4.10 4.1 4.1 0.228 0.201 1.4342 1.5446 0.2116 0.0088 0.085507 -2.441415 1.7283 0 4.1800 0  6 -28 31 14 -11 10 -19 14  0 1 1 1 0 20 0 12.08 
0.273 4 4.10 4.10 4.1 4.1 0.226 0.158 1.3848 1.4872 0.2128 0.0089 0.085507 -2.441432 1.7283 0 4.1800 0  17 23 20 27 29 25 23 27  0 1 1 1 0 20 0 12.09 
0.274 4 4.10 4.10 4.1 4.1 0.211 0.157 1.4342 1.4872 0.2144 0.0090 0.085507 -2.441452 1.7283 0 4.1800 0  17 -5 31 16 4 27 -6 -6  0 1 1 1 0 20 0 12.09 
0.275 4 4.10 4.10 4.1 4.1 0.203 0.176 1.3848 1.4342 0.2156 0.0091 0.085507 -2.441451 1.7283 0 4.1800 0  4 17 25 18 19 11 1 12  0 1 1 1 0 20 0 12.09 
0.276 4 4.10 4.10 4.1 4.1 0.173 0.148 1.3848 1.5446 0.2170 0.0092 0.088098 -2.441440 1.7283 0 4.1800 0  -6 -6 5 25 1 24 -4 7  0 1 1 1 0 20 0 12.10 
0.277 4 4.10 4.10 4.1 4.1 0.231 0.197 1.3848 1.5446 0.2186 0.0094 0.088098 -2.441454 1.7283 0 4.1800 0  13 34 38 52 27 46 25 26  0 1 1 1 0 20 0 12.10 
0.278 4 4.10 4.10 4.1 4.1 0.198 0.159 1.4342 1.5446 0.2198 0.0095 0.088098 -2.441482 1.7283 0 4.1800 0  13 -11 28 13 21 23 -16 10  0 1 1 1 0 20 0 12.07 
0.279 4 4.10 4.10 4.1 4.1 0.192 0.203 1.3848 1.5446 0.2214 0.0096 0.088098 -2.441497 1.7283 0 4.1800 0  16 19 5 18 16 1 17 12  0 1 1 1 0 20 0 12.09 
0.280 4 4.10 4.10 4.1 4.1 0.203 0.160 1.4342 1.5446 0.2228 0.0097 0.090689 -2.441499 1.7283 0 4.1800 0  1 -8 29 6 7 3 -21 -4  0 1 1 1 0 20 0 12.08 
0.281 4 4.10 4.10 4.1 4.1 0.192 0.167 1.4342 1.5446 0.2242 0.0099 0.088098 -2.441511 1.7283 0 4.1800 0  2 22 23 48 22 46 24 17  0 1 1 1 0 20 0 12.09 
0.282 4 4.10 4.10 4.1 4.1 0.181 0.188 1.4342 1.5446 0.2256 0.0100 0.090689 -2.441538 1.7283 0 4.1800 0  15 -6 14 22 28 6 21 7  0 1 1 1 0 20 0 12.10 
0.283 4 4.10 4.10 4.1 4.1 0.234 0.182 1.3848 1.6065 0.2270 0.0101 0.093280 -2.441561 1.7283 0 4.1800 0  14 -2 15 16 16 26 18 12  0 1 1 1 0 20 0 12.09 
0.284 4 4.10 4.10 4.1 4.1 0.169 0.202 1.3848 1.5446 0.2284 0.0102 0.090689 -2.441571 1.7283 0 4.1800 0  18 10 20 28 -11 13 -15 2  0 1 1 1 0 20 0 12.08 
0.285 4 4.10 4.10 4.1 4.1 0.177 0.153 1.4342 1.5446 0.2298 0.0104 0.093280 -2.441578 1.7283 0 4.1800 0  11 8 35 30 8 14 -2 19  0 1 1 1 0 20 0 12.09 
0.286 4 4.10 4.10 4.1 4.1 0.241 0.135 1.4342 1.3848 0.2312 0.0105 0.090689 -2.441604 1.7283 0 4.1800 0  7 19 24 33 14 9 -1 11  0 1 1 1 0 20 0 12.10 
0.287 4 4.10 4.10 4.1 4.1 0.230 0.172 1.4342 1.6065 0.2326 0.0106 0.093280 -2.441637 1.7283 0 4.1800 0  17 10 18 13 42 19 13 22  0 1 1 1 0 20 0 12.10 
0.288 4 4.10 4.10 4.1 4.1 0.235 0.182 1.4342 1.6065 0.2342 0.0108 0.093280 -2.441644 1.7283 0 4.1800 0  3 14 28 43 16 12 4 10  0 1 1 1 0 20 0 12.08 
0.289 4 4.10 4.10 4.1 4.1 0.193 0.158 1.4342 1.6065 0.2356 0.0109 0.095872 -2.441638 1.7283 0 4.1800 0  16 18 4 -3 35 27 14 26  0 1 1 1 0 20 0 12.10 
0.290 4 4.10 4.10 4.1 4.1 0.199 0.133 1.3848 1.6065 0.2368 0.0110 0.095872 -2.441648 1.7283 0 4.1800 0  8 23 27 40 26 32 6 13  0 1 1 1 0 20 0 12.11 
0.291 4 4.10 4.10 4.1 4.1 0.182 0.102 1.4342 1.6065 0.2384 0.0112 0.095872 -2.441668 1.7283 0 4.1800 0  3 6 26 24 -1 6 3 7  0 1 1 1 0 20 0 12.09 
0.292 4 4.10 4.10 4.1 4.1 0.203 0.162 1.4342 1.6065 0.2398 0.0113 0.098463 -2.441687 1.7283 0 4.1800 0  9 24 18 24 27 32 1 -4  0 1 1 1 0 20 0 12.08 
0.293 4 4.10 4.10 4.1 4.1 0.202 0.140 1.4342 1.6065 0.2412 0.0115 0.095872 -2.441705 1.7283 0 4.1800 0  21 24 28 19 27 14 -1 30  0 1 1 1 0 20 0 12.10 
0.294 4 4.10 4.10 4.1 4.1 0.164 0.138 1.4872 1.5446 0.2426 0.0116 0.098463 -2.441716 1.7283 0 4.1800 0  18 18 20 24 13 17 -3 2  0 1 1 1 0 20 0 12.10 
0.295 4 4.10 4.10 4.1 4.1 0.213 0.167 1.4342 1.5446 0.2442 0.0117 0.098463 -2.441724 1.7283 0 4.1800 0  2 23 30 36 7 17 21 4  0 1 1 1 0 20 0 12.10 
0.296 4 4.10 4.10 4.1 4.1 0.196 0.153 1.4342 1.5446 0.2454 0.0119 0.098463 -2.441727 1.7283 0 4.1800 0  11 16 14 28 22 30 -11 10  0 1 1 1 0 20 0 12.09 
0.297 4 4.10 4.10 4.1 4.1 0.226 0.162 1.4342 1.5446 0.2470 0.0120 0.098463 -2.441729 1.7283 0 4.1800 0  6 13 30 31 15 9 7 7  0 1 1 1 0 20 0 12.09 
0.298 4 4.10 4.10 4.1 4.1 0.194 0.131 1.4342 1.5446 0.2484 0.0122 0.101054 -2.441734 1.7283 0 4.1800 0  20 13 10 18 -4 13 -5 19  0 1 1 1 0 20 0 12.08 
0.299 4 4.10 4.10 4.1 4.1 0.194 0.135 1.4342 1.4872 0.2498 0.0123 0.098463 -2.441754 1.7283 0 4.1800 0  3 27 16 30 20 16 -9 41  0 1 1 1 0 20 0 12.09 
0.300 4 4.10 4.10 4.1 4.1 0.211 0.155 1.4342 1.6065 0.2512 0.0124 0.101054 -2.441780 1.7283 0 4.1800 0  10 -5 21 13 18 3 -7 8  0 1 1 1 0 20 0 12.09 
0.301 4 4.10 4.10 4.1 4.1 0.164 0.187 1.4342 1.6065 0.2528 0.0126 0.101054 -2.441778 1.7283 0 4.1800 0  0 6 26 4 11 -2 2 0  0 1 1 1 0 20 0 12.09 
0.302 4 4.10 4.10 4.1 4.1 0.211 0.139 1.4342 1.6065 0.2542 0.0128 0.103645 -2.441762 1.7283 0 4.1800 0  17 44 -7 6 27 17 12 3  0 1 1 1 0 20 0 12.09 
0.303 4 4.10 4.10 4.1 4.1 0.168 0.181 1.4342 1.6065 0.2556 0.0129 0.101054 -2.441755 1.7283 0 4.1800 0  -6 24 16 34 -8 1 1 14  0 1 1 1 0 20 0 12.08 
0.304 4 4.10 4.10 4.1 4.1 0.186 0.129 1.4342 1.6065 0.2570 0.0130 0.103645 -2.441753 1.7283 0 4.1800 0  11 8 33 19 10 -4 -10 23  0 1 1 1 0 20 0 12.07 
0.305 4 4.10 4.10 4.1 4.1 0.196 0.144 1.4342 1.6065 0.2586 0.0132 0.103645 -2.441747 1.7283 0 4.1800 0  -1 21 31 21 4 14 -4 24  0 1 1 1 0 20 0 12.08 
0.306 4 4.10 4.10 4.1 4.1 0.202 0.148 1.4342 1.4872 0.2600 0.0134 0.106236 -2.441740 1.7283 0 4.1800 0  19 36 16 4 2 -10 35 9  0 1 1 1 0 20 0 12.10 
0.307 4 4.10 4.10 4.1 4.1 0.169 0.132 1.4872 1.6065 0.2614 0.0135 0.103645 -2.441736 1.7283 0 4.1800 0  24 23 23 32 28 3 11 17  0 1 1 1 0 20 0 12.08 
0.308 4 4.10 4.10 4.1 4.1 0.175 0.169 1.4872 1.6065 0.2628 0.0136 0.106236 -2.441736 1.7283 0 4.1800 0  8 19 16 28 29 3 0 7  0 1 1 1 0 20 0 12.10 
0.309 4 4.10 4.10 4.1 4.1 0.199 0.158 1.4872 1.6065 0.2644 0.0138 0.106236 -2.441728 1.7283 0 4.1800 0  8 5 22 29 26 9 -5 9  0 1 1 1 0 20 0 12.07 
0.310 4 4.10 4.10 4.1 4.1 0.186 0.184 1.4872 1.6065 0.2656 0.0139 0.106236 -2.441705 1.7283 0 4.1800 0  15 35 3 5 18 13 9 3  0 1 1 1 0 20 0 12.09 
0.311 4 4.10 4.10 4.1 4.1 0.232 0.127 1.4872 1.5446 0.2672 0.0141 0.106236 -2.441692 1.7283 0 4.1800 0  15 9 21 28 11 19 4 10  0 1 1 1 0 20 0 12.07 
0.312 4 4.10 4.10 4.1 4.1 0.168 0.129 1.4342 1.5446 0.2686 0.0143 0.108827 -2.441700 1.7283 0 4.1800 0  3 -8 20 12 38 16 8 3  0 1 1 1 0 20 0 12.09 
0.313 4 4.10 4.10 4.1 4.1 0.165 0.148 1.4872 1.3386 0.2700 0.0144 0.106236 -2.441705 1.7283 0 4.1800 0  3 1 4 25 -16 18 -25 9  0 1 1 1 0 20 0 12.09 
0.314 4 4.10 4.10 4.1 4.1 0.221 0.173 1.4872 1.6065 0.2714 0.0146 0.108827 -2.441694 1.7283 0 4.1800 0  25 12 25 24 32 50 17 47  0 1 1 1 0 20 0 12.10 
0.315 4 4.10 4.10 4.1 4.1 0.207 0.103 1.4872 1.6065 0.2730 0.0147 0.108827 -2.441680 1.7283 0 4.1800 0  16 13 27 27 1 10 23 5  0 1 1 1 0 20 0 12.09 
0.316 4 4.10 4.10 4.1 4.1 0.194 0.131 1.4872 1.6065 0.2744 0.0149 0.111418 -2.441675 1.7283 0 4.1800 0  15 -6 15 6 31 15 -4 -4  0 1 1 1 0 20 0 12.11 
0.317 4 4.10 4.10 4.1 4.1 0.184 0.101 1.4872 1.6065 0.2760 0.0151 0.111418 -2.441668 1.7283 0 4.1800 0  6 10 19 18 -7 11 -5 7  0 1 1 1 0 20 0 12.07 
0.318 4 4.10 4.10 4.1 4.1 0.181 0.151 1.4872 1.6065 0.2772 0.0152 0.111418 -2.441645 1.7283 0 4.1800 0  9 36 30 11 28 27 22 25  0 1 1 1 0 20 0 12.09 
0.319 4 4.10 4.10 4.1 4.1 0.212 0.139 1.4872 1.6732 0.2788 0.0154 0.111418 -2.441619 1.7283 0 4.1800 0  9 -3 14 12 5 13 11 13  0 1 1 1 0 20 0 12.11 
0.320 4 4.10 4.10 4.1 4.1 0.186 0.128 1.4342 1.6065 0.2802 0.0155 0.114009 -2.441612 1.7283 0 4.1800 0  7 -6 17 7 42 15 9 14  0 1 1 1 0 20 0 12.08 
0.321 4 4.10 4.10 4.1 4.1 0.181 0.137 1.5446 1.4872 0.2816 0.0157 0.111418 -2.441618 1.7283 0 4.1800 0  2 6 18 14 10 6 -29 16  0 1 1 1 0 20 0 12.07 
0.322 4 4.10 4.10 4.1 4.1 0.159 0.142 1.4872 1.6065 0.2830 0.0159 0.114009 -2.441613 1.7283 0 4.1800 0  15 25 36 57 13 16 39 14  0 1 1 1 0 20 0 12.08 
0.323 4 4.10 4.10 4.1 4.1 0.222 0.112 1.4342 1.6065 0.2845 0.0160 0.114009 -2.441593 1.7283 0 4.1800 0  0 16 7 24 7 7 8 13  0 1 1 1 0 20 0 12.09 
0.324 4 4.10 4.10 4.1 4.1 0.188 0.109 1.4872 1.6065 0.2859 0.0162 0.116600 -2.441574 1.7283 0 4.1800 0  15 -21 13 18 30 7 0 4  0 1 1 1 0 20 0 12.11 
0.325 4 4.10 4.10 4.1 4.1 0.202 0.120 1.4872 1.6065 0.2875 0.0164 0.116600 -2.441571 1.7283 0 4.1800 0  2 4 15 23 -6 11 -17 9  0 1 1 1 0 20 0 12.09 
0.326 4 4.10 4.10 4.1 4.1 0.184 0.138 1.4872 1.5446 0.2887 0.0165 0.116600 -2.441565 1.7283 0 4.1800 0  25 -3 21 11 23 30 23 21  0 1 1 1 0 20 0 12.08 
0.327 4 4.10 4.10 4.1 4.1 0.176 0.159 1.4342 1.6065 0.2903 0.0167 0.116600 -2.441537 1.7283 0 4.1800 0  11 -16 38 21 17 22 1 4  0 1 1 1 0 20 0 12.09 
0.328 4 4.10 4.10 4.1 4.1 0.170 0.118 1.4872 1.6065 0.2917 0.0169 0.119192 -2.441510 1.7283 0 4.1800 0  23 1 26 42 33 36 -10 4  0 1 1 1 0 20 0 12.08 
0.329 4 4.10 4.10 4.1 4.1 0.211 0.119 1.4872 1.3848 0.2931 0.0171 0.116600 -2.441509 1.7283 0 4.1800 0  10 7 27 15 6 9 -5 4  0 1 1 1 0 20 0 12.09 
0.330 4 4.10 4.10 4.1 4.1 0.178 0.148 1.4342 1.6732 0.2945 0.0172 0.119192 -2.441509 1.7283 0 4.1800 0  7 37 22 23 -1 23 22 24  0 1 1 1 0 20 0 12.08 
0.331 4 4.10 4.10 4.1 4.1 0.153 0.138 1.4342 1.6732 0.2961 0.0174 0.119192 -2.441483 1.7283 0 4.1800 0  32 -8 25 8 33 6 7 14  0 1 1 1 0 20 0 12.09 
0.332 4 4.10 4.10 4.1 4.1 0.189 0.113 1.4872 1.6732 0.2975 0.0176 0.121783 -2.441450 1.7283 0 4.1800 0  3 -26 28 6 37 5 24 7  0 1 1 1 0 20 0 12.09 
0.333 4 4.10 4.10 4.1 4.1 0.176 0.146 1.4872 1.6065 0.2991 0.0178 0.121783 -2.441440 1.7283 0 4.1800 0  15 1 21 14 24 12 16 14  0 1 1 1 0 20 0 12.09 
0.334 4 4.10 4.10 4.1 4.1 0.227 0.117 1.4872 1.5446 0.3003 0.0179 0.121783 -2.441446 1.7283 0 4.1800 0  10 36 24 15 -4 27 18 15  0 1 1 1 0 20 0 12.07 
0.335 4 4.10 4.10 4.1 4.1 0.159 0.138 1.5446 1.6732 0.3019 0.0181 0.121783 -2.441444 1.7283 0 4.1800 0  5 -15 29 16 32 28 -1 16  0 1 1 1 0 20 0 12.11 
0.336 4 4.10 4.10 4.1 4.1 0.195 0.135 1.4872 1.4872 0.3033 0.0183 0.124374 -2.441434 1.7283 0 4.1800 0  10 -1 37 19 32 13 13 17  0 1 1 1 0 20 0 12.08 
0.337 4 4.10 4.10 4.1 4.1 0.196 0.134 1.4872 1.4342 0.3049 0.0185 0.124374 -2.441435 1.7283 0 4.1800 0  19 16 15 8 24 24 14 13  0 1 1 1 0 20 0 12.08 
0.338 4 4.10 4.10 4.1 4.1 0.170 0.156 1.4872 1.6065 0.3061 0.0186 0.124374 -2.441458 1.7283 0 4.1800 0  16 5 2 7 9 9 13 9  0 1 1 1 0 20 0 12.10 
0.339 4 4.10 4.10 4.1 4.1 0.200 0.160 1.4342 1.6065 0.3077 0.0188 0.124374 -2.441475 1.7283 0 4.1800 0  9 13 23 25 5 17 4 7  0 1 1 1 0 20 0 12.09 
0.340 4 4.10 4.10 4.1 4.1 0.147 0.139 1.4872 1.6065 0.3091 0.0190 0.126965 -2.441475 1.7283 0 4.1800 0  12 -4 39 26 -2 22 -20 24  0 1 1 1 0 20 0 12.07 
0.341 4 4.10 4.10 4.1 4.1 0.222 0.162 1.4872 1.6065 0.3107 0.0192 0.126965 -2.441486 1.7283 0 4.1800 0  0 4 17 14 29 -8 11 1  0 1 1 1 0 20 0 12.07 
0.342 4 4.10 4.10 4.1 4.1 0.208 0.124 1.4872 1.6065 0.3119 0.0194 0.126965 -2.441522 1.7283 0 4.1800 0  11 22 8 11 18 12 4 7  0 1 1 1 0 20 0 12.09 
0.343 4 4.10 4.10 4.1 4.1 0.201 0.127 1.4872 1.6065 0.3135 0.0196 0.126965 -2.441550 1.7283 0 4.1800 0  18 9 18 17 30 18 -5 10  0 1 1 1 0 20 0 12.10 
0.344 4 4.10 4.10 4.1 4.1 0.161 0.135 1.4872 1.6065 0.3148 0.0197 0.129556 -2.441556 1.7283 0 4.1800 0  7 6 42 30 -12 19 -7 20  0 1 1 1 0 20 0 12.08 
0.345 4 4.10 4.10 4.1 4.1 0.165 0.096 1.4872 1.5446 0.3164 0.0200 0.129556 -2.441563 1.7283 0 4.1800 0  12 17 20 16 -4 7 16 10  0 1 1 1 0 20 0 12.10 
0.346 4 4.10 4.10 4.1 4.1 0.166 0.122 1.4872 1.4342 0.3176 0.0201 0.129556 -2.441587 1.7283 0 4.1800 0  21 33 20 15 -7 13 3 22  0 1 1 1 0 20 0 12.09 
0.347 4 4.10 4.10 4.1 4.1 0.200 0.120 1.4872 1.6065 0.3192 0.0203 0.129556 -2.441618 1.7283 0 4.1800 0  4 -1 15 24 19 6 -13 19  0 1 1 1 0 20 0 12.09 
0.348 4 4.10 4.10 4.1 4.1 0.185 0.151 1.4872 1.6732 0.3206 0.0205 0.132147 -2.441633 1.7283 0 4.1800 0  19 6 38 34 7 21 -12 26  0 1 1 1 0 20 0 12.07 
0.349 4 4.10 4.10 4.1 4.1 0.159 0.161 1.5446 1.5446 0.3222 0.0207 0.132147 -2.441636 1.7283 0 4.1800 0  19 1 26 6 30 11 6 23  0 1 1 1 0 20 0 12.09 
0.350 4 4.10 4.10 4.1 4.1 0.226 0.131 1.4872 1.5446 0.3238 0.0209 0.132147 -2.441647 1.7283 0 4.1800 0  15 1 16 -3 13 5 -6 26  0 1 1 1 0 20 0 12.09 
0.351 4 4.10 4.10 4.1 4.1 0.207 0.093 1.4872 1.6065 0.3250 0.0211 0.132147 -2.441667 1.7283 0 4.1800 0  13 20 37 26 35 42 -4 15  0 1 1 1 0 20 0 12.09 
0.352 4 4.10 4.10 4.1 4.1 0.221 0.155 1.4872 1.6065 0.3266 0.0213 0.132147 -2.441681 1.7283 0 4.1800 0  6 16 28 24 14 9 9 7  0 1 1 1 0 20 0 12.08 
0.353 4 4.10 4.10 4.1 4.1 0.169 0.124 1.4342 1.6065 0.3280 0.0215 0.134738 -2.441683 1.7283 0 4.1800 0  6 9 24 40 -3 15 4 6  0 1 1 1 0 20 0 12.07 
0.354 4 4.10 4.10 4.1 4.1 0.177 0.142 1.4872 1.6065 0.3296 0.0217 0.134738 -2.441693 1.7283 0 4.1800 0  -17 21 18 5 -3 6 11 4  0 1 1 1 0 20 0 12.08 
0.355 4 4.10 4.10 4.1 4.1 0.175 0.124 1.4872 1.6065 0.3308 0.0219 0.134738 -2.441718 1.7283 0 4.1800 0  23 21 45 35 33 43 5 36  0 1 1 1 0 20 0 12.09 
0.356 4 4.10 4.10 4.1 4.1 0.212 0.142 1.4872 1.6732 0.3324 0.0221 0.134738 -2.441733 1.7283 0 4.1800 0  -11 37 13 30 10 18 -9 17  0 1 1 1 0 20 0 12.10 
0.357 4 4.10 4.10 4.1 4.1 0.196 0.143 1.4872 1.6732 0.3338 0.0223 0.137329 -2.441729 1.7283 0 4.1800 0  3 9 21 14 37 10 -4 7  0 1 1 1 0 20 0 12.07 
0.358 4 4.10 4.10 4.1 4.1 0.162 0.116 1.4872 1.6065 0.3353 0.0225 0.137329 -2.441731 1.7283 0 4.1800 0  -2 30 15 1 -7 14 -1 4  0 1 1 1 0 20 0 12.08 
0.359 4 4.10 4.10 4.1 4.1 0.203 0.129 1.4872 1.5446 0.3365 0.0227 0.137329 -2.441744 1.7283 0 4.1800 0  23 12 32 36 11 30 9 26  0 1 1 1 0 20 0 12.09 
0.360 4 4.10 4.10 4.1 4.1 0.192 0.154 1.5446 1.6065 0.3381 0.0229 0.137329 -2.441751 1.7283 0 4.1800 0  7 -22 33 26 10 16 0 7  0 1 1 1 0 20 0 12.10 
0.361 4 4.10 4.10 4.1 4.1 0.205 0.146 1.4872 1.6065 0.3395 0.0231 0.139921 -2.441746 1.7283 0 4.1800 0  18 5 3 3 17 9 12 20  0 1 1 1 0 20 0 12.10 
0.362 4 4.10 4.10 4.1 4.1 0.163 0.105 1.5446 1.5446 0.3411 0.0233 0.139921 -2.441733 1.7283 0 4.1800 0  0 28 17 5 -14 -5 14 -4  0 1 1 1 0 20 0 12.10 
0.363 4 4.10 4.10 4.1 4.1 0.155 0.120 1.4872 1.6065 0.3423 0.0235 0.139921 -2.441727 1.7283 0 4.1800 0  24 10 46 41 13 21 0 27  0 1 1 1 0 20 0 12.08 
0.364 4 4.10 4.10 4.1 4.1 0.203 0.112 1.4872 1.6065 0.3439 0.0237 0.139921 -2.441719 1.7283 0 4.1800 0  7 13 23 39 -3 5 -4 4  0 1 1 1 0 20 0 12.08 
0.365 4 4.10 4.10 4.1 4.1 0.131 0.145 1.4872 1.6732 0.3453 0.0239 0.142512 -2.441699 1.7283 0 4.1800 0  17 8 18 -2 25 10 32 6  0 1 1 1 0 20 0 12.09 
0.366 4 4.10 4.10 4.1 4.1 0.210 0.129 1.4872 1.6065 0.3469 0.0241 0.142512 -2.441677 1.7283 0 4.1800 0  7 20 9 4 -24 3 12 -13  0 1 1 1 0 20 0 12.09 
0.367 4 4.10 4.10 4.1 4.1 0.154 0.112 1.4872 1.6732 0.3483 0.0243 0.145103 -2.441673 1.7283 0 4.1800 0  5 26 36 44 7 29 19 16  0 1 1 1 0 20 0 12.08 
0.368 4 4.10 4.10 4.1 4.1 0.184 0.119 1.4872 1.6732 0.3497 0.0245 0.142512 -2.441676 1.7283 0 4.1800 0  1 17 24 26 13 1 6 21  0 1 1 1 0 20 0 12.09 
0.369 4 4.10 4.10 4.1 4.1 0.202 0.120 1.3848 1.6065 0.3513 0.0247 0.142512 -2.441666 1.7283 0 4.1800 0  11 0 24 36 17 -4 29 -2  0 1 1 1 0 20 0 12.08 
0.370 4 4.10 4.10 4.1 4.1 0.210 0.141 1.4872 1.6065 0.3526 0.0249 0.145103 -2.441644 1.7283 0 4.1800 0  10 27 26 2 -12 10 6 10  0 1 1 1 0 20 0 12.11 
0.371 4 4.10 4.10 4.1 4.1 0.188 0.133 1.4872 1.6065 0.3542 0.0252 0.145103 -2.441633 1.7283 0 4.1800 0  5 15 30 30 18 5 3 24  0 1 1 1 0 20 0 12.09 
0.372 4 4.10 4.10 4.1 4.1 0.136 0.114 1.4342 1.6065 0.3554 0.0253 0.145103 -2.441631 1.7283 0 4.1800 0  12 17 24 2 1 6 18 2  0 1 1 1 0 20 0 12.10 
0.373 4 4.10 4.10 4.1 4.1 0.192 0.183 1.4342 1.6732 0.3570 0.0256 0.145103 -2.441622 1.7283 0 4.1800 0  13 3 19 19 29 -18 34 3  0 1 1 1 0 20 0 12.09 
0.374 4 4.10 4.10 4.1 4.1 0.196 0.135 1.5446 1.6065 0.3584 0.0258 0.147694 -2.441600 1.7283 0 4.1800 0  18 27 18 10 -7 13 -13 16  0 1 1 1 0 20 0 12.09 
0.375 4 4.10 4.10 4.1 4.1 0.149 0.140 1.4872 1.6065 0.3600 0.0260 0.147694 -2.441581 1.7283 0 4.1800 0  25 18 22 32 16 35 12 20  0 1 1 1 0 20 0 12.10 
0.376 4 4.10 4.10 4.1 4.1 0.197 0.124 1.5446 1.6065 0.3612 0.0262 0.147694 -2.441575 1.7283 0 4.1800 0  3 15 11 -6 24 11 34 13  0 1 1 1 0 20 0 12.11 
0.377 4 4.10 4.10 4.1 4.1 0.173 0.116 1.4872 1.5446 0.3628 0.0264 0.147694 -2.441561 1.7283 0 4.1800 0  -2 7 8 15 8 18 2 18  0 1 1 1 0 20 0 12.11 
0.378 4 4.10 4.10 4.1 4.1 0.186 0.165 1.4872 1.5446 0.3642 0.0266 0.150285 -2.441533 1.7283 0 4.1800 0  7 6 17 37 14 8 16 40  0 1 1 1 0 20 0 12.08 
0.379 4 4.10 4.10 4.1 4.1 0.182 0.123 1.4872 1.6065 0.3658 0.0269 0.150285 -2.441508 1.7283 0 4.1800 0  15 22 18 23 18 24 -4 16  0 1 1 1 0 20 0 12.10 
0.380 4 4.10 4.10 4.1 4.1 0.202 0.134 1.4342 1.4872 0.3669 0.0271 0.150285 -2.441507 1.7283 0 4.1800 0  13 13 28 22 9 14 10 14  0 1 1 1 0 20 0 12.09 
0.381 4 4.10 4.10 4.1 4.1 0.184 0.104 1.4872 1.6732 0.3685 0.0273 0.150285 -2.441516 1.7283 0 4.1800 0  14 -11 16 32 30 -3 21 13  0 1 1 1 0 20 0 12.09 
0.382 4 4.10 4.10 4.1 4.1 0.199 0.139 1.3848 1.6732 0.3701 0.0275 0.150285 -2.441511 1.7283 0 4.1800 0  14 31 -2 0 18 6 15 10  0 1 1 1 0 20 0 12.09 
0.383 4 4.10 4.10 4.1 4.1 0.181 0.142 1.4872 1.6732 0.3715 0.0278 0.152876 -2.441495 1.7283 0 4.1800 0  15 10 27 18 43 12 8 21  0 1 1 1 0 20 0 12.08 
0.384 4 4.10 4.10 4.1 4.1 0.146 0.127 1.4872 1.6732 0.3731 0.0280 0.152876 -2.441492 1.7283 0 4.1800 0  -11 26 5 8 23 -9 9 10  0 1 1 1 0 20 0 12.09 
0.385 4 4.10 4.10 4.1 4.1 0.131 0.127 1.4872 1.5446 0.3743 0.0282 0.152876 -2.441497 1.7283 0 4.1800 0  15 5 40 24 -2 21 -16 12  0 1 1 1 0 20 0 12.10 
0.386 4 4.10 4.10 4.1 4.1 0.196 0.132 1.5446 1.6065 0.3759 0.0284 0.152876 -2.441488 1.7283 0 4.1800 0  22 9 28 -5 5 4 12 -6  0 1 1 1 0 20 0 12.09 
0.387 4 4.10 4.10 4.1 4.1 0.178 0.097 1.4872 1.4872 0.3773 0.0286 0.155467 -2.441472 1.7283 0 4.1800 0  14 10 27 28 8 15 -1 5  0 1 1 1 0 20 0 12.11 
0.388 4 4.10 4.10 4.1 4.1 0.184 0.146 1.4872 1.3386 0.3789 0.0289 0.155467 -2.441472 1.7283 0 4.1800 0  4 -15 21 6 56 -2 9 13  0 1 1 1 0 20 0 12.09 
