%% logfile from robot 32
%  1    time 0.000 sec
%  2    mission (0) state 2
%  3  4 Motor velocity ref left, right: 2.10 2.10
%  5  6 Motor voltage [V] left, right: 2.1 2.1
%  7  8 Motor current left, right [A]: 0.011 0.010
%  9 10 Wheel velocity [m/s] left, right: 0.0000 0.0000
% 11 12 13 14 Pose x,y,h,tilt [m,m,rad,rad]: 0.0000 0.0000 0.000000 -2.446083
% 15 .. 34 Line sensor: left 0.000000 0, right 0.000000 0, values 5 32 13 16 10 16 3 10, white 0, used 1, LEDhigh=1, xb=1 xw=0 xbc=20 xwc=0
% 34    Battery voltage [V]: 12.20
0.001 2 2.10 2.10 2.1 2.1 0.086 0.137 0.0000 0.0000 0.0000 0.0000 0.000000 -2.446082 0.0000 0 0.0000 0  9 10 17 -16 9 -2 13 -1  0 1 1 1 0 20 0 12.17 
0.002 2 2.10 2.10 2.1 2.1 0.295 0.298 0.0000 0.0000 0.0000 0.0000 0.000000 -2.446085 0.0000 0 0.0000 0  5 26 15 -6 23 29 12 16  0 1 1 1 0 20 0 12.13 
0.003 2 2.10 2.10 2.1 2.1 0.390 0.462 0.0000 0.0000 0.0000 0.0000 0.000000 -2.446095 0.0000 0 0.0000 0  33 13 19 15 33 37 14 35  0 1 1 1 0 20 0 12.11 
0.004 2 2.10 2.10 2.1 2.1 0.466 0.537 0.0000 0.0000 0.0002 -0.0000 -0.002591 -2.446107 0.0000 0 0.0000 0  5 4 -12 12 20 11 12 16  0 1 1 1 0 20 0 12.10 
0.005 2 2.10 2.10 2.1 2.1 0.491 0.498 0.0000 0.0000 0.0004 -0.0000 0.000000 -2.446112 0.0000 0 0.0000 0  9 11 4 -4 14 0 9 -9  0 1 1 1 0 20 0 12.09 
0.006 2 2.10 2.10 2.1 2.1 0.504 0.518 0.0000 0.0000 0.0004 -0.0000 0.000000 -2.446112 0.0000 0 0.0000 0  0 7 3 -10 11 23 2 34  0 1 1 1 0 20 0 12.09 
0.007 2 2.10 2.10 2.1 2.1 0.485 0.476 0.1012 0.0000 0.0006 -0.0000 -0.002591 -2.446109 0.0000 0 0.0000 0  46 29 27 22 40 65 29 37  0 1 1 1 0 20 0 12.10 
0.008 2 2.10 2.10 2.1 2.1 0.435 0.450 0.1012 0.1402 0.0008 -0.0000 0.000000 -2.446102 0.0000 0 0.0000 0  -5 5 23 -5 29 30 9 27  0 1 1 1 0 20 0 12.09 
0.009 2 2.10 2.10 2.1 2.1 0.460 0.481 0.1012 0.1402 0.0008 -0.0000 0.000000 -2.446098 0.0000 0 0.0000 0  39 8 1 17 28 22 15 33  0 1 1 1 0 20 0 12.10 
0.010 2 2.10 2.10 2.1 2.1 0.461 0.421 0.1639 0.2181 0.0012 -0.0000 0.000000 -2.446096 0.0000 0 0.0000 0  -19 20 4 1 29 14 4 10  0 1 1 1 0 20 0 12.10 
0.011 2 2.10 2.10 2.1 2.1 0.393 0.423 0.1639 0.2048 0.0012 -0.0000 0.000000 -2.446093 0.0000 0 0.0000 0  25 26 27 17 41 52 26 34  0 1 1 1 0 20 0 12.10 
0.012 2 2.10 2.10 2.1 2.1 0.373 0.399 0.2321 0.2008 0.0016 -0.0000 0.000000 -2.446092 0.0000 0 0.0000 0  -1 21 13 -12 28 22 15 8  0 1 1 1 0 20 0 12.11 
0.013 2 2.10 2.10 2.1 2.1 0.373 0.363 0.2462 0.2952 0.0020 -0.0000 0.000000 -2.446089 0.0000 0 0.0000 0  3 22 18 -17 23 15 10 10  0 1 1 1 0 20 0 12.11 
0.014 2 2.10 2.10 2.1 2.1 0.404 0.356 0.2462 0.3088 0.0022 -0.0000 0.002591 -2.446089 0.0000 0 0.0000 0  6 2 0 -1 11 10 6 8  0 1 1 1 0 20 0 12.11 
0.015 2 2.10 2.10 2.1 2.1 0.401 0.390 0.3016 0.3430 0.0026 0.0000 0.002591 -2.446092 0.0000 0 0.0000 0  39 33 18 11 44 56 19 27  0 1 1 1 0 20 0 12.11 
0.016 2 2.10 2.10 2.1 2.1 0.337 0.320 0.3289 0.3430 0.0028 0.0000 0.000000 -2.446094 0.0000 0 0.0000 0  1 16 16 11 18 32 12 25  0 1 1 1 0 20 0 12.12 
0.017 2 2.10 2.10 2.1 2.1 0.335 0.348 0.3402 0.2787 0.0032 0.0000 0.000000 -2.446090 0.0000 0 0.0000 0  -2 5 7 -31 20 14 2 -8  0 1 1 1 0 20 0 12.11 
0.018 2 2.10 2.10 2.1 2.1 0.429 0.370 0.3213 0.3896 0.0036 0.0000 0.000000 -2.446087 0.0000 0 0.0000 0  -9 12 -2 -12 20 4 -11 33  0 1 1 1 0 20 0 12.11 
0.019 2 2.10 2.10 2.1 2.1 0.312 0.318 0.3715 0.3430 0.0040 0.0000 0.000000 -2.446086 0.0000 0 0.0000 0  14 18 19 1 18 22 11 21  0 1 1 1 0 20 0 12.12 
0.020 2 2.10 2.10 2.1 2.1 0.264 0.314 0.3550 0.3823 0.0044 0.0000 0.000000 -2.446082 0.0000 0 0.0000 0  16 13 22 -11 30 9 8 11  0 1 1 1 0 20 0 12.12 
0.021 2 2.10 2.10 2.1 2.1 0.249 0.349 0.3550 0.3896 0.0048 0.0000 0.000000 -2.446084 0.0000 0 0.0000 0  14 19 9 -15 15 -3 17 20  0 1 1 1 0 20 0 12.12 
0.022 2 2.10 2.10 2.1 2.1 0.304 0.265 0.3936 0.4181 0.0050 0.0000 0.002591 -2.446088 0.0000 0 0.0000 0  19 6 13 -4 5 -1 3 -4  0 1 1 1 0 20 0 12.10 
0.023 2 2.10 2.10 2.1 2.1 0.332 0.335 0.3651 0.4269 0.0054 0.0000 0.002591 -2.446092 0.0000 0 0.0000 0  3 23 23 -16 20 14 13 10  0 1 1 1 0 20 0 12.12 
0.024 2 2.10 2.10 2.1 2.1 0.280 0.255 0.3896 0.4510 0.0058 0.0000 0.002591 -2.446099 0.0000 0 0.0000 0  1 17 14 -20 24 19 5 0  0 1 1 1 0 20 0 12.12 
0.025 2 2.10 2.10 2.1 2.1 0.260 0.238 0.4225 0.4462 0.0066 0.0000 0.002591 -2.446104 0.0000 0 0.0000 0  29 9 7 -21 30 25 15 25  0 1 1 1 0 20 0 12.12 
0.026 2 2.10 2.10 2.1 2.1 0.244 0.295 0.4225 0.3823 0.0070 0.0000 0.002591 -2.446107 0.0000 0 0.0000 0  13 18 20 -7 10 28 4 41  0 1 1 1 0 20 0 12.13 
0.027 2 2.10 2.10 2.1 2.1 0.264 0.231 0.4410 0.4410 0.0074 0.0000 0.002591 -2.446102 0.0000 0 0.0000 0  26 30 7 7 29 53 9 18  0 1 1 1 0 20 0 12.13 
0.028 2 2.10 2.10 2.1 2.1 0.215 0.262 0.4317 0.4615 0.0078 0.0000 0.002591 -2.446093 0.0000 0 0.0000 0  6 11 7 -18 5 37 5 32  0 1 1 1 0 20 0 12.13 
0.029 2 2.10 2.10 2.1 2.1 0.205 0.227 0.4510 0.4956 0.0082 0.0000 0.002591 -2.446085 0.0000 0 0.0000 0  8 20 24 -10 33 44 17 50  0 1 1 1 0 20 0 12.13 
0.030 2 2.10 2.10 2.1 2.1 0.210 0.180 0.4615 0.4723 0.0088 0.0000 0.005182 -2.446080 0.0000 0 0.0000 0  -2 17 -18 -9 13 8 1 4  0 1 1 1 0 20 0 12.13 
0.031 2 2.10 2.10 2.1 2.1 0.264 0.229 0.4779 0.4896 0.0092 0.0000 0.005182 -2.446071 0.0000 0 0.0000 0  20 24 13 -6 14 8 4 10  0 1 1 1 0 20 0 12.11 
0.032 2 2.10 2.10 2.1 2.1 0.245 0.213 0.4836 0.5281 0.0098 0.0000 0.002591 -2.446058 0.0000 0 0.0000 0  7 14 3 -20 5 24 11 30  0 1 1 1 0 20 0 12.11 
0.033 2 2.10 2.10 2.1 2.1 0.226 0.173 0.5081 0.5213 0.0102 0.0000 0.002591 -2.446040 0.0000 0 0.0000 0  23 42 9 8 31 52 12 37  0 1 1 1 0 20 0 12.13 
0.034 2 2.10 2.10 2.1 2.1 0.240 0.283 0.5149 0.5020 0.0108 0.0000 0.005182 -2.446017 0.0000 0 0.0000 0  19 18 10 -22 21 23 16 23  0 1 1 1 0 20 0 12.14 
0.035 2 2.10 2.10 2.1 2.1 0.278 0.239 0.4836 0.5426 0.0112 0.0000 0.005182 -2.445992 0.0000 0 0.0000 0  22 13 12 5 37 45 14 29  0 1 1 1 0 20 0 12.14 
0.036 2 2.10 2.10 2.1 2.1 0.220 0.213 0.5281 0.5820 0.0120 0.0000 0.005182 -2.445965 0.0000 0 0.0000 0  37 26 12 -1 18 28 2 33  0 1 1 1 0 20 0 12.13 
0.037 2 2.10 2.10 2.1 2.1 0.178 0.267 0.5354 0.5354 0.0125 0.0000 0.005182 -2.445943 0.0000 0 0.0000 0  33 30 -2 29 24 33 8 27  0 1 1 1 0 20 0 12.14 
0.038 2 2.10 2.10 2.1 2.1 0.214 0.154 0.4956 0.5735 0.0129 0.0000 0.005182 -2.445919 0.0000 0 0.0000 0  29 20 7 -16 13 -4 13 -10  0 1 1 1 0 20 0 12.13 
0.039 2 2.10 2.10 2.1 2.1 0.247 0.202 0.5213 0.5820 0.0135 0.0000 0.007773 -2.445892 0.0000 0 0.0000 0  10 43 25 34 2 4 10 0  0 1 1 1 0 20 0 12.12 
0.040 2 2.10 2.10 2.1 2.1 0.201 0.200 0.5354 0.5575 0.0141 0.0000 0.005182 -2.445867 0.0000 0 0.0000 0  6 21 15 12 17 40 2 16  0 1 1 1 0 20 0 12.13 
0.041 2 2.10 2.10 2.1 2.1 0.159 0.126 0.5655 0.5655 0.0147 0.0000 0.007773 -2.445846 0.0000 0 0.0000 0  7 18 25 -15 19 17 16 14  0 1 1 1 0 20 0 12.12 
0.042 2 2.10 2.10 2.1 2.1 0.207 0.184 0.5575 0.6085 0.0153 0.0000 0.005182 -2.445825 0.0000 0 0.0000 0  13 26 -7 -11 16 17 7 12  0 1 1 1 0 20 0 12.13 
0.043 2 2.10 2.10 2.1 2.1 0.234 0.175 0.5655 0.5575 0.0157 0.0000 0.005182 -2.445806 0.0000 0 0.0000 0  32 22 10 4 12 39 16 41  0 1 1 1 0 20 0 12.13 
0.044 2 2.10 2.10 2.1 2.1 0.209 0.135 0.5426 0.5992 0.0163 0.0001 0.007773 -2.445787 0.0000 0 0.0000 0  20 35 49 -4 20 10 5 41  0 1 1 1 0 20 0 12.13 
0.045 2 2.10 2.10 2.1 2.1 0.207 0.223 0.5575 0.5992 0.0169 0.0001 0.005182 -2.445768 0.0000 0 0.0000 0  17 20 21 -12 31 33 16 31  0 1 1 1 0 20 0 12.13 
0.046 2 2.10 2.10 2.1 2.1 0.175 0.177 0.5735 0.6273 0.0175 0.0001 0.007773 -2.445750 0.0000 0 0.0000 0  -5 20 0 -18 16 16 9 -8  0 1 1 1 0 20 0 12.13 
0.047 2 2.10 2.10 2.1 2.1 0.212 0.186 0.5735 0.6474 0.0183 0.0001 0.007773 -2.445742 0.0000 0 0.0000 0  2 11 8 -27 29 14 13 -1  0 1 1 1 0 20 0 12.12 
0.048 2 2.10 2.10 2.1 2.1 0.163 0.188 0.5735 0.5904 0.0187 0.0001 0.007773 -2.445747 0.0000 0 0.0000 0  33 41 7 22 26 59 18 26  0 1 1 1 0 20 0 12.13 
0.049 2 2.10 2.10 2.1 2.1 0.127 0.083 0.5904 0.6273 0.0193 0.0001 0.010364 -2.445754 0.0000 0 0.0000 0  5 11 31 9 19 31 11 19  0 1 1 1 0 20 0 12.14 
0.050 2 2.10 2.10 2.1 2.1 0.194 0.187 0.5820 0.6583 0.0199 0.0001 0.007773 -2.445758 0.0000 0 0.0000 0  24 11 0 -16 25 26 7 20  0 1 1 1 0 20 0 12.14 
0.051 2 2.10 2.10 2.1 2.1 0.238 0.162 0.5904 0.6273 0.0205 0.0001 0.010364 -2.445770 0.0000 0 0.0000 0  1 11 9 -31 5 -7 0 -12  0 1 1 1 0 20 0 12.15 
0.052 2 2.10 2.10 2.1 2.1 0.169 0.120 0.5735 0.6474 0.0211 0.0001 0.007773 -2.445796 0.0000 0 0.0000 0  52 33 4 12 33 37 15 39  0 1 1 1 0 20 0 12.14 
0.053 2 2.10 2.10 2.1 2.1 0.125 0.173 0.5904 0.5904 0.0217 0.0001 0.010364 -2.445829 0.0000 0 0.0000 0  24 24 18 -18 12 10 21 3  0 1 1 1 0 20 0 12.14 
0.054 2 2.10 2.10 2.1 2.1 0.141 0.107 0.5992 0.6374 0.0223 0.0001 0.007773 -2.445861 0.0000 0 0.0000 0  7 19 16 -16 24 2 9 6  0 1 1 1 0 20 0 12.13 
0.055 2 2.10 2.10 2.1 2.1 0.211 0.158 0.6177 0.6583 0.0229 0.0001 0.010364 -2.445895 0.0000 0 0.0000 0  30 8 -10 -25 7 23 1 1  0 1 1 1 0 20 0 12.14 
0.056 2 2.10 2.10 2.1 2.1 0.222 0.192 0.5992 0.6804 0.0237 0.0001 0.010364 -2.445932 0.0000 0 0.0000 0  41 32 23 5 34 24 29 27  0 1 1 1 0 20 0 12.14 
0.057 2 2.10 2.10 2.1 2.1 0.138 0.115 0.6177 0.6804 0.0243 0.0001 0.012956 -2.445970 0.0000 0 0.0000 0  29 10 -4 -2 19 33 8 13  0 1 1 1 0 20 0 12.13 
0.058 2 2.10 2.10 2.1 2.1 0.120 0.137 0.6177 0.6474 0.0249 0.0001 0.010364 -2.446005 0.0000 0 0.0000 0  7 19 7 12 16 40 14 39  0 1 1 1 0 20 0 12.12 
0.059 2 2.10 2.10 2.1 2.1 0.186 0.098 0.5992 0.6085 0.0255 0.0001 0.012956 -2.446037 0.0000 0 0.0000 0  -5 7 29 -21 3 19 -7 13  0 1 1 1 0 20 0 12.15 
0.060 2 2.10 2.10 2.1 2.1 0.225 0.093 0.6085 0.6691 0.0261 0.0001 0.010364 -2.446071 0.0000 0 0.0000 0  30 34 21 -3 30 21 29 12  0 1 1 1 0 20 0 12.14 
0.061 2 2.10 2.10 2.1 2.1 0.165 0.191 0.6273 0.6924 0.0267 0.0002 0.012956 -2.446104 0.0000 0 0.0000 0  32 18 10 -3 28 47 9 31  0 1 1 1 0 20 0 12.15 
0.062 2 2.10 2.10 2.1 2.1 0.124 0.102 0.6273 0.6924 0.0275 0.0002 0.012956 -2.446134 0.0000 0 0.0000 0  26 20 0 -29 13 0 7 -1  0 1 1 1 0 20 0 12.14 
0.063 2 2.10 2.10 2.1 2.1 0.087 0.137 0.6085 0.6583 0.0279 0.0002 0.012956 -2.446163 0.0000 0 0.0000 0  25 23 17 -27 10 9 7 -13  0 1 1 1 0 20 0 12.15 
0.064 2 2.10 2.10 2.1 2.1 0.142 0.120 0.6273 0.6804 0.0287 0.0002 0.012956 -2.446186 0.0000 0 0.0000 0  19 25 19 -20 16 21 13 -3  0 1 1 1 0 20 0 12.14 
0.065 2 2.10 2.10 2.1 2.1 0.177 0.089 0.5735 0.6374 0.0293 0.0002 0.015547 -2.446211 0.0000 0 0.0000 0  43 37 0 18 27 36 6 28  0 1 1 1 0 20 0 12.15 
0.066 2 2.10 2.10 2.1 2.1 0.167 0.168 0.6273 0.6924 0.0299 0.0002 0.012956 -2.446239 0.0000 0 0.0000 0  18 16 10 1 27 27 5 35  0 1 1 1 0 20 0 12.14 
0.067 2 2.10 2.10 2.1 2.1 0.120 0.116 0.6583 0.7302 0.0307 0.0002 0.012956 -2.446261 0.0000 0 0.0000 0  24 34 8 -2 21 29 6 17  0 1 1 1 0 20 0 12.14 
0.068 2 2.10 2.10 2.1 2.1 0.135 0.097 0.6177 0.7044 0.0313 0.0002 0.015547 -2.446280 0.0000 0 0.0000 0  28 38 12 -16 20 27 12 17  0 1 1 1 0 20 0 12.14 
0.069 2 2.10 2.10 2.1 2.1 0.168 0.116 0.6583 0.7169 0.0321 0.0002 0.015547 -2.446298 0.0000 0 0.0000 0  13 23 21 -10 29 14 2 14  0 1 1 1 0 20 0 12.14 
0.070 2 2.10 2.10 2.1 2.1 0.150 0.093 0.6273 0.6691 0.0325 0.0002 0.015547 -2.446312 0.0000 0 0.0000 0  30 20 19 -16 10 23 14 18  0 1 1 1 0 20 0 12.13 
0.071 2 2.10 2.10 2.1 2.1 0.154 0.135 0.6374 0.6924 0.0333 0.0002 0.015547 -2.446326 0.0000 0 0.0000 0  28 22 18 18 25 38 20 43  0 1 1 1 0 20 0 12.14 
0.072 2 2.10 2.10 2.1 2.1 0.108 0.107 0.6474 0.6691 0.0341 0.0003 0.015547 -2.446351 0.0000 0 0.0000 0  11 26 -8 -10 25 8 1 11  0 1 1 1 0 20 0 12.14 
0.073 2 2.10 2.10 2.1 2.1 0.107 0.079 0.6804 0.7169 0.0345 0.0003 0.015547 -2.446376 0.0000 0 0.0000 0  38 23 22 14 32 24 8 28  0 1 1 1 0 20 0 12.14 
0.074 2 2.10 2.10 2.1 2.1 0.132 0.134 0.6691 0.7434 0.0353 0.0003 0.015547 -2.446392 0.0000 0 0.0000 0  39 13 9 -17 9 44 14 47  0 1 1 1 0 20 0 12.13 
0.075 2 2.10 2.10 2.1 2.1 0.139 0.106 0.6374 0.7302 0.0361 0.0003 0.015547 -2.446406 0.0000 0 0.0000 0  37 17 7 -9 17 30 2 9  0 1 1 1 0 20 0 12.14 
0.076 2 2.10 2.10 2.1 2.1 0.166 0.093 0.6583 0.7434 0.0367 0.0003 0.018138 -2.446420 0.0000 0 0.0000 0  10 26 18 -19 27 19 6 14  0 1 1 1 0 20 0 12.14 
0.077 2 2.10 2.10 2.1 2.1 0.101 0.138 0.6583 0.6804 0.0373 0.0003 0.015547 -2.446436 0.0000 0 0.0000 0  22 24 20 6 25 29 12 20  0 1 1 1 0 20 0 12.14 
0.078 2 2.10 2.10 2.1 2.1 0.124 0.037 0.6474 0.7169 0.0380 0.0003 0.018138 -2.446455 0.0000 0 0.0000 0  -10 28 12 -3 12 39 19 37  0 1 1 1 0 20 0 12.15 
0.079 2 2.10 2.10 2.1 2.1 0.159 0.122 0.6583 0.6583 0.0388 0.0003 0.018138 -2.446467 0.0000 0 0.0000 0  16 31 13 -30 17 26 15 -10  0 1 1 1 0 20 0 12.15 
0.080 2 2.10 2.10 2.1 2.1 0.122 0.127 0.6474 0.7302 0.0396 0.0003 0.018138 -2.446479 0.0000 0 0.0000 0  33 20 14 -12 23 22 2 47  0 1 1 1 0 20 0 12.15 
0.081 2 2.10 2.10 2.1 2.1 0.115 0.056 0.6691 0.6374 0.0400 0.0004 0.018138 -2.446508 0.0000 0 0.0000 0  44 24 23 18 12 29 5 27  0 1 1 1 0 20 0 12.15 
0.082 2 2.10 2.10 2.1 2.1 0.079 0.113 0.6804 0.7169 0.0408 0.0004 0.018138 -2.446545 0.0000 0 0.0000 0  24 21 20 -1 25 36 6 31  0 1 1 1 0 20 0 12.15 
0.083 2 2.10 2.10 2.1 2.1 0.127 0.073 0.6583 0.7302 0.0416 0.0004 0.018138 -2.446579 0.0000 0 0.0000 0  38 35 24 10 23 27 -3 29  0 1 1 1 0 20 0 12.15 
0.084 2 2.10 2.10 2.1 2.1 0.158 0.110 0.6474 0.7575 0.0422 0.0004 0.020729 -2.446609 0.0000 0 0.0000 0  27 17 13 -6 16 12 11 27  0 1 1 1 0 20 0 12.14 
0.085 2 2.10 2.10 2.1 2.1 0.163 0.184 0.6924 0.7723 0.0430 0.0004 0.020729 -2.446636 0.0000 0 0.0000 0  13 30 30 -15 24 17 9 23  0 1 1 1 0 20 0 12.14 
0.086 2 2.10 2.10 2.1 2.1 0.113 0.040 0.6273 0.7434 0.0438 0.0004 0.020729 -2.446669 0.0000 0 0.0000 0  21 22 13 -15 15 3 14 -2  0 1 1 1 0 20 0 12.15 
0.087 2 2.10 2.10 2.1 2.1 0.123 0.111 0.6691 0.6583 0.0442 0.0004 0.020729 -2.446707 0.0000 0 0.0000 0  20 15 8 33 24 18 14 38  0 1 1 1 0 20 0 12.14 
0.088 2 2.10 2.10 2.1 2.1 0.179 0.082 0.6691 0.7169 0.0450 0.0005 0.020729 -2.446737 0.0000 0 0.0000 0  31 22 29 1 25 3 11 7  0 1 1 1 0 20 0 12.15 
0.089 2 2.10 2.10 2.1 2.1 0.124 0.108 0.6474 0.7044 0.0456 0.0005 0.023320 -2.446762 0.0000 0 0.0000 0  28 42 15 -12 30 9 9 -5  0 1 1 1 0 20 0 12.14 
0.090 2 2.10 2.10 2.1 2.1 0.118 0.116 0.6691 0.7044 0.0464 0.0005 0.023320 -2.446803 0.0000 0 0.0000 0  -12 28 11 -25 16 17 11 -12  0 1 1 1 0 20 0 12.15 
0.091 2 2.10 2.10 2.1 2.1 0.059 0.024 0.6691 0.7434 0.0470 0.0005 0.020729 -2.446848 0.0000 0 0.0000 0  18 27 29 -10 24 14 6 24  0 1 1 1 0 20 0 12.14 
0.092 2 2.10 2.10 2.1 2.1 0.105 0.105 0.6804 0.7575 0.0476 0.0005 0.023320 -2.446886 0.0000 0 0.0000 0  9 2 -4 -47 5 17 -9 -1  0 1 1 1 0 20 0 12.15 
0.093 2 2.10 2.10 2.1 2.1 0.169 0.078 0.6691 0.7434 0.0484 0.0005 0.023320 -2.446920 0.0000 0 0.0000 0  40 53 20 26 27 19 25 29  0 1 1 1 0 20 0 12.15 
0.094 2 2.10 2.10 2.1 2.1 0.121 0.120 0.6924 0.7723 0.0492 0.0005 0.023320 -2.446957 0.0000 0 0.0000 0  27 23 -2 2 17 -4 16 -4  0 1 1 1 0 20 0 12.13 
0.095 2 2.10 2.10 2.1 2.1 0.059 0.121 0.6474 0.7575 0.0498 0.0006 0.025911 -2.446990 0.0000 0 0.0000 0  41 21 3 26 24 21 14 14  0 1 1 1 0 20 0 12.15 
0.096 2 2.10 2.10 2.1 2.1 0.143 0.034 0.7044 0.7575 0.0506 0.0006 0.025911 -2.447016 0.0000 0 0.0000 0  35 8 -1 -24 9 22 11 20  0 1 1 1 0 20 0 12.13 
0.097 2 2.10 2.10 2.1 2.1 0.184 0.116 0.6583 0.7169 0.0512 0.0006 0.023320 -2.447029 0.0000 0 0.0000 0  22 13 22 10 9 19 16 6  0 1 1 1 0 20 0 12.12 
0.098 2 2.10 2.10 2.1 2.1 0.144 0.055 0.7044 0.7302 0.0520 0.0006 0.023320 -2.447026 0.0000 0 0.0000 0  14 10 18 -2 20 39 12 27  0 1 1 1 0 20 0 12.15 
0.099 2 2.10 2.10 2.1 2.1 0.109 0.101 0.7044 0.7044 0.0526 0.0006 0.025911 -2.447024 0.0000 0 0.0000 0  20 22 16 3 33 16 9 10  0 1 1 1 0 20 0 12.14 
0.100 2 2.10 2.10 2.1 2.1 0.087 0.106 0.6691 0.7434 0.0534 0.0007 0.025911 -2.447024 0.0000 0 0.0000 0  -6 25 4 -26 -1 9 2 -25  0 1 1 1 0 20 0 12.13 
0.101 2 2.10 2.10 2.1 2.1 0.116 0.044 0.6804 0.7169 0.0542 0.0007 0.025911 -2.447019 0.0000 0 0.0000 0  32 30 33 32 32 51 22 41  0 1 1 1 0 20 0 12.14 
0.102 2 2.10 2.10 2.1 2.1 0.158 0.150 0.7169 0.7434 0.0548 0.0007 0.028502 -2.447010 0.0000 0 0.0000 0  24 18 12 -17 1 24 16 -16  0 1 1 1 0 20 0 12.12 
0.103 2 2.10 2.10 2.1 2.1 0.127 0.057 0.7044 0.7575 0.0554 0.0007 0.025911 -2.446996 0.0000 0 0.0000 0  11 19 24 15 34 9 4 18  0 1 1 1 0 20 0 12.14 
0.104 2 2.10 2.10 2.1 2.1 0.063 0.083 0.6691 0.7575 0.0562 0.0007 0.025911 -2.446978 0.0000 0 0.0000 0  44 14 -1 -20 16 15 -3 23  0 1 1 1 0 20 0 12.15 
0.105 2 2.10 2.10 2.1 2.1 0.139 0.096 0.6924 0.7723 0.0568 0.0007 0.028502 -2.446951 0.0000 0 0.0000 0  41 24 14 1 27 10 17 11  0 1 1 1 0 20 0 12.15 
0.106 2 2.10 2.10 2.1 2.1 0.173 0.032 0.7044 0.7434 0.0576 0.0008 0.028502 -2.446910 0.0000 0 0.0000 0  21 16 -7 13 21 21 -9 7  0 1 1 1 0 20 0 12.15 
0.107 2 2.10 2.10 2.1 2.1 0.112 0.135 0.6924 0.7872 0.0584 0.0008 0.028502 -2.446867 0.0000 0 0.0000 0  40 34 20 19 23 34 16 41  0 1 1 1 0 20 0 12.15 
0.108 2 2.10 2.10 2.1 2.1 0.087 0.032 0.7044 0.7434 0.0592 0.0008 0.028502 -2.446826 0.0000 0 0.0000 0  18 31 32 -6 17 -7 -4 24  0 1 1 1 0 20 0 12.15 
0.109 2 2.10 2.10 2.1 2.1 0.093 0.064 0.6691 0.7169 0.0596 0.0008 0.028502 -2.446786 0.0000 0 0.0000 0  18 44 0 -17 22 -6 1 -11  0 1 1 1 0 20 0 12.15 
0.110 2 2.10 2.10 2.1 2.1 0.157 0.107 0.6924 0.7434 0.0604 0.0008 0.028502 -2.446749 0.0000 0 0.0000 0  10 16 8 -9 6 10 17 0  0 1 1 1 0 20 0 12.13 
0.111 2 2.10 2.10 2.1 2.1 0.120 0.079 0.6691 0.7723 0.0612 0.0009 0.028502 -2.446709 0.0000 0 0.0000 0  7 14 16 -21 15 6 6 -6  0 1 1 1 0 20 0 12.13 
0.112 2 2.10 2.10 2.1 2.1 0.029 0.135 0.6924 0.7302 0.0618 0.0009 0.031093 -2.446666 0.0000 0 0.0000 0  49 15 -7 14 10 -2 13 -2  0 1 1 1 0 20 0 12.14 
0.113 2 2.10 2.10 2.1 2.1 0.087 0.029 0.6924 0.6804 0.0626 0.0009 0.031093 -2.446629 0.0000 0 0.0000 0  38 17 2 22 22 26 13 30  0 1 1 1 0 20 0 12.15 
0.114 2 2.10 2.10 2.1 2.1 0.168 0.087 0.7044 0.7302 0.0634 0.0009 0.031093 -2.446590 0.0000 0 0.0000 0  29 23 27 12 33 14 13 13  0 1 1 1 0 20 0 12.15 
0.115 2 2.10 2.10 2.1 2.1 0.135 0.099 0.6804 0.6804 0.0642 0.0010 0.031093 -2.446540 0.0000 0 0.0000 0  33 6 -3 -7 17 -2 -4 -2  0 1 1 1 0 20 0 12.14 
0.116 2 2.10 2.10 2.1 2.1 0.074 0.090 0.6804 0.7723 0.0647 0.0010 0.031093 -2.446498 0.0000 0 0.0000 0  38 21 23 27 25 39 14 16  0 1 1 1 0 20 0 12.15 
0.117 2 2.10 2.10 2.1 2.1 0.087 0.119 0.6691 0.7723 0.0655 0.0010 0.031093 -2.446470 0.0000 0 0.0000 0  8 25 -5 -3 13 -3 3 -1  0 1 1 1 0 20 0 12.13 
0.118 2 2.10 2.10 2.1 2.1 0.150 0.022 0.6804 0.7872 0.0663 0.0010 0.031093 -2.446443 0.0000 0 0.0000 0  31 25 25 24 26 34 15 11  0 1 1 1 0 20 0 12.15 
0.119 2 2.10 2.10 2.1 2.1 0.142 0.109 0.7044 0.7302 0.0669 0.0010 0.033685 -2.446414 0.0000 0 0.0000 0  33 36 17 -19 27 28 3 25  0 1 1 1 0 20 0 12.15 
0.120 2 2.10 2.10 2.1 2.1 0.070 0.116 0.7044 0.7872 0.0677 0.0011 0.033685 -2.446388 0.0000 0 0.0000 0  19 36 -1 -5 -4 8 8 7  0 1 1 1 0 20 0 12.16 
0.121 2 2.10 2.10 2.1 2.1 0.067 0.029 0.6924 0.7723 0.0685 0.0011 0.033685 -2.446367 0.0000 0 0.0000 0  41 41 10 -22 16 -33 1 8  0 1 1 1 0 20 0 12.16 
0.122 2 2.10 2.10 2.1 2.1 0.135 0.115 0.7044 0.7575 0.0691 0.0011 0.036276 -2.446348 0.0000 0 0.0000 0  21 19 22 14 25 42 16 35  0 1 1 1 0 20 0 12.16 
0.123 2 2.10 2.10 2.1 2.1 0.110 0.080 0.6583 0.7169 0.0697 0.0011 0.033685 -2.446330 0.0000 0 0.0000 0  6 13 7 -18 16 28 16 -17  0 1 1 1 0 20 0 12.14 
0.124 2 2.10 2.10 2.1 2.1 0.121 0.119 0.7169 0.7302 0.0705 0.0012 0.033685 -2.446309 0.0000 0 0.0000 0  13 24 18 31 22 31 7 16  0 1 1 1 0 20 0 12.13 
0.125 2 2.10 2.10 2.1 2.1 0.097 0.124 0.6804 0.7169 0.0713 0.0012 0.033685 -2.446299 0.0000 0 0.0000 0  31 26 10 22 29 33 5 4  0 1 1 1 0 20 0 12.15 
0.126 2 2.10 2.10 2.1 2.1 0.120 0.038 0.6924 0.7575 0.0719 0.0012 0.036276 -2.446301 0.0000 0 0.0000 0  17 19 -6 -2 23 3 13 13  0 1 1 1 0 20 0 12.13 
0.127 2 2.10 2.10 2.1 2.1 0.149 0.110 0.7169 0.7302 0.0727 0.0012 0.036276 -2.446301 0.0000 0 0.0000 0  27 32 -7 -24 3 1 4 4  0 1 1 1 0 20 0 12.15 
0.128 2 2.10 2.10 2.1 2.1 0.093 0.085 0.6804 0.7575 0.0735 0.0013 0.036276 -2.446299 0.0000 0 0.0000 0  33 23 14 0 7 -15 -13 -15  0 1 1 1 0 20 0 12.15 
0.129 2 2.10 2.10 2.1 2.1 0.071 0.048 0.6691 0.7302 0.0741 0.0013 0.038867 -2.446306 0.0000 0 0.0000 0  3 43 7 -9 8 -4 17 -6  0 1 1 1 0 20 0 12.14 
0.130 2 2.10 2.10 2.1 2.1 0.148 0.127 0.7302 0.7575 0.0749 0.0013 0.038867 -2.446319 0.0000 0 0.0000 0  21 49 19 3 27 31 21 20  0 1 1 1 0 20 0 12.15 
0.131 2 2.10 2.10 2.1 2.1 0.124 0.051 0.7169 0.7575 0.0755 0.0014 0.036276 -2.446330 0.0000 0 0.0000 0  28 24 20 12 24 39 18 30  0 1 1 1 0 20 0 12.15 
0.132 2 2.10 2.10 2.1 2.1 0.113 0.099 0.6804 0.7434 0.0763 0.0014 0.036276 -2.446334 0.0000 0 0.0000 0  33 20 14 -17 28 16 3 20  0 1 1 1 0 20 0 12.15 
0.133 2 2.10 2.10 2.1 2.1 0.086 0.058 0.6924 0.7872 0.0769 0.0014 0.038867 -2.446339 0.0000 0 0.0000 0  37 6 -2 7 19 -10 20 4  0 1 1 1 0 20 0 12.15 
0.134 2 2.10 2.10 2.1 2.1 0.112 0.012 0.7044 0.7302 0.0777 0.0014 0.038867 -2.446345 0.0000 0 0.0000 0  23 39 13 15 37 44 23 16  0 1 1 1 0 20 0 12.15 
0.135 2 2.10 2.10 2.1 2.1 0.127 0.111 0.7044 0.7302 0.0785 0.0015 0.038867 -2.446354 0.0000 0 0.0000 0  17 30 12 -6 10 -15 14 4  0 1 1 1 0 20 0 12.15 
0.136 2 2.10 2.10 2.1 2.1 0.095 0.073 0.7044 0.7575 0.0793 0.0015 0.038867 -2.446364 0.0000 0 0.0000 0  35 29 25 -6 31 11 16 17  0 1 1 1 0 20 0 12.15 
0.137 2 2.10 2.10 2.1 2.1 0.075 0.099 0.6804 0.7723 0.0799 0.0015 0.041458 -2.446372 0.0000 0 0.0000 0  14 2 16 -7 2 -9 -18 8  0 1 1 1 0 20 0 12.15 
0.138 2 2.10 2.10 2.1 2.1 0.143 0.089 0.7044 0.7723 0.0807 0.0016 0.041458 -2.446384 0.0000 0 0.0000 0  33 38 33 67 30 34 23 39  0 1 1 1 0 20 0 12.15 
0.139 2 2.10 2.10 2.1 2.1 0.133 0.010 0.6691 0.6924 0.0813 0.0016 0.038867 -2.446399 0.0000 0 0.0000 0  -3 13 10 -6 14 7 9 -31  0 1 1 1 0 20 0 12.14 
0.140 2 2.10 2.10 2.1 2.1 0.078 0.121 0.6924 0.7434 0.0819 0.0016 0.041458 -2.446402 0.0000 0 0.0000 0  41 30 17 7 8 -2 9 3  0 1 1 1 0 20 0 12.15 
0.141 2 2.10 2.10 2.1 2.1 0.064 0.082 0.6924 0.7302 0.0827 0.0016 0.041458 -2.446396 0.0000 0 0.0000 0  35 17 -7 14 14 35 24 12  0 1 1 1 0 20 0 12.14 
0.142 2 2.10 2.10 2.1 2.1 0.155 0.078 0.7169 0.7169 0.0835 0.0017 0.041458 -2.446398 0.0000 0 0.0000 0  26 23 2 -11 27 24 32 20  0 1 1 1 0 20 0 12.14 
0.143 2 2.10 2.10 2.1 2.1 0.141 0.112 0.7044 0.7434 0.0843 0.0017 0.041458 -2.446409 0.0000 0 0.0000 0  33 21 0 -9 1 -4 5 2  0 1 1 1 0 20 0 12.15 
0.144 2 2.10 2.10 2.1 2.1 0.050 0.040 0.6924 0.7044 0.0849 0.0017 0.044049 -2.446419 0.0000 0 0.0000 0  35 19 8 9 12 -22 9 -9  0 1 1 1 0 20 0 12.15 
0.145 2 2.10 2.10 2.1 2.1 0.116 0.103 0.6804 0.7302 0.0857 0.0018 0.044049 -2.446430 0.0000 0 0.0000 0  1 1 -3 7 5 35 3 1  0 1 1 1 0 20 0 12.15 
0.146 2 2.10 2.10 2.1 2.1 0.154 0.074 0.6924 0.7723 0.0863 0.0018 0.041458 -2.446435 0.0000 0 0.0000 0  18 9 27 26 22 30 19 51  0 1 1 1 0 20 0 12.14 
0.147 2 2.10 2.10 2.1 2.1 0.150 0.087 0.7044 0.7434 0.0869 0.0018 0.044049 -2.446433 0.0000 0 0.0000 0  9 9 -1 -15 19 20 9 12  0 1 1 1 0 20 0 12.15 
0.148 2 2.10 2.10 2.1 2.1 0.070 0.054 0.7044 0.7723 0.0877 0.0019 0.044049 -2.446431 0.0000 0 0.0000 0  46 28 -9 19 9 -9 8 14  0 1 1 1 0 20 0 12.15 
0.149 2 2.10 2.10 2.1 2.1 0.093 0.052 0.7044 0.7723 0.0885 0.0019 0.044049 -2.446425 0.0000 0 0.0000 0  38 34 -2 -17 0 -28 -6 -19  0 1 1 1 0 20 0 12.15 
0.150 2 2.10 2.10 2.1 2.1 0.147 0.149 0.7044 0.7723 0.0893 0.0019 0.044049 -2.446419 0.0000 0 0.0000 0  2 20 -6 -8 16 22 24 -11  0 1 1 1 0 20 0 12.14 
0.151 2 2.10 2.10 2.1 2.1 0.108 0.055 0.6691 0.7575 0.0899 0.0019 0.046640 -2.446421 0.0000 0 0.0000 0  21 8 12 13 6 -10 9 -6  0 1 1 1 0 20 0 12.15 
0.152 2 2.10 2.10 2.1 2.1 0.124 0.092 0.7169 0.7723 0.0907 0.0020 0.046640 -2.446432 0.0000 0 0.0000 0  12 20 17 -18 18 1 10 -16  0 1 1 1 0 20 0 12.15 
0.153 2 2.10 2.10 2.1 2.1 0.160 0.097 0.6691 0.7169 0.0913 0.0020 0.044049 -2.446436 0.0000 0 0.0000 0  16 51 12 3 15 12 19 -23  0 1 1 1 0 20 0 12.13 
0.154 2 2.10 2.10 2.1 2.1 0.112 0.074 0.6924 0.7434 0.0919 0.0020 0.046640 -2.446437 0.0000 0 0.0000 0  14 23 10 21 18 42 17 36  0 1 1 1 0 20 0 12.16 
0.155 2 2.10 2.10 2.1 2.1 0.081 0.095 0.7169 0.7169 0.0927 0.0021 0.046640 -2.446441 0.0000 0 0.0000 0  6 21 14 -12 3 20 3 -12  0 1 1 1 0 20 0 12.16 
0.156 2 2.10 2.10 2.1 2.1 0.089 0.036 0.6804 0.7434 0.0935 0.0021 0.046640 -2.446442 0.0000 0 0.0000 0  38 16 12 19 8 0 18 -19  0 1 1 1 0 20 0 12.16 
0.157 2 2.10 2.10 2.1 2.1 0.128 0.084 0.6691 0.6924 0.0943 0.0022 0.046640 -2.446436 0.0000 0 0.0000 0  36 29 4 -6 21 5 15 -6  0 1 1 1 0 20 0 12.14 
0.158 2 2.10 2.10 2.1 2.1 0.145 0.101 0.7302 0.7723 0.0949 0.0022 0.049231 -2.446429 0.0000 0 0.0000 0  50 30 -1 -1 10 -21 13 7  0 1 1 1 0 20 0 12.15 
0.159 2 2.10 2.10 2.1 2.1 0.090 0.043 0.7169 0.7044 0.0958 0.0022 0.049231 -2.446428 0.0000 0 0.0000 0  43 34 9 -11 11 -10 14 -1  0 1 1 1 0 20 0 12.15 
0.160 2 2.10 2.10 2.1 2.1 0.072 0.101 0.6804 0.7302 0.0964 0.0023 0.046640 -2.446435 0.0000 0 0.0000 0  35 13 2 -11 35 14 14 3  0 1 1 1 0 20 0 12.15 
0.161 2 2.10 2.10 2.1 2.1 0.158 0.058 0.6924 0.7434 0.0972 0.0023 0.046640 -2.446444 0.0000 0 0.0000 0  3 17 -5 -21 15 2 9 -14  0 1 1 1 0 20 0 12.15 
0.162 2 2.10 2.10 2.1 2.1 0.143 0.109 0.7044 0.7575 0.0978 0.0023 0.049231 -2.446444 0.0000 0 0.0000 0  12 30 31 2 28 24 12 3  0 1 1 1 0 20 0 12.14 
0.163 2 2.10 2.10 2.1 2.1 0.117 0.083 0.7044 0.7723 0.0986 0.0024 0.049231 -2.446444 0.0000 0 0.0000 0  17 19 7 -15 11 -3 22 -17  0 1 1 1 0 20 0 12.13 
0.164 2 2.10 2.10 2.1 2.1 0.065 0.051 0.7044 0.7723 0.0994 0.0024 0.049231 -2.446455 0.0000 0 0.0000 0  37 20 -1 3 2 -12 11 -5  0 1 1 1 0 20 0 12.15 
0.165 2 2.10 2.10 2.1 2.1 0.124 0.111 0.6804 0.7302 0.1000 0.0024 0.051822 -2.446465 0.0000 0 0.0000 0  16 20 29 5 15 28 14 45  0 1 1 1 0 20 0 12.15 
0.166 2 2.10 2.10 2.1 2.1 0.139 0.062 0.7169 0.7723 0.1008 0.0025 0.051822 -2.446464 0.0000 0 0.0000 0  27 33 10 18 15 39 12 40  0 1 1 1 0 20 0 12.15 
0.167 2 2.10 2.10 2.1 2.1 0.073 0.116 0.6691 0.7575 0.1016 0.0025 0.051822 -2.446460 0.0000 0 0.0000 0  37 43 8 -10 3 -16 6 -13  0 1 1 1 0 20 0 12.14 
0.168 2 2.10 2.10 2.1 2.1 0.075 0.076 0.6804 0.7723 0.1024 0.0026 0.051822 -2.446465 0.0000 0 0.0000 0  31 18 7 -8 17 41 11 9  0 1 1 1 0 20 0 12.15 
0.169 2 2.10 2.10 2.1 2.1 0.148 0.025 0.7044 0.7575 0.1028 0.0026 0.051822 -2.446475 0.0000 0 0.0000 0  2 11 17 -29 20 30 4 15  0 1 1 1 0 20 0 12.15 
0.170 2 2.10 2.10 2.1 2.1 0.142 0.150 0.7169 0.7044 0.1036 0.0026 0.051822 -2.446486 0.0000 0 0.0000 0  10 25 12 -6 15 17 17 -16  0 1 1 1 0 20 0 12.15 
0.171 2 2.10 2.10 2.1 2.1 0.106 0.048 0.7044 0.7575 0.1044 0.0027 0.051822 -2.446500 0.0000 0 0.0000 0  24 25 -1 -3 11 1 6 -10  0 1 1 1 0 20 0 12.15 
0.172 2 2.10 2.10 2.1 2.1 0.055 0.068 0.7044 0.7302 0.1052 0.0027 0.051822 -2.446510 0.0000 0 0.0000 0  48 23 25 25 4 -10 12 12  0 1 1 1 0 20 0 12.15 
0.173 2 2.10 2.10 2.1 2.1 0.112 0.082 0.6804 0.7302 0.1058 0.0027 0.054414 -2.446511 0.0000 0 0.0000 0  -4 30 7 15 20 24 16 17  0 1 1 1 0 20 0 12.16 
0.174 2 2.10 2.10 2.1 2.1 0.154 0.027 0.6924 0.7302 0.1066 0.0028 0.054414 -2.446507 0.0000 0 0.0000 0  9 15 6 3 34 31 15 22  0 1 1 1 0 20 0 12.16 
0.175 2 2.10 2.10 2.1 2.1 0.094 0.106 0.6924 0.7434 0.1074 0.0028 0.054414 -2.446498 0.0000 0 0.0000 0  54 46 23 18 19 3 22 -3  0 1 1 1 0 20 0 12.15 
0.176 2 2.10 2.10 2.1 2.1 0.090 0.069 0.7044 0.7044 0.1078 0.0028 0.054414 -2.446489 0.0000 0 0.0000 0  36 24 0 -32 10 5 22 14  0 1 1 1 0 20 0 12.15 
0.177 2 2.10 2.10 2.1 2.1 0.131 0.056 0.7044 0.7434 0.1086 0.0029 0.054414 -2.446489 0.0000 0 0.0000 0  3 17 -8 13 3 50 15 3  0 1 1 1 0 20 0 12.15 
0.178 2 2.10 2.10 2.1 2.1 0.120 0.114 0.7169 0.7723 0.1094 0.0029 0.054414 -2.446489 0.0000 0 0.0000 0  23 9 15 -39 3 8 -8 25  0 1 1 1 0 20 0 12.15 
0.179 2 2.10 2.10 2.1 2.1 0.101 0.028 0.6924 0.7434 0.1102 0.0030 0.054414 -2.446490 0.0000 0 0.0000 0  35 34 22 27 33 39 22 51  0 1 1 1 0 20 0 12.15 
0.180 2 2.10 2.10 2.1 2.1 0.087 0.077 0.7169 0.7723 0.1108 0.0030 0.057005 -2.446495 0.0000 0 0.0000 0  0 24 -3 -16 2 -2 4 -11  0 1 1 1 0 20 0 12.13 
0.181 2 2.10 2.10 2.1 2.1 0.090 0.078 0.6804 0.7434 0.1116 0.0030 0.057005 -2.446498 0.0000 0 0.0000 0  32 27 10 12 9 19 11 -1  0 1 1 1 0 20 0 12.15 
0.182 2 2.10 2.10 2.1 2.1 0.140 0.016 0.7302 0.7723 0.1124 0.0031 0.057005 -2.446493 0.0000 0 0.0000 0  1 6 -4 22 22 24 8 19  0 1 1 1 0 20 0 12.15 
0.183 2 2.10 2.10 2.1 2.1 0.120 0.105 0.6374 0.7302 0.1130 0.0031 0.059596 -2.446483 0.0000 0 0.0000 0  20 35 19 5 24 6 22 6  0 1 1 1 0 20 0 12.13 
0.184 2 2.10 2.10 2.1 2.1 0.091 0.079 0.6924 0.7872 0.1138 0.0032 0.059596 -2.446473 0.0000 0 0.0000 0  34 33 10 15 5 17 19 6  0 1 1 1 0 20 0 12.15 
0.185 2 2.10 2.10 2.1 2.1 0.123 0.070 0.7044 0.7044 0.1144 0.0032 0.057005 -2.446472 0.0000 0 0.0000 0  34 30 9 0 9 -7 14 11  0 1 1 1 0 20 0 12.16 
0.186 2 2.10 2.10 2.1 2.1 0.130 0.139 0.7302 0.7044 0.1152 0.0033 0.057005 -2.446479 0.0000 0 0.0000 0  51 2 7 15 -3 -30 -22 -11  0 1 1 1 0 20 0 12.16 
0.187 2 2.10 2.10 2.1 2.1 0.097 0.058 0.7169 0.7302 0.1160 0.0033 0.057005 -2.446480 0.0000 0 0.0000 0  60 15 19 44 37 13 18 27  0 1 1 1 0 20 0 12.15 
0.188 2 2.10 2.10 2.1 2.1 0.093 0.117 0.6924 0.7575 0.1166 0.0033 0.059596 -2.446481 0.0000 0 0.0000 0  6 29 4 -16 22 23 9 24  0 1 1 1 0 20 0 12.15 
0.189 2 2.10 2.10 2.1 2.1 0.080 0.077 0.7044 0.7302 0.1174 0.0034 0.059596 -2.446487 0.0000 0 0.0000 0  36 40 -9 6 5 -12 13 18  0 1 1 1 0 20 0 12.16 
0.190 2 2.10 2.10 2.1 2.1 0.131 0.005 0.6924 0.6804 0.1182 0.0034 0.059596 -2.446498 0.0000 0 0.0000 0  11 13 9 -2 2 22 -3 21  0 1 1 1 0 20 0 12.15 
0.191 2 2.10 2.10 2.1 2.1 0.147 0.081 0.7044 0.7302 0.1188 0.0035 0.062187 -2.446506 0.0000 0 0.0000 0  16 31 25 -9 24 13 24 5  0 1 1 1 0 20 0 12.16 
0.192 2 2.10 2.10 2.1 2.1 0.093 0.069 0.7169 0.7302 0.1196 0.0035 0.062187 -2.446507 0.0000 0 0.0000 0  4 26 7 -13 12 12 17 24  0 1 1 1 0 20 0 12.15 
0.193 2 2.10 2.10 2.1 2.1 0.067 0.064 0.7044 0.7575 0.1202 0.0036 0.059596 -2.446513 0.0000 0 0.0000 0  16 25 5 -11 4 20 10 -12  0 1 1 1 0 20 0 12.15 
0.194 2 2.10 2.10 2.1 2.1 0.127 0.139 0.7169 0.7575 0.1210 0.0036 0.059596 -2.446525 0.0000 0 0.0000 0  32 36 7 -14 9 -16 10 -13  0 1 1 1 0 20 0 12.16 
0.195 2 2.10 2.10 2.1 2.1 0.119 0.050 0.6804 0.7723 0.1216 0.0036 0.062187 -2.446536 0.0000 0 0.0000 0  -2 -2 2 -26 12 19 10 18  0 1 1 1 0 20 0 12.15 
0.196 2 2.10 2.10 2.1 2.1 0.106 0.093 0.6924 0.7434 0.1224 0.0037 0.062187 -2.446548 0.0000 0 0.0000 0  64 10 13 14 9 -25 5 6  0 1 1 1 0 20 0 12.15 
0.197 2 2.10 2.10 2.1 2.1 0.055 0.115 0.7169 0.7723 0.1232 0.0037 0.062187 -2.446562 0.0000 0 0.0000 0  19 36 13 -1 0 -17 12 5  0 1 1 1 0 20 0 12.13 
0.198 2 2.10 2.10 2.1 2.1 0.151 0.045 0.6924 0.7575 0.1240 0.0038 0.062187 -2.446573 0.0000 0 0.0000 0  11 13 12 30 26 31 18 14  0 1 1 1 0 20 0 12.15 
0.199 2 2.10 2.10 2.1 2.1 0.158 0.120 0.7044 0.7575 0.1246 0.0038 0.064778 -2.446585 0.0000 0 0.0000 0  44 20 1 -7 13 28 11 28  0 1 1 1 0 20 0 12.15 
0.200 4 4.10 4.10 4.1 4.1 0.049 0.113 0.7044 0.7575 0.1254 0.0039 0.064778 -2.446589 0.0000 0 0.0000 0  -9 26 30 -2 16 -4 17 52  0 1 1 1 0 20 0 12.16 
0.201 4 4.10 4.10 4.1 4.1 0.294 0.169 0.7044 0.7723 0.1262 0.0039 0.064778 -2.446579 0.0000 0 0.0000 0  3 46 23 6 15 4 11 3  0 1 1 1 0 20 0 12.09 
0.202 4 4.10 4.10 4.1 4.1 0.397 0.408 0.7169 0.7302 0.1268 0.0040 0.062187 -2.446578 0.0000 0 0.0000 0  -12 29 12 0 17 6 27 17  0 1 1 1 0 20 0 12.05 
0.203 4 4.10 4.10 4.1 4.1 0.461 0.487 0.7169 0.8032 0.1276 0.0040 0.067369 -2.446584 0.0000 0 0.0000 0  29 24 12 1 0 -7 16 23  0 1 1 1 0 20 0 12.01 
0.204 4 4.10 4.10 4.1 4.1 0.520 0.611 0.7302 0.8032 0.1284 0.0041 0.067369 -2.446580 0.0000 0 0.0000 0  31 14 16 -1 20 -3 6 17  0 1 1 1 0 20 0 11.99 
0.205 4 4.10 4.10 4.1 4.1 0.525 0.489 0.7872 0.8543 0.1292 0.0041 0.067369 -2.446576 0.0000 0 0.0000 0  -6 10 15 4 21 4 11 24  0 1 1 1 0 20 0 11.99 
0.206 4 4.10 4.10 4.1 4.1 0.524 0.489 0.7723 0.8543 0.1300 0.0042 0.067369 -2.446580 0.0000 0 0.0000 0  18 3 17 14 4 -19 25 17  0 1 1 1 0 20 0 11.99 
0.207 4 4.10 4.10 4.1 4.1 0.481 0.563 0.8366 0.9125 0.1308 0.0042 0.067369 -2.446568 0.0000 0 0.0000 0  17 9 18 17 9 22 7 2  0 1 1 1 0 20 0 11.99 
0.208 4 4.10 4.10 4.1 4.1 0.466 0.451 0.8366 0.8727 0.1318 0.0043 0.064778 -2.446545 0.0000 0 0.0000 0  -15 10 16 -16 16 4 6 -9  0 1 1 1 0 20 0 11.99 
0.209 4 4.10 4.10 4.1 4.1 0.492 0.466 0.8924 0.8727 0.1328 0.0044 0.067369 -2.446526 0.0000 0 0.0000 0  43 -2 12 4 21 -12 24 -7  0 1 1 1 0 20 0 12.00 
0.210 4 4.10 4.10 4.1 4.1 0.537 0.477 0.8727 0.9125 0.1336 0.0044 0.067369 -2.446510 0.0000 0 0.0000 0  27 10 12 2 11 -9 3 -1  0 1 1 1 0 20 0 12.00 
0.211 4 4.10 4.10 4.1 4.1 0.436 0.485 0.8924 1.0041 0.1346 0.0045 0.069960 -2.446492 0.0000 0 0.0000 0  34 -1 11 12 22 25 27 33  0 1 1 1 0 20 0 12.00 
0.212 4 4.10 4.10 4.1 4.1 0.413 0.450 0.9559 1.0298 0.1356 0.0046 0.067369 -2.446476 0.0000 0 0.0000 0  1 15 9 -3 11 9 -4 3  0 1 1 1 0 20 0 12.02 
0.213 4 4.10 4.10 4.1 4.1 0.420 0.410 0.9559 0.9796 0.1366 0.0046 0.069960 -2.446463 0.0000 0 0.0000 0  12 39 16 0 19 3 11 15  0 1 1 1 0 20 0 12.02 
0.214 4 4.10 4.10 4.1 4.1 0.420 0.417 1.0041 1.0298 0.1376 0.0047 0.067369 -2.446446 0.0000 0 0.0000 0  24 22 10 -9 10 26 17 10  0 1 1 1 0 20 0 12.02 
0.215 4 4.10 4.10 4.1 4.1 0.409 0.398 1.0298 1.0852 0.1386 0.0048 0.069960 -2.446419 0.0000 0 0.0000 0  1 27 11 3 17 1 17 11  0 1 1 1 0 20 0 12.04 
0.216 4 4.10 4.10 4.1 4.1 0.391 0.356 1.0298 1.0852 0.1397 0.0048 0.072551 -2.446385 0.0000 0 0.0000 0  -4 51 28 11 16 13 2 11  0 1 1 1 0 20 0 12.03 
0.217 4 4.10 4.10 4.1 4.1 0.370 0.409 1.0567 1.0852 0.1407 0.0049 0.069960 -2.446356 0.0000 0 0.0000 0  27 25 -2 1 15 -2 -1 3  0 1 1 1 0 20 0 12.03 
0.218 4 4.10 4.10 4.1 4.1 0.367 0.337 1.0567 1.1474 0.1419 0.0050 0.069960 -2.446335 0.0000 0 0.0000 0  30 19 12 5 15 20 13 20  0 1 1 1 0 20 0 12.03 
0.219 4 4.10 4.10 4.1 4.1 0.349 0.336 1.0852 1.1474 0.1429 0.0051 0.072551 -2.446326 0.0000 0 0.0000 0  24 3 -11 -14 14 -7 25 7  0 1 1 1 0 20 0 12.04 
0.220 4 4.10 4.10 4.1 4.1 0.374 0.402 1.0852 1.1812 0.1441 0.0052 0.072551 -2.446323 0.0000 0 0.0000 0  26 18 24 10 37 -3 24 11  0 1 1 1 0 20 0 12.03 
0.221 4 4.10 4.10 4.1 4.1 0.316 0.334 1.1153 1.1812 0.1451 0.0052 0.075143 -2.446313 0.0000 0 0.0000 0  -3 22 16 -3 11 22 22 -6  0 1 1 1 0 20 0 12.05 
0.222 4 4.10 4.10 4.1 4.1 0.336 0.351 1.1153 1.2551 0.1463 0.0053 0.075143 -2.446296 0.0000 0 0.0000 0  -3 27 4 -2 10 11 14 35  0 1 1 1 0 20 0 12.05 
0.223 4 4.10 4.10 4.1 4.1 0.387 0.332 1.1474 1.2551 0.1475 0.0054 0.075143 -2.446280 0.0000 0 0.0000 0  -10 28 -4 -10 12 -9 -4 23  0 1 1 1 0 20 0 12.05 
0.224 4 4.10 4.10 4.1 4.1 0.343 0.306 1.1474 1.2551 0.1487 0.0055 0.075143 -2.446267 0.0000 0 0.0000 0  -6 19 21 21 46 40 29 44  0 1 1 1 0 20 0 12.06 
0.225 4 4.10 4.10 4.1 4.1 0.310 0.335 1.1474 1.0852 0.1495 0.0056 0.075143 -2.446263 0.0000 0 0.0000 0  24 19 5 -9 34 17 37 21  0 1 1 1 0 20 0 12.06 
0.226 4 4.10 4.10 4.1 4.1 0.334 0.257 1.1812 1.2952 0.1509 0.0057 0.077734 -2.446258 0.0000 0 0.0000 0  -7 12 5 -6 8 -1 10 -11  0 1 1 1 0 20 0 12.05 
0.227 4 4.10 4.10 4.1 4.1 0.311 0.298 1.1812 1.1812 0.1519 0.0057 0.075143 -2.446247 0.0000 0 0.0000 0  -17 -12 -17 -19 15 4 -5 -13  0 1 1 1 0 20 0 12.06 
0.228 4 4.10 4.10 4.1 4.1 0.302 0.347 1.1812 1.2952 0.1533 0.0059 0.077734 -2.446243 0.0000 0 0.0000 0  32 44 38 -8 29 30 34 16  0 1 1 1 0 20 0 12.05 
0.229 4 4.10 4.10 4.1 4.1 0.340 0.265 1.1812 1.2952 0.1545 0.0059 0.077734 -2.446245 0.0000 0 0.0000 0  36 -2 19 14 13 12 36 -1  0 1 1 1 0 20 0 12.06 
0.230 4 4.10 4.10 4.1 4.1 0.312 0.296 1.2169 1.2952 0.1557 0.0060 0.077734 -2.446247 0.0000 0 0.0000 0  30 2 32 -6 9 31 7 42  0 1 1 1 0 20 0 12.06 
0.231 4 4.10 4.10 4.1 4.1 0.289 0.243 1.2169 1.2952 0.1569 0.0061 0.077734 -2.446263 0.0000 0 0.0000 0  -3 2 -3 0 14 13 -6 -7  0 1 1 1 0 20 0 12.07 
0.232 4 4.10 4.10 4.1 4.1 0.292 0.267 1.2169 1.3386 0.1581 0.0062 0.077734 -2.446292 0.0000 0 0.0000 0  -12 12 7 6 24 17 41 13  0 1 1 1 0 20 0 12.06 
0.233 4 4.10 4.10 4.1 4.1 0.251 0.290 1.2169 1.2952 0.1593 0.0063 0.077734 -2.446322 0.0000 0 0.0000 0  26 29 17 8 26 11 29 19  0 1 1 1 0 20 0 12.07 
0.234 4 4.10 4.10 4.1 4.1 0.319 0.253 1.2169 1.2551 0.1605 0.0064 0.077734 -2.446348 0.0000 0 0.0000 0  28 14 19 -14 10 1 19 10  0 1 1 1 0 20 0 12.06 
0.235 4 4.10 4.10 4.1 4.1 0.287 0.270 1.2169 1.3848 0.1617 0.0065 0.082916 -2.446377 0.0000 0 0.0000 0  -18 37 -1 -20 2 -7 11 -20  0 1 1 1 0 20 0 12.07 
0.236 4 4.10 4.10 4.1 4.1 0.248 0.205 1.2551 1.3386 0.1629 0.0066 0.082916 -2.446416 0.0000 0 0.0000 0  16 1 9 -1 17 31 27 13  0 1 1 1 0 20 0 12.07 
0.237 4 4.10 4.10 4.1 4.1 0.302 0.250 1.2551 1.3848 0.1643 0.0067 0.080325 -2.446464 0.0000 0 0.0000 0  34 5 3 -24 24 25 24 6  0 1 1 1 0 20 0 12.06 
0.238 4 4.10 4.10 4.1 4.1 0.236 0.251 1.2169 1.3848 0.1655 0.0068 0.085507 -2.446520 0.0000 0 0.0000 0  -18 38 19 -3 15 9 30 15  0 1 1 1 0 20 0 12.08 
0.239 4 4.10 4.10 4.1 4.1 0.295 0.211 1.2952 1.3848 0.1669 0.0069 0.082916 -2.446586 0.0000 0 0.0000 0  7 28 2 -3 -13 22 8 2  0 1 1 1 0 20 0 12.08 
0.240 4 4.10 4.10 4.1 4.1 0.253 0.265 1.2551 1.4342 0.1681 0.0070 0.082916 -2.446663 0.0000 0 0.0000 0  48 28 9 0 26 33 11 33  0 1 1 1 0 20 0 12.09 
0.241 4 4.10 4.10 4.1 4.1 0.266 0.219 1.2952 1.3848 0.1695 0.0072 0.085507 -2.446748 0.0000 0 0.0000 0  20 7 2 9 3 14 14 12  0 1 1 1 0 20 0 12.08 
0.242 4 4.10 4.10 4.1 4.1 0.249 0.222 1.2952 1.3386 0.1707 0.0073 0.085507 -2.446835 0.0000 0 0.0000 0  22 50 -3 -2 22 60 15 10  0 1 1 1 0 20 0 12.08 
0.243 4 4.10 4.10 4.1 4.1 0.238 0.173 1.2952 1.4342 0.1719 0.0074 0.085507 -2.446916 0.0000 0 0.0000 0  36 35 13 2 17 16 3 30  0 1 1 1 0 20 0 12.08 
0.244 4 4.10 4.10 4.1 4.1 0.256 0.233 1.2551 1.3848 0.1733 0.0075 0.088098 -2.447005 0.0000 0 0.0000 0  21 10 7 -13 19 4 44 15  0 1 1 1 0 20 0 12.09 
0.245 4 4.10 4.10 4.1 4.1 0.283 0.169 1.2952 1.3848 0.1745 0.0076 0.088098 -2.447110 0.0000 0 0.0000 0  9 6 17 -17 30 11 37 9  0 1 1 1 0 20 0 12.09 
0.246 4 4.10 4.10 4.1 4.1 0.229 0.182 1.3386 1.4342 0.1757 0.0077 0.088098 -2.447222 0.0000 0 0.0000 0  -4 43 26 3 13 15 26 9  0 1 1 1 0 20 0 12.09 
0.247 4 4.10 4.10 4.1 4.1 0.262 0.202 1.2551 1.4872 0.1773 0.0078 0.088098 -2.447322 0.0000 0 0.0000 0  33 30 0 2 11 20 26 8  0 1 1 1 0 20 0 12.08 
0.248 4 4.10 4.10 4.1 4.1 0.202 0.201 1.3386 1.4872 0.1785 0.0080 0.088098 -2.447404 0.0000 0 0.0000 0  -7 8 6 -10 28 15 26 10  0 1 1 1 0 20 0 12.09 
0.249 4 4.10 4.10 4.1 4.1 0.190 0.232 1.2952 1.4872 0.1797 0.0081 0.088098 -2.447496 0.0000 0 0.0000 0  -1 5 6 -11 7 -6 29 -17  0 1 1 1 0 20 0 12.08 
0.250 4 4.10 4.10 4.1 4.1 0.245 0.181 1.3386 1.4872 0.1811 0.0082 0.090689 -2.447610 0.0000 0 0.0000 0  14 41 18 17 5 13 3 26  0 1 1 1 0 20 0 12.09 
0.251 4 4.10 4.10 4.1 4.1 0.237 0.196 1.2952 1.4342 0.1823 0.0083 0.090689 -2.447738 0.0000 0 0.0000 0  6 -12 22 24 25 7 -4 -28  0 1 1 1 0 20 0 12.09 
0.252 4 4.10 4.10 4.1 4.1 0.238 0.157 1.3386 1.4342 0.1837 0.0084 0.093280 -2.447850 0.0000 0 0.0000 0  12 2 14 5 18 24 20 31  0 1 1 1 0 20 0 12.09 
0.253 4 4.10 4.10 4.1 4.1 0.192 0.207 1.3386 1.4872 0.1851 0.0085 0.090689 -2.447936 0.0000 0 0.0000 0  9 26 25 -9 17 12 39 4  0 1 1 1 0 20 0 12.09 
0.254 4 4.10 4.10 4.1 4.1 0.245 0.155 1.3386 1.5446 0.1865 0.0087 0.093280 -2.448014 0.0000 0 0.0000 0  27 5 16 7 15 15 1 30  0 1 1 1 0 20 0 12.10 
0.255 4 4.10 4.10 4.1 4.1 0.241 0.167 1.3386 1.4872 0.1877 0.0088 0.093280 -2.448094 0.0000 0 0.0000 0  6 -5 17 4 26 4 38 13  0 1 1 1 0 20 0 12.09 
0.256 4 4.10 4.10 4.1 4.1 0.181 0.213 1.3386 1.4342 0.1891 0.0089 0.095872 -2.448168 0.0000 0 0.0000 0  26 4 13 6 20 14 24 14  0 1 1 1 0 20 0 12.10 
0.257 4 4.10 4.10 4.1 4.1 0.215 0.154 1.3848 1.5446 0.1905 0.0091 0.093280 -2.448221 0.0000 0 0.0000 0  42 27 5 13 14 24 -16 -2  0 1 1 1 0 20 0 12.08 
0.258 4 4.10 4.10 4.1 4.1 0.174 0.200 1.3386 1.5446 0.1919 0.0092 0.095872 -2.448256 0.0000 0 0.0000 0  5 -4 4 -3 23 23 17 -6  0 1 1 1 0 20 0 12.08 
0.259 4 4.10 4.10 4.1 4.1 0.222 0.129 1.3386 1.4872 0.1931 0.0093 0.095872 -2.448277 0.0000 0 0.0000 0  29 -3 7 12 21 30 -1 13  0 1 1 1 0 20 0 12.09 
0.260 4 4.10 4.10 4.1 4.1 0.242 0.164 1.3386 1.4872 0.1945 0.0094 0.098463 -2.448288 0.0000 0 0.0000 0  -14 17 3 14 8 13 26 8  0 1 1 1 0 20 0 12.09 
0.261 4 4.10 4.10 4.1 4.1 0.200 0.159 1.3848 1.5446 0.1959 0.0096 0.095872 -2.448287 0.0000 0 0.0000 0  31 4 15 9 33 36 30 21  0 1 1 1 0 20 0 12.09 
0.262 4 4.10 4.10 4.1 4.1 0.215 0.200 1.3848 1.5446 0.1973 0.0097 0.098463 -2.448263 0.0000 0 0.0000 0  10 12 8 10 24 6 1 14  0 1 1 1 0 20 0 12.08 
0.263 4 4.10 4.10 4.1 4.1 0.186 0.199 1.3848 1.4872 0.1985 0.0098 0.098463 -2.448227 0.0000 0 0.0000 0  30 10 12 -18 15 0 50 10  0 1 1 1 0 20 0 12.09 
0.264 4 4.10 4.10 4.1 4.1 0.199 0.131 1.3848 1.4872 0.2001 0.0100 0.098463 -2.448200 0.0000 0 0.0000 0  21 30 13 -21 16 17 33 19  0 1 1 1 0 20 0 12.10 
0.265 4 4.10 4.10 4.1 4.1 0.203 0.170 1.3386 1.5446 0.2015 0.0101 0.101054 -2.448171 0.0000 0 0.0000 0  13 57 12 -6 34 5 6 3  0 1 1 1 0 20 0 12.10 
0.266 4 4.10 4.10 4.1 4.1 0.169 0.154 1.3848 1.6065 0.2027 0.0103 0.101054 -2.448113 0.0000 0 0.0000 0  10 18 -2 -12 20 16 15 15  0 1 1 1 0 20 0 12.10 
0.267 4 4.10 4.10 4.1 4.1 0.209 0.181 1.3848 1.5446 0.2041 0.0104 0.103645 -2.448035 0.0000 0 0.0000 0  32 -5 7 2 25 26 36 9  0 1 1 1 0 20 0 12.09 
0.268 4 4.10 4.10 4.1 4.1 0.150 0.146 1.3848 1.4872 0.2055 0.0105 0.101054 -2.447966 0.0000 0 0.0000 0  25 -23 -5 13 1 17 -38 12  0 1 1 1 0 20 0 12.10 
0.269 4 4.10 4.10 4.1 4.1 0.195 0.125 1.3848 1.4872 0.2069 0.0107 0.103645 -2.447909 0.0000 0 0.0000 0  18 40 23 14 26 29 20 51  0 1 1 1 0 20 0 12.10 
0.270 4 4.10 4.10 4.1 4.1 0.199 0.186 1.3848 1.5446 0.2083 0.0108 0.106236 -2.447846 0.0000 0 0.0000 0  5 16 16 -12 21 10 7 10  0 1 1 1 0 20 0 12.10 
0.271 4 4.10 4.10 4.1 4.1 0.183 0.138 1.3386 1.6065 0.2097 0.0110 0.103645 -2.447767 0.0000 0 0.0000 0  3 -9 12 9 28 7 1 17  0 1 1 1 0 20 0 12.11 
0.272 4 4.10 4.10 4.1 4.1 0.188 0.154 1.4342 1.4872 0.2111 0.0111 0.106236 -2.447682 0.0000 0 0.0000 0  6 -7 5 -20 -5 -25 2 -12  0 1 1 1 0 20 0 12.10 
0.273 4 4.10 4.10 4.1 4.1 0.168 0.101 1.4342 1.4872 0.2123 0.0113 0.106236 -2.447608 0.0000 0 0.0000 0  40 13 18 -7 39 20 18 22  0 1 1 1 0 20 0 12.10 
0.274 4 4.10 4.10 4.1 4.1 0.188 0.133 1.3848 1.5446 0.2139 0.0114 0.106236 -2.447546 0.0000 0 0.0000 0  41 35 23 5 5 2 27 18  0 1 1 1 0 20 0 12.10 
0.275 4 4.10 4.10 4.1 4.1 0.188 0.135 1.4342 1.5446 0.2153 0.0116 0.108827 -2.447472 0.0000 0 0.0000 0  8 -7 15 -11 -3 0 27 -14  0 1 1 1 0 20 0 12.10 
0.276 4 4.10 4.10 4.1 4.1 0.197 0.161 1.3848 1.6065 0.2167 0.0117 0.106236 -2.447387 0.0000 0 0.0000 0  6 26 0 -1 0 7 -14 18  0 1 1 1 0 20 0 12.10 
0.277 4 4.10 4.10 4.1 4.1 0.215 0.152 1.3848 1.6065 0.2180 0.0119 0.108827 -2.447318 0.0000 0 0.0000 0  19 15 9 8 8 16 39 36  0 1 1 1 0 20 0 12.10 
0.278 4 4.10 4.10 4.1 4.1 0.188 0.145 1.3848 1.6065 0.2194 0.0120 0.111418 -2.447278 0.0000 0 0.0000 0  9 24 12 -10 28 12 9 -1  0 1 1 1 0 20 0 12.10 
0.279 4 4.10 4.10 4.1 4.1 0.134 0.169 1.4342 1.5446 0.2208 0.0122 0.108827 -2.447235 0.0000 0 0.0000 0  7 0 6 -9 28 26 18 7  0 1 1 1 0 20 0 12.11 
0.280 4 4.10 4.10 4.1 4.1 0.197 0.150 1.4342 1.5446 0.2222 0.0123 0.111418 -2.447186 0.0000 0 0.0000 0  47 39 19 2 10 -1 20 -12  0 1 1 1 0 20 0 12.10 
0.281 4 4.10 4.10 4.1 4.1 0.216 0.140 1.4342 1.5446 0.2236 0.0125 0.114009 -2.447160 0.0000 0 0.0000 0  10 -13 17 -11 20 5 15 0  0 1 1 1 0 20 0 12.10 
0.282 4 4.10 4.10 4.1 4.1 0.181 0.100 1.4342 1.6065 0.2250 0.0127 0.111418 -2.447158 0.0000 0 0.0000 0  37 55 28 25 20 21 21 41  0 1 1 1 0 20 0 12.10 
0.283 4 4.10 4.10 4.1 4.1 0.166 0.149 1.4342 1.6065 0.2264 0.0128 0.114009 -2.447162 0.0000 0 0.0000 0  16 16 9 16 2 15 25 18  0 1 1 1 0 20 0 12.10 
0.284 4 4.10 4.10 4.1 4.1 0.169 0.148 1.4342 1.6065 0.2280 0.0130 0.114009 -2.447153 0.0000 0 0.0000 0  42 -3 8 -23 19 16 31 33  0 1 1 1 0 20 0 12.10 
0.285 4 4.10 4.10 4.1 4.1 0.180 0.126 1.4342 1.4872 0.2292 0.0131 0.114009 -2.447133 0.0000 0 0.0000 0  -7 17 16 5 10 31 18 27  0 1 1 1 0 20 0 12.11 
0.286 4 4.10 4.10 4.1 4.1 0.226 0.169 1.4342 1.5446 0.2306 0.0133 0.116600 -2.447128 0.0000 0 0.0000 0  9 0 4 8 16 22 16 30  0 1 1 1 0 20 0 12.10 
0.287 4 4.10 4.10 4.1 4.1 0.188 0.130 1.4342 1.6065 0.2322 0.0135 0.116600 -2.447139 0.0000 0 0.0000 0  10 68 20 9 16 33 0 7  0 1 1 1 0 20 0 12.10 
0.288 4 4.10 4.10 4.1 4.1 0.163 0.186 1.3848 1.6065 0.2334 0.0136 0.116600 -2.447135 0.0000 0 0.0000 0  9 8 -12 -24 5 -18 22 32  0 1 1 1 0 20 0 12.10 
0.289 4 4.10 4.10 4.1 4.1 0.175 0.117 1.4872 1.6065 0.2350 0.0138 0.116600 -2.447103 0.0000 0 0.0000 0  9 -3 0 -11 -2 10 36 0  0 1 1 1 0 20 0 12.10 
0.290 4 4.10 4.10 4.1 4.1 0.165 0.149 1.4342 1.6065 0.2364 0.0140 0.119192 -2.447066 0.0000 0 0.0000 0  0 10 4 4 7 3 7 -11  0 1 1 1 0 20 0 12.11 
0.291 4 4.10 4.10 4.1 4.1 0.225 0.101 1.4342 1.6065 0.2380 0.0142 0.119192 -2.447040 0.0000 0 0.0000 0  16 5 18 -22 21 13 32 19  0 1 1 1 0 20 0 12.10 
0.292 4 4.10 4.10 4.1 4.1 0.162 0.119 1.4342 1.5446 0.2392 0.0143 0.119192 -2.446998 0.0000 0 0.0000 0  19 16 3 8 37 31 -9 7  0 1 1 1 0 20 0 12.11 
0.293 4 4.10 4.10 4.1 4.1 0.154 0.111 1.4342 1.5446 0.2408 0.0145 0.119192 -2.446924 0.0000 0 0.0000 0  7 59 12 8 -9 3 21 13  0 1 1 1 0 20 0 12.11 
0.294 4 4.10 4.10 4.1 4.1 0.128 0.099 1.4342 1.5446 0.2422 0.0147 0.121783 -2.446830 0.0000 0 0.0000 0  20 8 20 -4 19 35 22 42  0 1 1 1 0 20 0 12.11 
0.295 4 4.10 4.10 4.1 4.1 0.198 0.169 1.4342 1.4872 0.2434 0.0148 0.121783 -2.446730 0.0000 0 0.0000 0  29 16 11 -11 20 21 19 6  0 1 1 1 0 20 0 12.12 
0.296 4 4.10 4.10 4.1 4.1 0.184 0.103 1.4342 1.6065 0.2450 0.0150 0.121783 -2.446608 0.0000 0 0.0000 0  17 6 10 5 14 18 15 21  0 1 1 1 0 20 0 12.10 
0.297 4 4.10 4.10 4.1 4.1 0.165 0.145 1.4342 1.6732 0.2464 0.0152 0.124374 -2.446452 0.0000 0 0.0000 0  21 11 -1 -7 7 -13 12 4  0 1 1 1 0 20 0 12.10 
0.298 4 4.10 4.10 4.1 4.1 0.168 0.101 1.4342 1.5446 0.2480 0.0154 0.124374 -2.446263 0.0000 0 0.0000 0  -2 -2 21 -21 19 9 40 -1  0 1 1 1 0 20 0 12.12 
0.299 4 4.10 4.10 4.1 4.1 0.107 0.110 1.4342 1.5446 0.2492 0.0155 0.124374 -2.446063 0.0000 0 0.0000 0  28 4 4 7 14 3 -1 -4  0 1 1 1 0 20 0 12.12 
0.300 4 4.10 4.10 4.1 4.1 0.188 0.156 1.4342 1.6065 0.2508 0.0157 0.124374 -2.445854 0.0000 0 0.0000 0  44 16 15 1 26 14 3 22  0 1 1 1 0 20 0 12.11 
0.301 4 4.10 4.10 4.1 4.1 0.184 0.113 1.4872 1.6065 0.2522 0.0159 0.126965 -2.445609 0.0000 0 0.0000 0  3 13 20 -11 13 -10 22 17  0 1 1 1 0 20 0 12.10 
0.302 4 4.10 4.10 4.1 4.1 0.191 0.145 1.4342 1.4872 0.2533 0.0161 0.126965 -2.445312 0.0000 0 0.0000 0  10 53 37 9 27 36 34 1  0 1 1 1 0 20 0 12.10 
0.303 4 4.10 4.10 4.1 4.1 0.177 0.099 1.4872 1.6065 0.2549 0.0163 0.126965 -2.444992 0.0000 0 0.0000 0  39 22 9 12 -2 15 17 17  0 1 1 1 0 20 0 12.11 
0.304 4 4.10 4.10 4.1 4.1 0.127 0.106 1.4342 1.6065 0.2563 0.0164 0.129556 -2.444662 0.0000 0 0.0000 0  30 32 11 10 18 11 13 31  0 1 1 1 0 20 0 12.11 
0.305 4 4.10 4.10 4.1 4.1 0.160 0.157 1.4342 1.6065 0.2579 0.0166 0.129556 -2.444298 0.0000 0 0.0000 0  0 -1 -1 -25 21 7 11 41  0 1 1 1 0 20 0 12.10 
0.306 4 4.10 4.10 4.1 4.1 0.203 0.087 1.4342 1.5446 0.2591 0.0168 0.129556 -2.443905 0.0000 0 0.0000 0  11 15 17 2 30 23 31 3  0 1 1 1 0 20 0 12.11 
0.307 4 4.10 4.10 4.1 4.1 0.181 0.100 1.4342 1.5446 0.2607 0.0170 0.129556 -2.443500 0.0000 0 0.0000 0  -9 42 8 -1 19 -7 12 -9  0 1 1 1 0 20 0 12.11 
0.308 4 4.10 4.10 4.1 4.1 0.156 0.095 1.4342 1.5446 0.2621 0.0172 0.132147 -2.443094 0.0000 0 0.0000 0  10 40 -4 -2 14 -1 3 21  0 1 1 1 0 20 0 12.12 
0.309 4 4.10 4.10 4.1 4.1 0.196 0.102 1.4342 1.6065 0.2637 0.0174 0.132147 -2.442678 0.0000 0 0.0000 0  3 -7 19 -1 6 9 2 15  0 1 1 1 0 20 0 12.10 
0.310 4 4.10 4.10 4.1 4.1 0.145 0.172 1.4342 1.4342 0.2649 0.0176 0.132147 -2.442223 0.0000 0 0.0000 0  8 3 19 19 15 51 61 53  0 1 1 1 0 20 0 12.10 
0.311 4 4.10 4.10 4.1 4.1 0.178 0.102 1.4342 1.6065 0.2665 0.0178 0.132147 -2.441736 0.0000 0 0.0000 0  -11 -1 6 -15 21 2 52 1  0 1 1 1 0 20 0 12.11 
0.312 4 4.10 4.10 4.1 4.1 0.186 0.117 1.4342 1.6065 0.2679 0.0180 0.134738 -2.441256 0.0000 0 0.0000 0  17 17 8 16 5 11 17 13  0 1 1 1 0 20 0 12.11 
0.313 4 4.10 4.10 4.1 4.1 0.178 0.076 1.3386 1.6732 0.2693 0.0182 0.137330 -2.440786 0.0000 0 0.0000 0  2 11 10 -8 -13 -12 33 -13  0 1 1 1 0 20 0 12.11 
0.314 4 4.10 4.10 4.1 4.1 0.177 0.157 1.4872 1.6065 0.2707 0.0183 0.134738 -2.440310 0.0000 0 0.0000 0  25 84 22 2 21 40 40 22  0 1 1 1 0 20 0 12.11 
0.315 4 4.10 4.10 4.1 4.1 0.141 0.143 1.4872 1.5446 0.2723 0.0186 0.134738 -2.439827 0.0000 0 0.0000 0  27 8 3 -12 12 24 10 -24  0 1 1 1 0 20 0 12.11 
0.316 4 4.10 4.10 4.1 4.1 0.182 0.135 1.4342 1.6065 0.2737 0.0188 0.137330 -2.439362 0.0000 0 0.0000 0  -16 35 7 -14 -6 32 7 7  0 1 1 1 0 20 0 12.10 
0.317 4 4.10 4.10 4.1 4.1 0.212 0.125 1.4872 1.6065 0.2752 0.0190 0.137330 -2.438926 0.0000 0 0.0000 0  -3 -6 2 -20 -4 1 29 -31  0 1 1 1 0 20 0 12.11 
0.318 4 4.10 4.10 4.1 4.1 0.173 0.148 1.4342 1.6065 0.2764 0.0191 0.137330 -2.438485 0.0000 0 0.0000 0  17 15 11 13 29 44 15 34  0 1 1 1 0 20 0 12.11 
0.319 4 4.10 4.10 4.1 4.1 0.186 0.126 1.4342 1.6732 0.2780 0.0194 0.137330 -2.438029 0.0000 0 0.0000 0  25 27 6 -14 20 12 23 12  0 1 1 1 0 20 0 12.11 
0.320 4 4.10 4.10 4.1 4.1 0.133 0.073 1.4342 1.6065 0.2794 0.0196 0.139921 -2.437589 0.0000 0 0.0000 0  17 -5 3 1 14 14 7 16  0 1 1 1 0 20 0 12.11 
0.321 4 4.10 4.10 4.1 4.1 0.120 0.132 1.4342 1.6065 0.2808 0.0197 0.142512 -2.437192 0.0000 0 0.0000 0  45 35 0 -7 22 7 -1 -4  0 1 1 1 0 20 0 12.11 
0.322 4 4.10 4.10 4.1 4.1 0.172 0.119 1.4342 1.6065 0.2824 0.0200 0.142512 -2.436833 0.0000 0 0.0000 0  5 52 24 12 -12 9 36 23  0 1 1 1 0 20 0 12.11 
0.323 4 4.10 4.10 4.1 4.1 0.234 0.149 1.4342 1.6065 0.2836 0.0201 0.142512 -2.436484 0.0000 0 0.0000 0  8 -2 5 -11 2 -8 24 -4  0 1 1 1 0 20 0 12.10 
0.324 4 4.10 4.10 4.1 4.1 0.193 0.128 1.4342 1.6065 0.2852 0.0204 0.142512 -2.436149 0.0000 0 0.0000 0  7 22 12 -4 10 23 33 13  0 1 1 1 0 20 0 12.11 
0.325 4 4.10 4.10 4.1 4.1 0.154 0.104 1.4342 1.5446 0.2866 0.0206 0.145103 -2.435848 0.0000 0 0.0000 0  20 0 15 -13 26 33 12 -5  0 1 1 1 0 20 0 12.11 
0.326 4 4.10 4.10 4.1 4.1 0.161 0.135 1.4342 1.4342 0.2880 0.0208 0.142512 -2.435562 0.0000 0 0.0000 0  12 58 22 11 -6 18 13 11  0 1 1 1 0 20 0 12.11 
0.327 4 4.10 4.10 4.1 4.1 0.148 0.109 1.3848 1.6065 0.2894 0.0210 0.145103 -2.435285 0.0000 0 0.0000 0  5 11 0 0 16 13 40 7  0 1 1 1 0 20 0 12.11 
0.328 4 4.10 4.10 4.1 4.1 0.215 0.127 1.4342 1.6065 0.2909 0.0212 0.145103 -2.435039 0.0000 0 0.0000 0  27 3 19 -8 23 11 6 -1  0 1 1 1 0 20 0 12.12 
0.329 4 4.10 4.10 4.1 4.1 0.193 0.094 1.4872 1.6732 0.2923 0.0214 0.147694 -2.434848 0.0000 0 0.0000 0  11 52 21 5 22 33 -4 26  0 1 1 1 0 20 0 12.11 
0.330 4 4.10 4.10 4.1 4.1 0.172 0.069 1.4872 1.6065 0.2939 0.0217 0.147694 -2.434696 0.0000 0 0.0000 0  23 20 22 23 20 25 26 6  0 1 1 1 0 20 0 12.12 
0.331 4 4.10 4.10 4.1 4.1 0.107 0.154 1.5446 1.6065 0.2951 0.0218 0.147694 -2.434554 0.0000 0 0.0000 0  36 18 20 14 6 1 -10 29  0 1 1 1 0 20 0 12.11 
0.332 4 4.10 4.10 4.1 4.1 0.181 0.077 1.4872 1.6065 0.2967 0.0221 0.147694 -2.434423 0.0000 0 0.0000 0  17 -5 8 20 39 7 11 0  0 1 1 1 0 20 0 12.11 
0.333 4 4.10 4.10 4.1 4.1 0.204 0.120 1.4872 1.6065 0.2981 0.0223 0.150285 -2.434328 0.0000 0 0.0000 0  11 18 13 -8 30 18 17 18  0 1 1 1 0 20 0 12.11 
0.334 4 4.10 4.10 4.1 4.1 0.200 0.042 1.4872 1.5446 0.2997 0.0225 0.150285 -2.434283 0.0000 0 0.0000 0  7 69 16 13 -9 14 12 24  0 1 1 1 0 20 0 12.11 
0.335 4 4.10 4.10 4.1 4.1 0.171 0.132 1.4342 1.6732 0.3009 0.0227 0.150285 -2.434266 0.0000 0 0.0000 0  3 21 25 -14 21 8 33 0  0 1 1 1 0 20 0 12.10 
0.336 4 4.10 4.10 4.1 4.1 0.123 0.125 1.4872 1.6732 0.3025 0.0229 0.150285 -2.434257 0.0000 0 0.0000 0  11 47 -4 -8 10 -13 16 6  0 1 1 1 0 20 0 12.12 
0.337 4 4.10 4.10 4.1 4.1 0.124 0.115 1.4872 1.6732 0.3039 0.0232 0.152876 -2.434253 0.0000 0 0.0000 0  24 10 -5 -1 1 0 15 21  0 1 1 1 0 20 0 12.11 
0.338 4 4.10 4.10 4.1 4.1 0.190 0.135 1.4872 1.6732 0.3054 0.0234 0.152876 -2.434276 0.0000 0 0.0000 0  11 48 19 6 10 24 1 -2  0 1 1 1 0 20 0 12.11 
0.339 4 4.10 4.10 4.1 4.1 0.176 0.108 1.4872 1.6065 0.3066 0.0236 0.152876 -2.434323 0.0000 0 0.0000 0  78 -6 11 21 23 0 10 25  0 1 1 1 0 20 0 12.11 
0.340 4 4.10 4.10 4.1 4.1 0.166 0.139 1.4342 1.6065 0.3082 0.0238 0.152876 -2.434363 0.0000 0 0.0000 0  13 11 18 -9 21 16 11 18  0 1 1 1 0 20 0 12.11 
0.341 4 4.10 4.10 4.1 4.1 0.140 0.055 1.4342 1.6065 0.3096 0.0240 0.155467 -2.434401 0.0000 0 0.0000 0  15 58 15 -9 8 9 48 -8  0 1 1 1 0 20 0 12.11 
0.342 4 4.10 4.10 4.1 4.1 0.136 0.117 1.4342 1.6065 0.3112 0.0243 0.155467 -2.434454 0.0000 0 0.0000 0  11 63 10 2 21 44 21 23  0 1 1 1 0 20 0 12.11 
0.343 4 4.10 4.10 4.1 4.1 0.175 0.104 1.4342 1.3848 0.3126 0.0245 0.158059 -2.434507 0.0000 0 0.0000 0  11 22 32 -5 24 2 30 14  0 1 1 1 0 20 0 12.11 
0.344 4 4.10 4.10 4.1 4.1 0.189 0.149 1.4872 1.6065 0.3140 0.0247 0.155467 -2.434544 0.0000 0 0.0000 0  28 18 29 1 31 20 1 33  0 1 1 1 0 20 0 12.11 
0.345 4 4.10 4.10 4.1 4.1 0.177 0.159 1.4872 1.6732 0.3154 0.0249 0.158059 -2.434579 0.0000 0 0.0000 0  62 -11 11 31 12 -11 1 29  0 1 1 1 0 20 0 12.11 
0.346 4 4.10 4.10 4.1 4.1 0.169 0.114 1.4872 1.6065 0.3169 0.0252 0.158059 -2.434616 0.0000 0 0.0000 0  8 5 30 -9 10 18 28 11  0 1 1 1 0 20 0 12.10 
0.347 4 4.10 4.10 4.1 4.1 0.139 0.131 1.4872 1.6065 0.3183 0.0254 0.160650 -2.434631 0.0000 0 0.0000 0  44 17 28 26 14 16 12 11  0 1 1 1 0 20 0 12.09 
0.348 4 4.10 4.10 4.1 4.1 0.207 0.116 1.4872 1.6732 0.3199 0.0257 0.160650 -2.434626 0.0000 0 0.0000 0  43 6 7 17 19 23 21 14  0 1 1 1 0 20 0 12.09 
0.349 4 4.10 4.10 4.1 4.1 0.190 0.123 1.4342 1.4872 0.3211 0.0259 0.160650 -2.434608 0.0000 0 0.0000 0  11 19 29 5 10 -2 40 10  0 1 1 1 0 20 0 12.11 
0.350 4 4.10 4.10 4.1 4.1 0.167 0.099 1.4872 1.5446 0.3227 0.0261 0.160650 -2.434593 0.0000 0 0.0000 0  37 18 -9 -16 8 18 20 8  0 1 1 1 0 20 0 12.11 
0.351 4 4.10 4.10 4.1 4.1 0.146 0.094 1.4872 1.6065 0.3241 0.0264 0.163241 -2.434591 0.0000 0 0.0000 0  20 9 25 -6 38 12 50 10  0 1 1 1 0 20 0 12.11 
0.352 4 4.10 4.10 4.1 4.1 0.133 0.175 1.4872 1.5446 0.3257 0.0266 0.163241 -2.434560 0.0000 0 0.0000 0  51 -28 4 28 10 2 19 13  0 1 1 1 0 20 0 12.10 
0.353 4 4.10 4.10 4.1 4.1 0.200 0.118 1.4872 1.6065 0.3269 0.0268 0.163241 -2.434468 0.0000 0 0.0000 0  42 15 12 13 14 11 9 27  0 1 1 1 0 20 0 12.12 
0.354 4 4.10 4.10 4.1 4.1 0.180 0.136 1.4872 1.6065 0.3284 0.0271 0.163241 -2.434354 0.0000 0 0.0000 0  39 64 -15 -9 8 19 -2 10  0 1 1 1 0 20 0 12.11 
0.355 4 4.10 4.10 4.1 4.1 0.180 0.085 1.4872 1.6065 0.3298 0.0273 0.165832 -2.434244 0.0000 0 0.0000 0  12 20 28 19 42 41 20 42  0 1 1 1 0 20 0 12.11 
0.356 4 4.10 4.10 4.1 4.1 0.157 0.135 1.4872 1.6732 0.3314 0.0276 0.165832 -2.434110 0.0000 0 0.0000 0  6 2 12 -5 13 10 10 32  0 1 1 1 0 20 0 12.12 
0.357 4 4.10 4.10 4.1 4.1 0.158 0.112 1.4342 1.6065 0.3326 0.0278 0.165832 -2.433956 0.0000 0 0.0000 0  25 -20 17 8 22 -1 -25 -1  0 1 1 1 0 20 0 12.11 
0.358 4 4.10 4.10 4.1 4.1 0.202 0.087 1.5446 1.6065 0.3342 0.0280 0.165832 -2.433807 0.0000 0 0.0000 0  -13 -12 -6 -7 -9 30 -13 4  0 1 1 1 0 20 0 12.12 
0.359 4 4.10 4.10 4.1 4.1 0.158 0.139 1.4872 1.5446 0.3356 0.0283 0.168423 -2.433664 0.0000 0 0.0000 0  2 53 25 12 29 19 14 -8  0 1 1 1 0 20 0 12.11 
0.360 4 4.10 4.10 4.1 4.1 0.170 0.078 1.4872 1.6065 0.3372 0.0285 0.168423 -2.433526 0.0000 0 0.0000 0  17 7 11 -12 27 20 -11 8  0 1 1 1 0 20 0 12.11 
0.361 4 4.10 4.10 4.1 4.1 0.102 0.154 1.4872 1.6065 0.3385 0.0288 0.171014 -2.433381 0.0000 0 0.0000 0  32 8 10 0 15 -5 28 2  0 1 1 1 0 20 0 12.11 
0.362 4 4.10 4.10 4.1 4.1 0.189 0.083 1.4872 1.6065 0.3399 0.0290 0.168423 -2.433218 0.0000 0 0.0000 0  -6 43 -4 9 2 9 1 -14  0 1 1 1 0 20 0 12.12 
0.363 4 4.10 4.10 4.1 4.1 0.165 0.112 1.4342 1.6065 0.3413 0.0292 0.171014 -2.433055 0.0000 0 0.0000 0  21 21 16 11 28 39 15 32  0 1 1 1 0 20 0 12.12 
0.364 4 4.10 4.10 4.1 4.1 0.151 0.088 1.4872 1.6732 0.3429 0.0295 0.171014 -2.432904 0.0000 0 0.0000 0  35 -4 10 10 24 24 18 9  0 1 1 1 0 20 0 12.12 
0.365 4 4.10 4.10 4.1 4.1 0.153 0.143 1.4872 1.6732 0.3443 0.0298 0.173605 -2.432745 0.0000 0 0.0000 0  33 9 18 13 18 6 19 32  0 1 1 1 0 20 0 12.11 
0.366 4 4.10 4.10 4.1 4.1 0.156 0.134 1.4872 1.6065 0.3457 0.0300 0.171014 -2.432577 0.0000 0 0.0000 0  5 36 14 -12 9 -6 20 -1  0 1 1 1 0 20 0 12.11 
0.367 4 4.10 4.10 4.1 4.1 0.201 0.081 1.4872 1.6065 0.3471 0.0302 0.173605 -2.432422 0.0000 0 0.0000 0  17 28 14 -14 25 1 41 -4  0 1 1 1 0 20 0 12.10 
0.368 4 4.10 4.10 4.1 4.1 0.136 0.100 1.4342 1.6065 0.3486 0.0305 0.173605 -2.432292 0.0000 0 0.0000 0  9 10 19 5 11 21 34 17  0 1 1 1 0 20 0 12.12 
0.369 4 4.10 4.10 4.1 4.1 0.156 0.105 1.4872 1.6732 0.3500 0.0308 0.176197 -2.432159 0.0000 0 0.0000 0  11 22 -11 -9 9 -7 20 2  0 1 1 1 0 20 0 12.11 
0.370 4 4.10 4.10 4.1 4.1 0.108 0.123 1.4872 1.6732 0.3516 0.0310 0.176197 -2.432009 0.0000 0 0.0000 0  41 23 25 3 1 12 30 -2  0 1 1 1 0 20 0 12.11 
0.371 4 4.10 4.10 4.1 4.1 0.162 0.142 1.4342 1.6065 0.3528 0.0313 0.176197 -2.431864 0.0000 0 0.0000 0  22 56 27 0 21 19 44 -18  0 1 1 1 0 20 0 12.11 
0.372 4 4.10 4.10 4.1 4.1 0.177 0.114 1.4872 1.6065 0.3544 0.0315 0.176197 -2.431733 0.0000 0 0.0000 0  16 7 22 5 12 15 39 9  0 1 1 1 0 20 0 12.11 
0.373 4 4.10 4.10 4.1 4.1 0.165 0.160 1.4872 1.6732 0.3558 0.0318 0.178788 -2.431600 0.0000 0 0.0000 0  27 49 15 8 29 10 28 11  0 1 1 1 0 20 0 12.11 
0.374 4 4.10 4.10 4.1 4.1 0.166 0.112 1.4872 1.6065 0.3573 0.0321 0.178788 -2.431466 0.0000 0 0.0000 0  17 70 -7 -6 9 12 11 -15  0 1 1 1 0 20 0 12.10 
0.375 4 4.10 4.10 4.1 4.1 0.119 0.105 1.4342 1.5446 0.3585 0.0323 0.178788 -2.431338 0.0000 0 0.0000 0  33 27 14 -11 25 3 70 10  0 1 1 1 0 20 0 12.10 
0.376 4 4.10 4.10 4.1 4.1 0.183 0.056 1.4342 1.5446 0.3601 0.0326 0.178788 -2.431228 0.0000 0 0.0000 0  5 6 -2 2 17 21 2 16  0 1 1 1 0 20 0 12.11 
0.377 4 4.10 4.10 4.1 4.1 0.155 0.124 1.4872 1.6065 0.3615 0.0328 0.181379 -2.431120 0.0000 0 0.0000 0  40 6 23 -23 7 7 18 13  0 1 1 1 0 20 0 12.12 
0.378 4 4.10 4.10 4.1 4.1 0.179 0.149 1.4872 1.6065 0.3631 0.0331 0.181379 -2.430982 0.0000 0 0.0000 0  3 9 3 4 15 27 -2 14  0 1 1 1 0 20 0 12.11 
0.379 4 4.10 4.10 4.1 4.1 0.142 0.085 1.4872 1.4342 0.3644 0.0334 0.183970 -2.430837 0.0000 0 0.0000 0  70 19 10 7 9 -17 53 9  0 1 1 1 0 20 0 12.11 
0.380 4 4.10 4.10 4.1 4.1 0.176 0.156 1.4872 1.6065 0.3658 0.0336 0.181379 -2.430721 0.0000 0 0.0000 0  -18 28 8 5 14 69 -13 -1  0 1 1 1 0 20 0 12.10 
0.381 4 4.10 4.10 4.1 4.1 0.173 0.074 1.4872 1.6732 0.3672 0.0339 0.183970 -2.430617 0.0000 0 0.0000 0  39 20 9 -11 27 -2 13 17  0 1 1 1 0 20 0 12.11 
0.382 4 4.10 4.10 4.1 4.1 0.170 0.126 1.4342 1.6732 0.3688 0.0342 0.183970 -2.430501 0.0000 0 0.0000 0  -16 59 13 -5 18 24 18 -3  0 1 1 1 0 20 0 12.11 
0.383 4 4.10 4.10 4.1 4.1 0.157 0.061 1.4342 1.6732 0.3702 0.0344 0.186561 -2.430388 0.0000 0 0.0000 0  12 9 12 -1 7 -4 40 2  0 1 1 1 0 20 0 12.11 
0.384 4 4.10 4.10 4.1 4.1 0.146 0.130 1.4342 1.6065 0.3717 0.0347 0.186561 -2.430292 0.0000 0 0.0000 0  -5 4 11 -4 15 23 41 6  0 1 1 1 0 20 0 12.12 
0.385 4 4.10 4.10 4.1 4.1 0.140 0.105 1.5446 1.5446 0.3731 0.0350 0.183970 -2.430194 0.0000 0 0.0000 0  33 41 9 -10 25 8 46 18  0 1 1 1 0 20 0 12.11 
0.386 4 4.10 4.10 4.1 4.1 0.195 0.127 1.5446 1.6732 0.3745 0.0353 0.186561 -2.430081 0.0000 0 0.0000 0  12 30 8 8 -2 24 9 23  0 1 1 1 0 20 0 12.12 
0.387 4 4.10 4.10 4.1 4.1 0.202 0.152 1.4872 1.5446 0.3761 0.0356 0.186561 -2.429956 0.0000 0 0.0000 0  36 6 4 -17 -3 20 36 11  0 1 1 1 0 20 0 12.12 
0.388 4 4.10 4.10 4.1 4.1 0.157 0.095 1.4872 1.6065 0.3775 0.0358 0.189152 -2.429832 0.0000 0 0.0000 0  30 69 24 -6 7 20 56 15  0 1 1 1 0 20 0 12.12 
