%% logfile from robot 20
%  1    time 0.000 sec
%  2    mission (0) state 2
%  3  4 Motor velocity ref left, right: 2.10 2.10
%  5  6 Motor voltage [V] left, right: 2.1 2.1
%  7  8 Motor current left, right [A]: -0.029 -0.027
%  9 10 Wheel velocity [m/s] left, right: 0.0000 0.0000
% 11    Turnrate [r/s]: 0.0000
% 12 13 14 15 Pose x,y,h,tilt [m,m,rad,rad]: 0.0000 0.0000 0.000000 -1.982999
% 16 .. 35 Line sensor: left 0.496010 0, right 4.180000 0, values 50 -5 16 0 23 31 6 26, white 0, used 1, LEDhigh=1, xb=1 xw=0 xbc=20 xwc=0
% 35    Battery voltage [V]: 12.34
0.001 2 2.10 2.10 2.1 2.1 0.063 0.058 0.0000 0.0000 0.0000 0.0000 0.0000 0.000000 -1.982993 0.4960 0 4.1800 0  44 35 -18 21 12 34 -16 43  0 1 1 1 0 20 0 12.29 
0.002 2 2.10 2.10 2.1 2.1 0.275 0.280 0.0000 0.0000 0.0000 0.0000 0.0000 0.000000 -1.982993 0.4960 0 4.1800 0  -11 -21 20 33 -1 18 17 17  0 1 1 1 0 20 0 12.27 
0.003 2 2.10 2.10 2.1 2.1 0.439 0.434 0.0000 0.0000 0.0000 0.0000 0.0000 0.000000 -1.982991 0.4960 0 4.1800 0  14 4 3 46 6 11 24 18  0 1 1 1 0 20 0 12.24 
0.004 2 2.10 2.10 2.1 2.1 0.522 0.491 0.0000 0.0000 0.0000 0.0002 -0.0000 -0.002591 -1.982986 0.4960 0 4.1800 0  0 2 29 26 27 39 -29 68  0 1 1 1 0 20 0 12.24 
0.005 2 2.10 2.10 2.1 2.1 0.509 0.514 0.0000 0.0000 0.0000 0.0004 -0.0000 0.000000 -1.982982 0.4960 0 4.1800 0  -72 40 -5 35 49 -51 37 35  0 1 1 1 0 20 0 12.23 
0.006 2 2.10 2.10 2.1 2.1 0.532 0.499 0.0000 0.0000 0.0000 0.0004 -0.0000 0.000000 -1.982979 0.4960 0 4.1800 0  -18 44 -43 29 -26 51 -18 44  0 1 1 1 0 20 0 12.23 
0.007 2 2.10 2.10 2.1 2.1 0.488 0.470 0.1149 0.0000 -0.7411 0.0006 -0.0000 -0.002591 -1.982975 0.4960 0 4.1800 0  23 18 6 66 -28 44 -16 48  0 1 1 1 0 20 0 12.22 
0.008 2 2.10 2.10 2.1 2.1 0.477 0.481 0.1149 0.1514 0.2358 0.0008 -0.0000 0.000000 -1.982970 0.4960 0 4.1800 0  -82 57 -12 41 38 -14 25 -12  0 1 1 1 0 20 0 12.24 
0.009 2 2.10 2.10 2.1 2.1 0.493 0.447 0.1831 0.1514 -0.2047 0.0010 -0.0000 -0.002591 -1.982963 0.4960 0 4.1800 0  20 4 41 21 6 4 17 5  0 1 1 1 0 20 0 12.24 
0.010 2 2.10 2.10 2.1 2.1 0.452 0.418 0.1831 0.1940 0.0700 0.0012 -0.0000 0.000000 -1.982957 0.4960 0 4.1800 0  54 -15 5 25 37 -3 11 16  0 1 1 1 0 20 0 12.25 
0.011 2 2.10 2.10 2.1 2.1 0.456 0.426 0.2293 0.1940 -0.2280 0.0014 -0.0000 -0.002591 -1.982952 0.4960 0 4.1800 0  -41 67 3 37 59 -22 53 -4  0 1 1 1 0 20 0 12.26 
0.012 2 2.10 2.10 2.1 2.1 0.359 0.409 0.2293 0.2554 0.1684 0.0016 -0.0000 0.000000 -1.982948 0.4960 0 4.1800 0  -28 24 6 18 39 -11 20 23  0 1 1 1 0 20 0 12.26 
0.013 2 2.10 2.10 2.1 2.1 0.372 0.428 0.2402 0.2229 -0.1114 0.0020 -0.0000 0.000000 -1.982944 0.4960 0 4.1800 0  -78 26 -12 29 27 -23 12 -11  0 1 1 1 0 20 0 12.25 
0.014 2 2.10 2.10 2.1 2.1 0.378 0.416 0.2767 0.2229 -0.3472 0.0022 -0.0000 -0.002591 -1.982942 0.4960 0 4.1800 0  -14 8 1 25 33 -12 13 15  0 1 1 1 0 20 0 12.24 
0.015 2 2.10 2.10 2.1 2.1 0.338 0.334 0.2767 0.3113 0.2228 0.0024 -0.0000 0.000000 -1.982945 0.4960 0 4.1800 0  -4 19 5 28 47 4 41 9  0 1 1 1 0 20 0 12.26 
0.016 2 2.10 2.10 2.1 2.1 0.358 0.358 0.2807 0.3088 0.1814 0.0028 -0.0000 0.000000 -1.982950 0.4960 0 4.1800 0  -80 78 -46 42 -15 3 26 -39  0 1 1 1 0 20 0 12.27 
0.017 2 2.10 2.10 2.1 2.1 0.378 0.359 0.3265 0.3462 0.1270 0.0032 -0.0000 0.000000 -1.982957 0.4960 0 4.1800 0  -4 17 26 43 10 -13 62 -32  0 1 1 1 0 20 0 12.26 
0.018 2 2.10 2.10 2.1 2.1 0.331 0.365 0.3462 0.2996 -0.3006 0.0036 -0.0000 0.000000 -1.982964 0.4960 0 4.1800 0  -30 46 -31 58 -13 -9 26 -16  0 1 1 1 0 20 0 12.25 
0.019 2 2.10 2.10 2.1 2.1 0.299 0.315 0.3683 0.2996 -0.4431 0.0038 -0.0000 -0.002591 -1.982971 0.4960 0 4.1800 0  20 -22 49 32 39 -28 58 4  0 1 1 1 0 20 0 12.26 
0.020 2 2.10 2.10 2.1 2.1 0.343 0.320 0.3430 0.3823 0.2539 0.0042 -0.0000 -0.002591 -1.982984 0.4960 0 4.1800 0  -79 73 -28 26 -4 14 35 2  0 1 1 1 0 20 0 12.27 
0.021 2 2.10 2.10 2.1 2.1 0.346 0.292 0.4016 0.3490 -0.3394 0.0046 -0.0000 -0.002591 -1.983000 0.4960 0 4.1800 0  30 -9 59 3 18 64 -9 -8  0 1 1 1 0 20 0 12.27 
0.022 2 2.10 2.10 2.1 2.1 0.323 0.286 0.4181 0.3787 -0.2539 0.0050 -0.0000 -0.002591 -1.983015 0.4960 0 4.1800 0  -83 65 -13 39 14 6 20 20  0 1 1 1 0 20 0 12.27 
0.023 2 2.10 2.10 2.1 2.1 0.290 0.238 0.4225 0.3615 -0.3939 0.0054 -0.0000 -0.002591 -1.983028 0.4960 0 4.1800 0  10 29 37 7 68 -16 36 30  0 1 1 1 0 20 0 12.26 
0.024 2 2.10 2.10 2.1 2.1 0.316 0.261 0.3896 0.3976 0.0518 0.0058 -0.0000 -0.002591 -1.983044 0.4960 0 4.1800 0  34 -13 51 11 10 37 -18 76  0 1 1 1 0 20 0 12.27 
0.025 2 2.10 2.10 2.1 2.1 0.280 0.283 0.4181 0.4016 -0.1062 0.0062 -0.0000 -0.002591 -1.983066 0.4960 0 4.1800 0  -80 57 -21 41 38 -52 40 -11  0 1 1 1 0 20 0 12.26 
0.026 2 2.10 2.10 2.1 2.1 0.252 0.279 0.4462 0.4137 -0.2099 0.0066 -0.0000 -0.002591 -1.983089 0.4960 0 4.1800 0  8 41 -35 56 -12 33 15 -17  0 1 1 1 0 20 0 12.27 
0.027 2 2.10 2.10 2.1 2.1 0.280 0.240 0.4562 0.4269 -0.1892 0.0072 -0.0000 0.000000 -1.983119 0.4960 0 4.1800 0  72 -14 52 35 13 54 -31 67  0 1 1 1 0 20 0 12.26 
0.028 2 2.10 2.10 2.1 2.1 0.265 0.280 0.4016 0.4410 0.2539 0.0076 -0.0000 0.000000 -1.983166 0.4960 0 4.1800 0  -24 26 13 56 14 7 47 3  0 1 1 1 0 20 0 12.26 
0.029 2 2.10 2.10 2.1 2.1 0.245 0.237 0.4510 0.4723 0.1373 0.0082 -0.0000 -0.002591 -1.983214 0.4960 0 4.1800 0  -26 19 37 -9 42 4 20 23  0 1 1 1 0 20 0 12.27 
0.030 2 2.10 2.10 2.1 2.1 0.257 0.258 0.4779 0.4462 -0.2047 0.0086 -0.0000 -0.002591 -1.983250 0.4960 0 4.1800 0  -51 -4 24 -2 69 -20 15 25  0 1 1 1 0 20 0 12.28 
0.031 2 2.10 2.10 2.1 2.1 0.233 0.253 0.5081 0.4836 -0.1581 0.0090 -0.0000 -0.002591 -1.983276 0.4960 0 4.1800 0  -28 67 -11 20 51 -30 46 -7  0 1 1 1 0 20 0 12.29 
0.032 2 2.10 2.10 2.1 2.1 0.202 0.201 0.5149 0.5149 0.0000 0.0096 -0.0000 0.000000 -1.983297 0.4960 0 4.1800 0  42 -14 61 -15 57 -11 44 21  0 1 1 1 0 20 0 12.28 
0.033 2 2.10 2.10 2.1 2.1 0.219 0.210 0.5213 0.4779 -0.2798 0.0102 -0.0000 -0.002591 -1.983308 0.4960 0 4.1800 0  27 48 -23 79 3 15 50 -7  0 1 1 1 0 20 0 12.29 
0.034 2 2.10 2.10 2.1 2.1 0.272 0.188 0.5020 0.5149 0.0829 0.0106 -0.0000 -0.002591 -1.983305 0.4960 0 4.1800 0  3 11 -27 -12 5 1 -28 3  0 1 1 1 0 20 0 12.26 
0.035 2 2.10 2.10 2.1 2.1 0.272 0.175 0.5213 0.5149 -0.0415 0.0110 -0.0000 -0.002591 -1.983286 0.4960 0 4.1800 0  40 26 -2 66 -3 48 21 -20  0 1 1 1 0 20 0 12.28 
0.036 2 2.10 2.10 2.1 2.1 0.256 0.230 0.5354 0.4836 -0.3343 0.0118 -0.0000 -0.002591 -1.983241 0.4960 0 4.1800 0  18 26 -9 39 9 13 6 3  0 1 1 1 0 20 0 12.28 
0.037 2 2.10 2.10 2.1 2.1 0.204 0.170 0.5281 0.5281 0.0000 0.0122 -0.0000 -0.002591 -1.983170 0.4960 0 4.1800 0  16 -8 41 29 20 13 4 15  0 1 1 1 0 20 0 12.28 
0.038 2 2.10 2.10 2.1 2.1 0.184 0.195 0.5426 0.5426 0.0000 0.0127 -0.0000 -0.002591 -1.983083 0.4960 0 4.1800 0  -43 32 -1 25 51 -21 8 33  0 1 1 1 0 20 0 12.29 
0.039 2 2.10 2.10 2.1 2.1 0.199 0.188 0.5575 0.5020 -0.3576 0.0135 -0.0000 -0.002591 -1.982994 0.4960 0 4.1800 0  -31 -5 39 -15 66 -16 45 30  0 1 1 1 0 20 0 12.28 
0.040 2 2.10 2.10 2.1 2.1 0.188 0.176 0.5426 0.5498 0.0466 0.0139 -0.0000 -0.002591 -1.982915 0.4960 0 4.1800 0  65 21 -8 34 -8 7 8 5  0 1 1 1 0 20 0 12.28 
0.041 2 2.10 2.10 2.1 2.1 0.191 0.194 0.5655 0.5281 -0.2410 0.0143 -0.0000 -0.002591 -1.982856 0.4960 0 4.1800 0  -58 19 22 -13 52 -23 18 34  0 1 1 1 0 20 0 12.30 
0.042 2 2.10 2.10 2.1 2.1 0.169 0.188 0.5820 0.5575 -0.1581 0.0151 -0.0000 -0.002591 -1.982831 0.4960 0 4.1800 0  16 22 30 -11 42 -6 6 30  0 1 1 1 0 20 0 12.28 
0.043 2 2.10 2.10 2.1 2.1 0.226 0.174 0.5498 0.5904 0.2617 0.0155 -0.0000 -0.002591 -1.982839 0.4960 0 4.1800 0  3 18 -53 39 -9 51 -20 29  0 1 1 1 0 20 0 12.28 
0.044 2 2.10 2.10 2.1 2.1 0.194 0.192 0.5655 0.6085 0.2773 0.0163 -0.0000 -0.002591 -1.982882 0.4960 0 4.1800 0  -4 25 23 38 7 10 24 29  0 1 1 1 0 20 0 12.27 
0.045 2 2.10 2.10 2.1 2.1 0.163 0.170 0.5820 0.5655 -0.1062 0.0167 -0.0000 -0.002591 -1.982955 0.4960 0 4.1800 0  -27 57 -31 34 -15 42 23 -4  0 1 1 1 0 20 0 12.28 
0.046 2 2.10 2.10 2.1 2.1 0.165 0.132 0.6085 0.5213 -0.5623 0.0173 -0.0000 -0.005182 -1.983054 0.4960 0 4.1800 0  12 -13 55 40 21 2 47 -10  0 1 1 1 0 20 0 12.28 
0.047 2 2.10 2.10 2.1 2.1 0.203 0.147 0.5820 0.5820 0.0000 0.0179 -0.0000 -0.002591 -1.983173 0.4960 0 4.1800 0  54 4 -4 53 -10 2 22 -7  0 1 1 1 0 20 0 12.28 
0.048 2 2.10 2.10 2.1 2.1 0.181 0.194 0.5904 0.5820 -0.0544 0.0187 -0.0000 -0.002591 -1.983294 0.4960 0 4.1800 0  -50 28 15 12 22 15 32 39  0 1 1 1 0 20 0 12.28 
0.049 2 2.10 2.10 2.1 2.1 0.165 0.183 0.5992 0.5820 -0.1114 0.0191 -0.0000 -0.002591 -1.983393 0.4960 0 4.1800 0  -50 71 -9 32 50 13 47 5  0 1 1 1 0 20 0 12.29 
0.050 2 2.10 2.10 2.1 2.1 0.195 0.188 0.6085 0.6177 0.0596 0.0197 -0.0000 -0.005182 -1.983458 0.4960 0 4.1800 0  13 32 -12 61 9 17 20 16  0 1 1 1 0 20 0 12.28 
0.051 2 2.10 2.10 2.1 2.1 0.192 0.148 0.6085 0.6177 0.0596 0.0203 -0.0000 -0.002591 -1.983487 0.4960 0 4.1800 0  -1 -1 -4 29 13 19 13 6  0 1 1 1 0 20 0 12.28 
0.052 2 2.10 2.10 2.1 2.1 0.179 0.135 0.6177 0.6374 0.1270 0.0211 -0.0000 -0.002591 -1.983477 0.4960 0 4.1800 0  17 45 1 73 -1 61 30 -26  0 1 1 1 0 20 0 12.29 
0.053 2 2.10 2.10 2.1 2.1 0.147 0.154 0.6273 0.5735 -0.3472 0.0215 -0.0000 -0.002591 -1.983424 0.4960 0 4.1800 0  -32 22 6 22 32 -8 51 -20  0 1 1 1 0 20 0 12.28 
0.054 2 2.10 2.10 2.1 2.1 0.115 0.138 0.6273 0.6273 0.0000 0.0223 -0.0000 -0.002591 -1.983332 0.4960 0 4.1800 0  -39 19 13 -1 20 -16 55 16  0 1 1 1 0 20 0 12.28 
0.055 2 2.10 2.10 2.1 2.1 0.113 0.154 0.6273 0.6474 0.1296 0.0227 -0.0001 -0.002591 -1.983218 0.4960 0 4.1800 0  -10 59 -7 29 7 -29 37 -30  0 1 1 1 0 20 0 12.29 
0.056 2 2.10 2.10 2.1 2.1 0.156 0.142 0.6085 0.6374 0.1866 0.0235 -0.0001 -0.002591 -1.983096 0.4960 0 4.1800 0  -56 61 -23 21 34 -20 47 -17  0 1 1 1 0 20 0 12.28 
0.057 2 2.10 2.10 2.1 2.1 0.184 0.146 0.6273 0.6177 -0.0622 0.0239 -0.0001 -0.002591 -1.982973 0.4960 0 4.1800 0  7 22 16 -53 49 37 -22 58  0 1 1 1 0 20 0 12.28 
0.058 2 2.10 2.10 2.1 2.1 0.178 0.144 0.6583 0.6085 -0.3213 0.0247 -0.0001 -0.002591 -1.982869 0.4960 0 4.1800 0  -1 23 5 24 15 12 14 26  0 1 1 1 0 20 0 12.29 
0.059 2 2.10 2.10 2.1 2.1 0.147 0.126 0.6374 0.6474 0.0648 0.0253 -0.0001 -0.005182 -1.982789 0.4960 0 4.1800 0  1 11 11 40 32 -17 51 -2  0 1 1 1 0 20 0 12.29 
0.060 2 2.10 2.10 2.1 2.1 0.112 0.134 0.6583 0.6583 0.0000 0.0259 -0.0001 -0.002591 -1.982738 0.4960 0 4.1800 0  -6 51 -24 60 10 -26 49 -38  0 1 1 1 0 20 0 12.29 
0.061 2 2.10 2.10 2.1 2.1 0.147 0.124 0.6085 0.6474 0.2513 0.0267 -0.0001 -0.002591 -1.982726 0.4960 0 4.1800 0  -64 76 8 57 39 17 20 -14  0 1 1 1 0 20 0 12.30 
0.062 2 2.10 2.10 2.1 2.1 0.181 0.138 0.6374 0.6474 0.0648 0.0271 -0.0001 -0.002591 -1.982752 0.4960 0 4.1800 0  -40 65 -8 7 40 -21 36 -1  0 1 1 1 0 20 0 12.29 
0.063 2 2.10 2.10 2.1 2.1 0.177 0.166 0.6474 0.6273 -0.1296 0.0279 -0.0001 -0.002591 -1.982805 0.4960 0 4.1800 0  3 44 -19 40 -9 60 31 -15  0 1 1 1 0 20 0 12.30 
0.064 2 2.10 2.10 2.1 2.1 0.173 0.147 0.6804 0.6691 -0.0726 0.0285 -0.0001 -0.005182 -1.982876 0.4960 0 4.1800 0  35 -7 33 40 -11 50 -30 68  0 1 1 1 0 20 0 12.29 
0.065 2 2.10 2.10 2.1 2.1 0.135 0.112 0.6804 0.6804 0.0000 0.0291 -0.0001 -0.002591 -1.982953 0.4960 0 4.1800 0  19 12 -2 -11 -2 11 -5 16  0 1 1 1 0 20 0 12.29 
0.066 2 2.10 2.10 2.1 2.1 0.133 0.106 0.6474 0.6691 0.1399 0.0299 -0.0001 -0.002591 -1.983018 0.4960 0 4.1800 0  -69 38 -4 4 20 -16 42 -6  0 1 1 1 0 20 0 12.29 
0.067 2 2.10 2.10 2.1 2.1 0.158 0.104 0.6583 0.6691 0.0700 0.0305 -0.0001 -0.005182 -1.983068 0.4960 0 4.1800 0  -71 28 21 4 56 -26 67 14  0 1 1 1 0 20 0 12.29 
0.068 2 2.10 2.10 2.1 2.1 0.130 0.125 0.6691 0.6085 -0.3913 0.0311 -0.0001 -0.002591 -1.983103 0.4960 0 4.1800 0  -36 52 -17 83 -5 38 23 -20  0 1 1 1 0 20 0 12.28 
0.069 2 2.10 2.10 2.1 2.1 0.165 0.133 0.6691 0.6804 0.0726 0.0319 -0.0001 -0.002591 -1.983122 0.4960 0 4.1800 0  12 11 3 15 13 5 -5 47  0 1 1 1 0 20 0 12.29 
0.070 2 2.10 2.10 2.1 2.1 0.150 0.154 0.6804 0.7044 0.1555 0.0325 -0.0001 -0.005182 -1.983129 0.4960 0 4.1800 0  -57 -2 30 -18 56 -33 15 37  0 1 1 1 0 20 0 12.29 
0.071 2 2.10 2.10 2.1 2.1 0.146 0.113 0.6583 0.6691 0.0700 0.0331 -0.0001 -0.002591 -1.983114 0.4960 0 4.1800 0  -8 44 -29 65 -21 34 26 -28  0 1 1 1 0 20 0 12.29 
0.072 2 2.10 2.10 2.1 2.1 0.107 0.078 0.6804 0.6924 0.0777 0.0339 -0.0001 -0.002591 -1.983080 0.4960 0 4.1800 0  -32 32 17 33 46 -12 46 35  0 1 1 1 0 20 0 12.30 
0.073 2 2.10 2.10 2.1 2.1 0.116 0.088 0.6374 0.6691 0.2047 0.0343 -0.0001 -0.002591 -1.983050 0.4960 0 4.1800 0  32 26 33 -43 51 -26 23 68  0 1 1 1 0 20 0 12.29 
0.074 2 2.10 2.10 2.1 2.1 0.103 0.109 0.6691 0.6924 0.1503 0.0351 -0.0001 -0.002591 -1.983026 0.4960 0 4.1800 0  29 -30 62 -48 33 46 1 53  0 1 1 1 0 20 0 12.30 
0.075 2 2.10 2.10 2.1 2.1 0.112 0.082 0.6804 0.6583 -0.1425 0.0359 -0.0001 -0.002591 -1.983006 0.4960 0 4.1800 0  3 33 20 -10 61 -14 31 25  0 1 1 1 0 20 0 12.29 
0.076 2 2.10 2.10 2.1 2.1 0.103 0.049 0.6924 0.6924 0.0000 0.0365 -0.0001 -0.005182 -1.982999 0.4960 0 4.1800 0  0 17 12 46 37 -13 49 1  0 1 1 1 0 20 0 12.29 
0.077 2 2.10 2.10 2.1 2.1 0.132 0.057 0.6691 0.6804 0.0726 0.0372 -0.0001 -0.002591 -1.983008 0.4960 0 4.1800 0  -29 22 15 22 18 -19 43 -43  0 1 1 1 0 20 0 12.29 
0.078 2 2.10 2.10 2.1 2.1 0.167 0.102 0.6691 0.7044 0.2280 0.0380 -0.0001 -0.002591 -1.983022 0.4960 0 4.1800 0  8 8 12 20 16 32 -26 64  0 1 1 1 0 20 0 12.29 
0.079 2 2.10 2.10 2.1 2.1 0.126 0.121 0.6583 0.6691 0.0700 0.0386 -0.0001 -0.005182 -1.983036 0.4960 0 4.1800 0  7 4 9 20 9 53 5 21  0 1 1 1 0 20 0 12.29 
0.080 2 2.10 2.10 2.1 2.1 0.110 0.052 0.6804 0.6691 -0.0726 0.0392 -0.0001 -0.002591 -1.983048 0.4960 0 4.1800 0  -44 28 8 9 45 -22 23 19  0 1 1 1 0 20 0 12.30 
0.081 2 2.10 2.10 2.1 2.1 0.114 0.058 0.6924 0.6924 0.0000 0.0400 -0.0001 -0.002591 -1.983059 0.4960 0 4.1800 0  44 19 45 -12 21 59 -22 36  0 1 1 1 0 20 0 12.29 
0.082 2 2.10 2.10 2.1 2.1 0.150 0.089 0.6924 0.6583 -0.2202 0.0406 -0.0001 -0.005182 -1.983071 0.4960 0 4.1800 0  35 36 -11 49 -24 52 -6 30  0 1 1 1 0 20 0 12.30 
0.083 2 2.10 2.10 2.1 2.1 0.133 0.143 0.6691 0.6924 0.1503 0.0412 -0.0001 -0.002591 -1.983081 0.4960 0 4.1800 0  -59 58 -24 28 33 -18 26 -4  0 1 1 1 0 20 0 12.29 
0.084 2 2.10 2.10 2.1 2.1 0.116 0.077 0.7044 0.7302 0.1658 0.0420 -0.0001 -0.002591 -1.983083 0.4960 0 4.1800 0  19 31 29 37 53 -16 17 19  0 1 1 1 0 20 0 12.30 
0.085 2 2.10 2.10 2.1 2.1 0.096 0.059 0.6691 0.7169 0.3083 0.0428 -0.0001 -0.002591 -1.983073 0.4960 0 4.1800 0  -25 46 26 67 3 13 18 6  0 1 1 1 0 20 0 12.29 
0.086 2 2.10 2.10 2.1 2.1 0.162 0.078 0.7169 0.6804 -0.2358 0.0434 -0.0001 -0.005182 -1.983049 0.4960 0 4.1800 0  53 17 -5 58 1 27 12 6  0 1 1 1 0 20 0 12.29 
0.087 2 2.10 2.10 2.1 2.1 0.151 0.100 0.7169 0.6691 -0.3083 0.0440 -0.0001 -0.002591 -1.983017 0.4960 0 4.1800 0  -47 29 26 2 63 -16 48 -1  0 1 1 1 0 20 0 12.30 
0.088 2 2.10 2.10 2.1 2.1 0.125 0.117 0.6924 0.6924 0.0000 0.0448 -0.0001 -0.002591 -1.982985 0.4960 0 4.1800 0  -37 39 -7 35 27 -3 51 -19  0 1 1 1 0 20 0 12.29 
0.089 2 2.10 2.10 2.1 2.1 0.106 0.069 0.7169 0.6177 -0.6400 0.0456 -0.0001 -0.002591 -1.982957 0.4960 0 4.1800 0  -23 47 15 19 19 4 10 34  0 1 1 1 0 20 0 12.30 
0.090 2 2.10 2.10 2.1 2.1 0.120 0.070 0.6583 0.7169 0.3783 0.0460 -0.0001 -0.002591 -1.982934 0.4960 0 4.1800 0  71 2 32 41 -4 65 -8 45  0 1 1 1 0 20 0 12.29 
0.091 2 2.10 2.10 2.1 2.1 0.143 0.094 0.6804 0.7302 0.3213 0.0468 -0.0001 -0.002591 -1.982919 0.4960 0 4.1800 0  34 35 0 68 8 20 17 18  0 1 1 1 0 20 0 12.29 
0.092 2 2.10 2.10 2.1 2.1 0.099 0.108 0.7434 0.7169 -0.1710 0.0476 -0.0001 -0.002591 -1.982910 0.4960 0 4.1800 0  21 2 -1 28 33 -28 47 -2  0 1 1 1 0 20 0 12.29 
0.093 2 2.10 2.10 2.1 2.1 0.112 0.113 0.7302 0.7434 0.0855 0.0484 -0.0001 -0.002591 -1.982904 0.4960 0 4.1800 0  20 31 26 10 14 12 35 -28  0 1 1 1 0 20 0 12.30 
0.094 2 2.10 2.10 2.1 2.1 0.116 0.098 0.7302 0.6804 -0.3213 0.0488 -0.0001 -0.002591 -1.982904 0.4960 0 4.1800 0  -63 78 -34 75 2 75 9 15  0 1 1 1 0 20 0 12.29 
0.095 2 2.10 2.10 2.1 2.1 0.151 0.073 0.7044 0.7169 0.0803 0.0496 -0.0001 -0.002591 -1.982919 0.4960 0 4.1800 0  0 10 -1 44 18 35 1 6  0 1 1 1 0 20 0 12.30 
0.096 2 2.10 2.10 2.1 2.1 0.161 0.083 0.7169 0.6583 -0.3783 0.0504 -0.0001 -0.002591 -1.982945 0.4960 0 4.1800 0  5 18 -17 31 16 -2 9 4  0 1 1 1 0 20 0 12.29 
0.097 2 2.10 2.10 2.1 2.1 0.112 0.091 0.7044 0.7302 0.1658 0.0512 -0.0001 -0.002591 -1.982971 0.4960 0 4.1800 0  -31 -17 59 73 49 17 -1 1  0 1 1 1 0 20 0 12.30 
0.098 2 2.10 2.10 2.1 2.1 0.077 0.062 0.7044 0.7169 0.0803 0.0516 -0.0001 -0.002591 -1.983002 0.4960 0 4.1800 0  36 11 54 -25 12 14 -6 37  0 1 1 1 0 20 0 12.29 
0.099 2 2.10 2.10 2.1 2.1 0.099 0.055 0.6924 0.7169 0.1581 0.0524 -0.0001 -0.002591 -1.983034 0.4960 0 4.1800 0  -13 72 8 8 56 -30 72 -4  0 1 1 1 0 20 0 12.28 
0.100 2 2.10 2.10 2.1 2.1 0.126 0.070 0.7169 0.7302 0.0855 0.0532 -0.0001 -0.002591 -1.983063 0.4960 0 4.1800 0  -53 -23 26 -26 60 -17 -7 46  0 1 1 1 0 20 0 12.29 
0.101 2 2.10 2.10 2.1 2.1 0.125 0.098 0.6804 0.7434 0.4068 0.0540 -0.0001 -0.002591 -1.983084 0.4960 0 4.1800 0  11 15 -1 5 18 41 3 5  0 1 1 1 0 20 0 12.29 
0.102 2 2.10 2.10 2.1 2.1 0.092 0.088 0.7044 0.7575 0.3420 0.0546 -0.0001 0.000000 -1.983096 0.4960 0 4.1800 0  38 12 21 64 7 51 9 22  0 1 1 1 0 20 0 12.29 
0.103 2 2.10 2.10 2.1 2.1 0.107 0.078 0.7044 0.7044 0.0000 0.0552 -0.0001 -0.002591 -1.983093 0.4960 0 4.1800 0  25 6 28 6 64 0 18 14  0 1 1 1 0 20 0 12.30 
0.104 2 2.10 2.10 2.1 2.1 0.133 0.074 0.7302 0.6583 -0.4638 0.0560 -0.0001 -0.002591 -1.983074 0.4960 0 4.1800 0  -54 32 0 26 37 8 36 -16  0 1 1 1 0 20 0 12.29 
0.105 2 2.10 2.10 2.1 2.1 0.156 0.107 0.7044 0.7169 0.0803 0.0568 -0.0002 -0.002591 -1.983042 0.4960 0 4.1800 0  -19 27 -41 62 -29 38 -17 5  0 1 1 1 0 20 0 12.30 
0.106 2 2.10 2.10 2.1 2.1 0.139 0.089 0.6924 0.6691 -0.1503 0.0572 -0.0002 -0.002591 -1.982996 0.4960 0 4.1800 0  68 -4 34 -9 -9 50 -26 58  0 1 1 1 0 20 0 12.29 
0.107 2 2.10 2.10 2.1 2.1 0.086 0.096 0.6924 0.7434 0.3291 0.0580 -0.0002 -0.002591 -1.982949 0.4960 0 4.1800 0  27 38 0 27 23 60 -27 61  0 1 1 1 0 20 0 12.29 
0.108 2 2.10 2.10 2.1 2.1 0.087 0.055 0.7044 0.7434 0.2513 0.0588 -0.0002 -0.002591 -1.982905 0.4960 0 4.1800 0  12 19 3 5 23 -10 52 -3  0 1 1 1 0 20 0 12.30 
0.109 2 2.10 2.10 2.1 2.1 0.109 0.045 0.7044 0.7575 0.3420 0.0596 -0.0002 -0.002591 -1.982872 0.4960 0 4.1800 0  -59 16 22 -16 36 -20 10 17  0 1 1 1 0 20 0 12.30 
0.110 2 2.10 2.10 2.1 2.1 0.135 0.123 0.7169 0.7302 0.0855 0.0602 -0.0002 0.000000 -1.982850 0.4960 0 4.1800 0  -38 32 6 43 43 18 12 1  0 1 1 1 0 20 0 12.30 
0.111 2 2.10 2.10 2.1 2.1 0.110 0.080 0.7044 0.7575 0.3420 0.0610 -0.0002 0.000000 -1.982849 0.4960 0 4.1800 0  12 -22 66 3 42 28 -39 70  0 1 1 1 0 20 0 12.27 
0.112 2 2.10 2.10 2.1 2.1 0.079 0.072 0.7302 0.7044 -0.1658 0.0616 -0.0002 -0.002591 -1.982876 0.4960 0 4.1800 0  -18 20 15 61 58 15 20 26  0 1 1 1 0 20 0 12.30 
0.113 2 2.10 2.10 2.1 2.1 0.094 0.067 0.7044 0.7169 0.0803 0.0625 -0.0002 -0.002591 -1.982916 0.4960 0 4.1800 0  -31 14 6 -10 9 -52 38 -22  0 1 1 1 0 20 0 12.29 
0.114 2 2.10 2.10 2.1 2.1 0.132 0.080 0.7302 0.7044 -0.1658 0.0631 -0.0002 0.000000 -1.982958 0.4960 0 4.1800 0  -4 33 3 24 -4 21 -11 7  0 1 1 1 0 20 0 12.30 
0.115 2 2.10 2.10 2.1 2.1 0.126 0.088 0.6804 0.7169 0.2358 0.0639 -0.0002 0.000000 -1.983003 0.4960 0 4.1800 0  -31 82 -21 -10 34 -32 68 -23  0 1 1 1 0 20 0 12.28 
0.116 2 2.10 2.10 2.1 2.1 0.124 0.082 0.7302 0.7434 0.0855 0.0645 -0.0002 -0.002591 -1.983049 0.4960 0 4.1800 0  12 10 16 -4 72 15 -4 39  0 1 1 1 0 20 0 12.29 
0.117 2 2.10 2.10 2.1 2.1 0.133 0.055 0.6691 0.7302 0.3939 0.0653 -0.0002 -0.002591 -1.983083 0.4960 0 4.1800 0  27 -11 76 -29 52 12 25 55  0 1 1 1 0 20 0 12.30 
0.118 2 2.10 2.10 2.1 2.1 0.143 0.073 0.6924 0.7575 0.4198 0.0659 -0.0002 0.000000 -1.983101 0.4960 0 4.1800 0  56 25 -28 66 9 39 9 -16  0 1 1 1 0 20 0 12.31 
0.119 2 2.10 2.10 2.1 2.1 0.123 0.123 0.7169 0.7434 0.1710 0.0667 -0.0002 0.000000 -1.983105 0.4960 0 4.1800 0  -63 49 17 3 61 -14 45 2  0 1 1 1 0 20 0 12.29 
0.120 2 2.10 2.10 2.1 2.1 0.134 0.127 0.7434 0.7575 0.0907 0.0675 -0.0002 0.000000 -1.983098 0.4960 0 4.1800 0  -51 59 0 31 46 -27 12 10  0 1 1 1 0 20 0 12.29 
0.121 2 2.10 2.10 2.1 2.1 0.091 0.096 0.7302 0.6924 -0.2436 0.0681 -0.0002 -0.002591 -1.983078 0.4960 0 4.1800 0  19 52 -23 77 -8 72 8 21  0 1 1 1 0 20 0 12.29 
0.122 2 2.10 2.10 2.1 2.1 0.091 0.032 0.7169 0.7302 0.0855 0.0689 -0.0002 -0.002591 -1.983042 0.4960 0 4.1800 0  26 -28 56 34 30 44 -36 72  0 1 1 1 0 20 0 12.30 
0.123 2 2.10 2.10 2.1 2.1 0.148 0.078 0.7169 0.6691 -0.3083 0.0695 -0.0002 0.000000 -1.983003 0.4960 0 4.1800 0  40 -21 28 9 -7 15 -14 25  0 1 1 1 0 20 0 12.27 
0.124 2 2.10 2.10 2.1 2.1 0.116 0.124 0.7044 0.7434 0.2513 0.0703 -0.0002 0.000000 -1.982978 0.4960 0 4.1800 0  -37 67 1 29 19 -14 49 -20  0 1 1 1 0 20 0 12.27 
0.125 2 2.10 2.10 2.1 2.1 0.122 0.116 0.7169 0.6177 -0.6400 0.0709 -0.0002 -0.002591 -1.982964 0.4960 0 4.1800 0  2 -37 12 31 33 23 1 -10  0 1 1 1 0 20 0 12.30 
0.126 2 2.10 2.10 2.1 2.1 0.105 0.052 0.7044 0.7302 0.1658 0.0717 -0.0002 -0.002591 -1.982958 0.4960 0 4.1800 0  -17 69 1 32 31 -7 49 -13  0 1 1 1 0 20 0 12.29 
0.127 2 2.10 2.10 2.1 2.1 0.125 0.063 0.7169 0.7434 0.1710 0.0723 -0.0002 0.000000 -1.982962 0.4960 0 4.1800 0  14 21 9 53 15 52 12 15  0 1 1 1 0 20 0 12.29 
0.128 2 2.10 2.10 2.1 2.1 0.134 0.093 0.7302 0.7575 0.1762 0.0731 -0.0002 0.000000 -1.982969 0.4960 0 4.1800 0  49 16 6 35 26 42 -30 58  0 1 1 1 0 20 0 12.27 
0.129 2 2.10 2.10 2.1 2.1 0.102 0.119 0.7044 0.7723 0.4379 0.0739 -0.0002 0.000000 -1.982985 0.4960 0 4.1800 0  -4 -14 34 35 11 14 18 26  0 1 1 1 0 20 0 12.30 
0.130 2 2.10 2.10 2.1 2.1 0.110 0.093 0.7169 0.7434 0.1710 0.0747 -0.0002 0.000000 -1.983011 0.4960 0 4.1800 0  44 39 20 47 16 29 8 19  0 1 1 1 0 20 0 12.29 
0.131 2 2.10 2.10 2.1 2.1 0.125 0.089 0.7434 0.6691 -0.4794 0.0751 -0.0002 0.000000 -1.983039 0.4960 0 4.1800 0  11 8 9 3 7 39 -28 48  0 1 1 1 0 20 0 12.28 
0.132 2 2.10 2.10 2.1 2.1 0.150 0.066 0.7044 0.7169 0.0803 0.0759 -0.0002 0.000000 -1.983064 0.4960 0 4.1800 0  31 -21 34 -30 66 -12 4 29  0 1 1 1 0 20 0 12.28 
0.133 2 2.10 2.10 2.1 2.1 0.134 0.070 0.7044 0.7044 0.0000 0.0767 -0.0002 0.000000 -1.983080 0.4960 0 4.1800 0  57 -12 -3 25 12 18 -5 44  0 1 1 1 0 20 0 12.28 
0.134 2 2.10 2.10 2.1 2.1 0.093 0.079 0.7044 0.7044 0.0000 0.0775 -0.0002 0.000000 -1.983087 0.4960 0 4.1800 0  -20 64 -20 97 21 66 12 16  0 1 1 1 0 20 0 12.29 
0.135 2 2.10 2.10 2.1 2.1 0.139 0.067 0.7169 0.7302 0.0855 0.0781 -0.0002 0.002591 -1.983083 0.4960 0 4.1800 0  -7 15 43 3 47 -2 2 36  0 1 1 1 0 20 0 12.28 
0.136 2 2.10 2.10 2.1 2.1 0.123 0.052 0.7169 0.7575 0.2617 0.0787 -0.0002 0.000000 -1.983071 0.4960 0 4.1800 0  13 -12 25 -28 45 -9 -41 38  0 1 1 1 0 20 0 12.28 
0.137 2 2.10 2.10 2.1 2.1 0.125 0.111 0.7302 0.7302 0.0000 0.0795 -0.0002 0.000000 -1.983055 0.4960 0 4.1800 0  18 14 -19 66 -10 15 12 3  0 1 1 1 0 20 0 12.27 
0.138 2 2.10 2.10 2.1 2.1 0.090 0.071 0.7302 0.7723 0.2721 0.0803 -0.0002 0.000000 -1.983031 0.4960 0 4.1800 0  10 20 31 53 30 10 48 13  0 1 1 1 0 20 0 12.28 
0.139 2 2.10 2.10 2.1 2.1 0.074 0.031 0.7302 0.7434 0.0855 0.0811 -0.0002 0.000000 -1.983011 0.4960 0 4.1800 0  10 23 23 15 59 -16 61 0  0 1 1 1 0 20 0 12.28 
0.140 2 2.10 2.10 2.1 2.1 0.133 0.054 0.6924 0.7575 0.4198 0.0817 -0.0002 0.002591 -1.982998 0.4960 0 4.1800 0  21 32 0 11 32 31 -26 18  0 1 1 1 0 20 0 12.30 
0.141 2 2.10 2.10 2.1 2.1 0.105 0.048 0.7434 0.7044 -0.2513 0.0823 -0.0002 0.000000 -1.982981 0.4960 0 4.1800 0  -43 25 10 31 51 9 17 35  0 1 1 1 0 20 0 12.30 
0.142 2 2.10 2.10 2.1 2.1 0.138 0.067 0.7044 0.7169 0.0803 0.0831 -0.0002 0.000000 -1.982965 0.4960 0 4.1800 0  23 39 12 71 -2 61 -15 54  0 1 1 1 0 20 0 12.29 
0.143 2 2.10 2.10 2.1 2.1 0.101 0.091 0.7434 0.6924 -0.3291 0.0839 -0.0002 0.000000 -1.982955 0.4960 0 4.1800 0  -15 44 34 82 20 31 24 33  0 1 1 1 0 20 0 12.28 
0.144 2 2.10 2.10 2.1 2.1 0.096 0.071 0.6804 0.7302 0.3213 0.0845 -0.0002 0.002591 -1.982953 0.4960 0 4.1800 0  2 40 -7 45 15 -29 42 -15  0 1 1 1 0 20 0 12.30 
0.145 2 2.10 2.10 2.1 2.1 0.120 0.069 0.7044 0.6924 -0.0777 0.0853 -0.0002 0.002591 -1.982963 0.4960 0 4.1800 0  -38 -2 -3 -32 44 -38 -9 30  0 1 1 1 0 20 0 12.29 
0.146 2 2.10 2.10 2.1 2.1 0.124 0.106 0.7169 0.7434 0.1710 0.0859 -0.0002 0.000000 -1.982980 0.4960 0 4.1800 0  -13 18 -3 36 17 49 -9 16  0 1 1 1 0 20 0 12.29 
0.147 2 2.10 2.10 2.1 2.1 0.112 0.093 0.7575 0.7723 0.0959 0.0868 -0.0002 0.000000 -1.983002 0.4960 0 4.1800 0  31 31 -8 69 -8 62 8 6  0 1 1 1 0 20 0 12.28 
0.148 2 2.10 2.10 2.1 2.1 0.096 0.048 0.7434 0.7434 0.0000 0.0876 -0.0002 0.000000 -1.983025 0.4960 0 4.1800 0  17 28 13 6 49 -16 1 35  0 1 1 1 0 20 0 12.30 
0.149 2 2.10 2.10 2.1 2.1 0.093 0.058 0.7044 0.7723 0.4379 0.0882 -0.0002 0.002591 -1.983041 0.4960 0 4.1800 0  -23 51 7 34 64 -14 50 -2  0 1 1 1 0 20 0 12.29 
0.150 2 2.10 2.10 2.1 2.1 0.102 0.117 0.7169 0.7302 0.0855 0.0890 -0.0002 0.002591 -1.983051 0.4960 0 4.1800 0  -5 54 -21 62 -7 20 20 25  0 1 1 1 0 20 0 12.29 
0.151 2 2.10 2.10 2.1 2.1 0.145 0.089 0.7169 0.7723 0.3576 0.0898 -0.0002 0.002591 -1.983057 0.4960 0 4.1800 0  22 -16 56 36 1 40 -5 -6  0 1 1 1 0 20 0 12.29 
0.152 2 2.10 2.10 2.1 2.1 0.101 0.050 0.7302 0.6804 -0.3213 0.0904 -0.0002 0.000000 -1.983052 0.4960 0 4.1800 0  47 -14 19 -18 54 42 -7 60  0 1 1 1 0 20 0 12.29 
0.153 2 2.10 2.10 2.1 2.1 0.080 0.018 0.7044 0.6924 -0.0777 0.0912 -0.0002 0.000000 -1.983042 0.4960 0 4.1800 0  12 -4 32 11 4 11 -9 26  0 1 1 1 0 20 0 12.29 
0.154 2 2.10 2.10 2.1 2.1 0.130 0.100 0.7302 0.7169 -0.0855 0.0918 -0.0002 0.002591 -1.983031 0.4960 0 4.1800 0  -6 44 -52 28 -32 23 7 -14  0 1 1 1 0 20 0 12.28 
0.155 2 2.10 2.10 2.1 2.1 0.117 0.126 0.7434 0.7434 0.0000 0.0926 -0.0002 0.002591 -1.983015 0.4960 0 4.1800 0  -56 76 -9 69 25 6 39 14  0 1 1 1 0 20 0 12.30 
0.156 2 2.10 2.10 2.1 2.1 0.089 0.087 0.7169 0.6583 -0.3783 0.0934 -0.0002 0.002591 -1.982996 0.4960 0 4.1800 0  19 -11 28 -4 67 -5 9 48  0 1 1 1 0 20 0 12.29 
0.157 2 2.10 2.10 2.1 2.1 0.070 0.063 0.7302 0.7434 0.0855 0.0940 -0.0002 0.000000 -1.982977 0.4960 0 4.1800 0  19 24 1 61 -5 61 4 46  0 1 1 1 0 20 0 12.30 
0.158 2 2.10 2.10 2.1 2.1 0.085 0.042 0.7434 0.7302 -0.0855 0.0948 -0.0002 0.000000 -1.982958 0.4960 0 4.1800 0  -16 -27 50 42 36 -32 60 6  0 1 1 1 0 20 0 12.28 
0.159 2 2.10 2.10 2.1 2.1 0.139 0.057 0.7169 0.7575 0.2617 0.0954 -0.0002 0.002591 -1.982945 0.4960 0 4.1800 0  14 -26 40 48 3 57 -29 76  0 1 1 1 0 20 0 12.28 
0.160 2 2.10 2.10 2.1 2.1 0.140 0.082 0.7169 0.7575 0.2617 0.0962 -0.0002 0.002591 -1.982942 0.4960 0 4.1800 0  21 20 16 39 4 -9 10 -5  0 1 1 1 0 20 0 12.28 
0.161 2 2.10 2.10 2.1 2.1 0.077 0.066 0.7044 0.7575 0.3420 0.0970 -0.0001 0.002591 -1.982942 0.4960 0 4.1800 0  -47 39 19 57 62 0 30 32  0 1 1 1 0 20 0 12.29 
0.162 2 2.10 2.10 2.1 2.1 0.095 0.071 0.7169 0.7434 0.1710 0.0976 -0.0001 0.000000 -1.982945 0.4960 0 4.1800 0  58 -31 71 14 43 -16 28 9  0 1 1 1 0 20 0 12.28 
0.163 2 2.10 2.10 2.1 2.1 0.101 0.109 0.7302 0.6804 -0.3213 0.0982 -0.0001 0.002591 -1.982953 0.4960 0 4.1800 0  -49 29 8 17 49 -22 42 -1  0 1 1 1 0 20 0 12.29 
0.164 2 2.10 2.10 2.1 2.1 0.111 0.101 0.7302 0.7434 0.0855 0.0990 -0.0001 0.002591 -1.982965 0.4960 0 4.1800 0  9 12 19 12 48 -23 30 1  0 1 1 1 0 20 0 12.28 
0.165 2 2.10 2.10 2.1 2.1 0.082 0.059 0.7169 0.7169 0.0000 0.0998 -0.0001 0.002591 -1.982979 0.4960 0 4.1800 0  6 27 31 11 6 -2 45 -38  0 1 1 1 0 20 0 12.30 
0.166 2 2.10 2.10 2.1 2.1 0.102 0.076 0.7434 0.7169 -0.1710 0.1006 -0.0001 0.002591 -1.982994 0.4960 0 4.1800 0  -64 67 -29 37 -4 23 43 1  0 1 1 1 0 20 0 12.30 
0.167 2 2.10 2.10 2.1 2.1 0.120 0.073 0.6924 0.7575 0.4198 0.1012 -0.0001 0.000000 -1.983001 0.4960 0 4.1800 0  14 35 0 68 -9 57 9 11  0 1 1 1 0 20 0 12.31 
0.168 2 2.10 2.10 2.1 2.1 0.146 0.101 0.7575 0.7575 0.0000 0.1018 -0.0001 0.002591 -1.982999 0.4960 0 4.1800 0  31 5 77 8 18 17 -15 72  0 1 1 1 0 20 0 12.30 
0.169 2 2.10 2.10 2.1 2.1 0.108 0.095 0.7044 0.7575 0.3420 0.1026 -0.0001 0.002591 -1.982996 0.4960 0 4.1800 0  -35 32 -20 42 24 -52 59 -11  0 1 1 1 0 20 0 12.29 
0.170 2 2.10 2.10 2.1 2.1 0.067 0.044 0.7434 0.7434 0.0000 0.1034 -0.0001 0.002591 -1.982991 0.4960 0 4.1800 0  -20 14 18 35 29 -2 44 13  0 1 1 1 0 20 0 12.30 
0.171 2 2.10 2.10 2.1 2.1 0.057 0.053 0.6804 0.7575 0.4975 0.1042 -0.0001 0.002591 -1.982983 0.4960 0 4.1800 0  -16 87 -6 60 54 -16 51 -29  0 1 1 1 0 20 0 12.30 
0.172 2 2.10 2.10 2.1 2.1 0.108 0.123 0.7044 0.7044 0.0000 0.1046 -0.0001 0.002591 -1.982966 0.4960 0 4.1800 0  -64 52 6 45 63 -10 10 -2  0 1 1 1 0 20 0 12.30 
0.173 2 2.10 2.10 2.1 2.1 0.149 0.114 0.7169 0.7434 0.1710 0.1054 -0.0001 0.002591 -1.982947 0.4960 0 4.1800 0  -33 44 37 3 56 20 -30 72  0 1 1 1 0 20 0 12.29 
0.174 2 2.10 2.10 2.1 2.1 0.096 0.064 0.7575 0.7044 -0.3420 0.1062 -0.0001 0.002591 -1.982934 0.4960 0 4.1800 0  23 8 2 -2 16 54 -7 44  0 1 1 1 0 20 0 12.30 
0.175 2 2.10 2.10 2.1 2.1 0.086 0.075 0.7434 0.7434 0.0000 0.1070 -0.0001 0.002591 -1.982925 0.4960 0 4.1800 0  -18 25 25 35 34 16 10 0  0 1 1 1 0 20 0 12.29 
0.176 2 2.10 2.10 2.1 2.1 0.079 0.048 0.7302 0.6804 -0.3213 0.1078 -0.0001 0.002591 -1.982918 0.4960 0 4.1800 0  13 11 24 -39 55 -8 38 26  0 1 1 1 0 20 0 12.30 
0.177 2 2.10 2.10 2.1 2.1 0.138 0.065 0.7434 0.7575 0.0907 0.1086 -0.0001 0.002591 -1.982914 0.4960 0 4.1800 0  34 -2 54 12 23 26 -16 54  0 1 1 1 0 20 0 12.30 
0.178 2 2.10 2.10 2.1 2.1 0.119 0.074 0.7169 0.7575 0.2617 0.1090 -0.0001 0.002591 -1.982918 0.4960 0 4.1800 0  9 15 1 12 36 -27 19 -8  0 1 1 1 0 20 0 12.28 
0.179 2 2.10 2.10 2.1 2.1 0.127 0.087 0.7169 0.7302 0.0855 0.1098 -0.0001 0.002591 -1.982925 0.4960 0 4.1800 0  13 58 16 63 12 29 7 2  0 1 1 1 0 20 0 12.30 
0.180 2 2.10 2.10 2.1 2.1 0.145 0.075 0.7044 0.7434 0.2513 0.1106 -0.0001 0.002591 -1.982935 0.4960 0 4.1800 0  -9 21 5 9 14 25 -38 62  0 1 1 1 0 20 0 12.29 
0.181 2 2.10 2.10 2.1 2.1 0.160 0.123 0.7302 0.7723 0.2721 0.1115 -0.0001 0.002591 -1.982951 0.4960 0 4.1800 0  -6 20 -4 47 32 76 -1 2  0 1 1 1 0 20 0 12.30 
0.182 2 2.10 2.10 2.1 2.1 0.136 0.086 0.7302 0.7872 0.3679 0.1121 -0.0001 0.005182 -1.982967 0.4960 0 4.1800 0  27 -21 55 -5 17 16 -4 57  0 1 1 1 0 20 0 12.30 
0.183 2 2.10 2.10 2.1 2.1 0.110 0.071 0.7302 0.7575 0.1762 0.1129 -0.0001 0.005182 -1.982983 0.4960 0 4.1800 0  -15 37 27 77 -8 64 24 13  0 1 1 1 0 20 0 12.28 
0.184 2 2.10 2.10 2.1 2.1 0.067 0.029 0.7302 0.6691 -0.3939 0.1135 -0.0001 0.002591 -1.982996 0.4960 0 4.1800 0  -15 9 -16 57 30 -34 52 -15  0 1 1 1 0 20 0 12.30 
0.185 2 2.10 2.10 2.1 2.1 0.120 0.105 0.7434 0.7302 -0.0855 0.1143 -0.0001 0.002591 -1.983000 0.4960 0 4.1800 0  -60 13 -3 18 21 -8 13 13  0 1 1 1 0 20 0 12.29 
0.186 2 2.10 2.10 2.1 2.1 0.143 0.089 0.7302 0.7044 -0.1658 0.1151 -0.0001 0.002591 -1.983000 0.4960 0 4.1800 0  -24 56 -26 40 22 16 2 -3  0 1 1 1 0 20 0 12.29 
0.187 2 2.10 2.10 2.1 2.1 0.135 0.074 0.7169 0.7169 0.0000 0.1157 -0.0001 0.005182 -1.983001 0.4960 0 4.1800 0  75 -6 25 49 -11 65 -13 33  0 1 1 1 0 20 0 12.30 
0.188 2 2.10 2.10 2.1 2.1 0.112 0.070 0.7044 0.7302 0.1658 0.1165 -0.0001 0.005182 -1.983000 0.4960 0 4.1800 0  51 1 18 46 -20 44 -19 50  0 1 1 1 0 20 0 12.30 
0.189 2 2.10 2.10 2.1 2.1 0.109 0.098 0.7169 0.7723 0.3576 0.1171 -0.0001 0.002591 -1.982995 0.4960 0 4.1800 0  -33 25 43 101 49 -22 57 -10  0 1 1 1 0 20 0 12.30 
0.190 2 2.10 2.10 2.1 2.1 0.107 0.113 0.7302 0.7434 0.0855 0.1179 -0.0001 0.002591 -1.982986 0.4960 0 4.1800 0  -61 33 -6 -6 44 -51 47 3  0 1 1 1 0 20 0 12.28 
0.191 2 2.10 2.10 2.1 2.1 0.154 0.100 0.6924 0.7723 0.5156 0.1185 -0.0001 0.005182 -1.982976 0.4960 0 4.1800 0  8 8 2 40 35 44 -9 53  0 1 1 1 0 20 0 12.29 
0.192 2 2.10 2.10 2.1 2.1 0.088 0.083 0.7302 0.7575 0.1762 0.1193 -0.0001 0.005182 -1.982972 0.4960 0 4.1800 0  14 28 29 37 -11 10 16 11  0 1 1 1 0 20 0 12.28 
0.193 2 2.10 2.10 2.1 2.1 0.063 0.029 0.7302 0.7575 0.1762 0.1201 -0.0001 0.005182 -1.982968 0.4960 0 4.1800 0  13 21 4 50 34 -13 44 -12  0 1 1 1 0 20 0 12.29 
0.194 2 2.10 2.10 2.1 2.1 0.116 0.085 0.7169 0.7169 0.0000 0.1207 -0.0001 0.002591 -1.982960 0.4960 0 4.1800 0  -75 73 -23 31 18 -31 42 -31  0 1 1 1 0 20 0 12.30 
0.195 2 2.10 2.10 2.1 2.1 0.140 0.116 0.7575 0.7302 -0.1762 0.1215 -0.0001 0.002591 -1.982949 0.4960 0 4.1800 0  -44 52 -16 52 43 26 20 18  0 1 1 1 0 20 0 12.29 
0.196 2 2.10 2.10 2.1 2.1 0.127 0.088 0.7044 0.6924 -0.0777 0.1221 -0.0001 0.005182 -1.982937 0.4960 0 4.1800 0  55 0 13 50 -19 59 -1 37  0 1 1 1 0 20 0 12.29 
0.197 2 2.10 2.10 2.1 2.1 0.091 0.069 0.7434 0.7302 -0.0855 0.1229 -0.0001 0.005182 -1.982935 0.4960 0 4.1800 0  31 29 -31 14 -22 20 14 -2  0 1 1 1 0 20 0 12.30 
0.198 2 2.10 2.10 2.1 2.1 0.127 0.089 0.6804 0.7044 0.1555 0.1237 -0.0001 0.005182 -1.982938 0.4960 0 4.1800 0  -14 27 18 -11 61 -12 23 3  0 1 1 1 0 20 0 12.29 
0.199 2 2.10 2.10 2.1 2.1 0.087 0.076 0.7044 0.7434 0.2513 0.1245 -0.0001 0.005182 -1.982939 0.4960 0 4.1800 0  14 35 44 14 45 -28 27 -8  0 1 1 1 0 20 0 12.29 
0.200 2 2.10 2.10 2.1 2.1 0.084 0.048 0.7723 0.7723 0.0000 0.1251 -0.0001 0.002591 -1.982938 0.4960 0 4.1800 0  29 -16 57 34 32 48 -19 57  0 1 1 1 0 20 0 12.30 
0.201 2 2.10 2.10 2.1 2.1 0.059 0.076 0.7434 0.7434 0.0000 0.1259 -0.0001 0.002591 -1.982940 0.4960 0 4.1800 0  53 1 41 50 37 39 26 20  0 1 1 1 0 20 0 12.30 
0.202 2 2.10 2.10 2.1 2.1 0.080 0.066 0.7434 0.7723 0.1866 0.1265 -0.0001 0.005182 -1.982943 0.4960 0 4.1800 0  11 21 13 55 11 17 15 29  0 1 1 1 0 20 0 12.30 
0.203 2 2.10 2.10 2.1 2.1 0.131 0.093 0.7302 0.7302 0.0000 0.1273 -0.0001 0.005182 -1.982945 0.4960 0 4.1800 0  -52 35 -23 51 28 21 31 0  0 1 1 1 0 20 0 12.29 
0.204 2 2.10 2.10 2.1 2.1 0.159 0.086 0.7434 0.7723 0.1866 0.1281 -0.0000 0.005182 -1.982951 0.4960 0 4.1800 0  12 -1 31 27 34 30 -35 68  0 1 1 1 0 20 0 12.29 
0.205 2 2.10 2.10 2.1 2.1 0.092 0.029 0.7302 0.6804 -0.3213 0.1287 -0.0000 0.002591 -1.982956 0.4960 0 4.1800 0  -16 -21 25 67 40 8 22 21  0 1 1 1 0 20 0 12.29 
0.206 2 2.10 2.10 2.1 2.1 0.086 0.054 0.7434 0.7044 -0.2513 0.1295 -0.0000 0.002591 -1.982962 0.4960 0 4.1800 0  -8 19 -12 67 20 -4 53 -13  0 1 1 1 0 20 0 12.30 
0.207 2 2.10 2.10 2.1 2.1 0.088 0.073 0.7169 0.7302 0.0855 0.1301 -0.0000 0.005182 -1.982973 0.4960 0 4.1800 0  -2 50 11 11 59 -32 52 -12  0 1 1 1 0 20 0 12.29 
0.208 2 2.10 2.10 2.1 2.1 0.160 0.110 0.7434 0.7575 0.0907 0.1309 -0.0000 0.005182 -1.982983 0.4960 0 4.1800 0  -13 47 16 3 37 23 -33 78  0 1 1 1 0 20 0 12.29 
0.209 2 2.10 2.10 2.1 2.1 0.110 0.074 0.7044 0.7169 0.0803 0.1317 -0.0000 0.005182 -1.982988 0.4960 0 4.1800 0  67 1 9 28 22 40 -8 66  0 1 1 1 0 20 0 12.30 
0.210 2 2.10 2.10 2.1 2.1 0.094 0.066 0.7044 0.6691 -0.2280 0.1323 -0.0000 0.002591 -1.982995 0.4960 0 4.1800 0  13 22 18 5 51 -29 44 -4  0 1 1 1 0 20 0 12.29 
0.211 2 2.10 2.10 2.1 2.1 0.091 0.091 0.7302 0.7302 0.0000 0.1329 -0.0000 0.005182 -1.983001 0.4960 0 4.1800 0  -4 18 6 29 8 36 -4 17  0 1 1 1 0 20 0 12.28 
0.212 2 2.10 2.10 2.1 2.1 0.135 0.082 0.7434 0.7575 0.0907 0.1337 -0.0000 0.005182 -1.983009 0.4960 0 4.1800 0  76 0 56 32 16 50 -13 45  0 1 1 1 0 20 0 12.29 
0.213 2 2.10 2.10 2.1 2.1 0.114 0.084 0.7302 0.7575 0.1762 0.1345 -0.0000 0.005182 -1.983016 0.4960 0 4.1800 0  -51 8 3 -9 54 -24 13 18  0 1 1 1 0 20 0 12.28 
0.214 2 2.10 2.10 2.1 2.1 0.124 0.090 0.7302 0.7575 0.1762 0.1353 -0.0000 0.005182 -1.983015 0.4960 0 4.1800 0  -42 47 -1 26 23 24 -15 66  0 1 1 1 0 20 0 12.30 
0.215 2 2.10 2.10 2.1 2.1 0.111 0.046 0.7302 0.7723 0.2721 0.1362 -0.0000 0.005182 -1.983010 0.4960 0 4.1800 0  28 -11 46 37 33 53 -32 77  0 1 1 1 0 20 0 12.30 
0.216 2 2.10 2.10 2.1 2.1 0.123 0.117 0.7169 0.6924 -0.1581 0.1366 -0.0000 0.005182 -1.983012 0.4960 0 4.1800 0  23 35 -14 -1 -35 42 -29 44  0 1 1 1 0 20 0 12.29 
0.217 2 2.10 2.10 2.1 2.1 0.101 0.093 0.7302 0.7575 0.1762 0.1374 -0.0000 0.005182 -1.983014 0.4960 0 4.1800 0  -3 6 42 8 46 10 -27 55  0 1 1 1 0 20 0 12.30 
0.218 2 2.10 2.10 2.1 2.1 0.078 0.067 0.7044 0.7169 0.0803 0.1382 0.0000 0.005182 -1.983007 0.4960 0 4.1800 0  18 -20 83 20 25 17 -31 53  0 1 1 1 0 20 0 12.29 
0.219 2 2.10 2.10 2.1 2.1 0.073 0.055 0.7302 0.7169 -0.0855 0.1390 0.0000 0.005182 -1.982996 0.4960 0 4.1800 0  -51 37 -14 34 17 19 5 41  0 1 1 1 0 20 0 12.30 
0.220 2 2.10 2.10 2.1 2.1 0.093 0.088 0.6583 0.7044 0.2980 0.1398 0.0000 0.005182 -1.982984 0.4960 0 4.1800 0  -43 92 -19 31 5 20 35 1  0 1 1 1 0 20 0 12.30 
0.221 2 2.10 2.10 2.1 2.1 0.115 0.110 0.7169 0.7302 0.0855 0.1402 0.0000 0.005182 -1.982972 0.4960 0 4.1800 0  3 21 14 29 -24 36 0 7  0 1 1 1 0 20 0 12.28 
0.222 2 2.10 2.10 2.1 2.1 0.083 0.093 0.7575 0.7575 0.0000 0.1410 0.0000 0.005182 -1.982968 0.4960 0 4.1800 0  -27 28 11 58 38 -23 56 -3  0 1 1 1 0 20 0 12.29 
0.223 2 2.10 2.10 2.1 2.1 0.108 0.067 0.7169 0.7434 0.1710 0.1418 0.0000 0.005182 -1.982966 0.4960 0 4.1800 0  -55 70 20 0 52 -20 46 -13  0 1 1 1 0 20 0 12.30 
0.224 2 2.10 2.10 2.1 2.1 0.074 0.067 0.7434 0.7575 0.0907 0.1426 0.0000 0.005182 -1.982959 0.4960 0 4.1800 0  7 30 25 34 14 34 17 2  0 1 1 1 0 20 0 12.28 
0.225 2 2.10 2.10 2.1 2.1 0.085 0.072 0.7169 0.7575 0.2617 0.1434 0.0000 0.005182 -1.982950 0.4960 0 4.1800 0  -10 -18 46 -11 10 22 -22 62  0 1 1 1 0 20 0 12.29 
0.226 2 2.10 2.10 2.1 2.1 0.096 0.095 0.7169 0.7723 0.3576 0.1440 0.0000 0.007773 -1.982941 0.4960 0 4.1800 0  -26 71 -10 51 60 -29 58 -4  0 1 1 1 0 20 0 12.29 
0.227 2 2.10 2.10 2.1 2.1 0.089 0.092 0.7575 0.7044 -0.3420 0.1446 0.0000 0.005182 -1.982939 0.4960 0 4.1800 0  -37 53 -25 18 15 6 30 -2  0 1 1 1 0 20 0 12.30 
0.228 2 2.10 2.10 2.1 2.1 0.109 0.073 0.7434 0.7434 0.0000 0.1454 0.0000 0.005182 -1.982943 0.4960 0 4.1800 0  48 -18 62 52 27 62 -15 75  0 1 1 1 0 20 0 12.31 
0.229 2 2.10 2.10 2.1 2.1 0.111 0.049 0.7169 0.6804 -0.2358 0.1462 0.0000 0.005182 -1.982946 0.4960 0 4.1800 0  74 -10 6 30 31 20 11 6  0 1 1 1 0 20 0 12.29 
0.230 2 2.10 2.10 2.1 2.1 0.127 0.084 0.7169 0.7575 0.2617 0.1470 0.0000 0.005182 -1.982952 0.4960 0 4.1800 0  -61 77 -22 44 30 7 56 -1  0 1 1 1 0 20 0 12.29 
0.231 2 2.10 2.10 2.1 2.1 0.127 0.114 0.7302 0.6804 -0.3213 0.1476 0.0001 0.007773 -1.982961 0.4960 0 4.1800 0  -20 19 -4 31 21 20 -7 2  0 1 1 1 0 20 0 12.28 
0.232 2 2.10 2.10 2.1 2.1 0.104 0.067 0.7302 0.7434 0.0855 0.1482 0.0001 0.005182 -1.982975 0.4960 0 4.1800 0  14 -15 68 9 26 -7 27 28  0 1 1 1 0 20 0 12.30 
0.233 2 2.10 2.10 2.1 2.1 0.096 0.068 0.7434 0.7575 0.0907 0.1490 0.0001 0.005182 -1.982992 0.4960 0 4.1800 0  36 -32 29 53 13 -4 2 7  0 1 1 1 0 20 0 12.30 
0.234 2 2.10 2.10 2.1 2.1 0.116 0.108 0.7302 0.7723 0.2721 0.1498 0.0001 0.005182 -1.983002 0.4960 0 4.1800 0  -26 13 3 44 30 -21 30 -24  0 1 1 1 0 20 0 12.28 
0.235 2 2.10 2.10 2.1 2.1 0.103 0.094 0.7434 0.7723 0.1866 0.1506 0.0001 0.005182 -1.983004 0.4960 0 4.1800 0  -5 27 47 19 27 -28 12 11  0 1 1 1 0 20 0 12.29 
0.236 2 2.10 2.10 2.1 2.1 0.078 0.067 0.7044 0.7575 0.3420 0.1512 0.0001 0.007773 -1.983007 0.4960 0 4.1800 0  18 15 22 -27 -1 38 -12 24  0 1 1 1 0 20 0 12.29 
0.237 2 2.10 2.10 2.1 2.1 0.098 0.081 0.7044 0.7302 0.1658 0.1520 0.0001 0.007773 -1.983011 0.4960 0 4.1800 0  -3 33 23 0 24 -21 9 4  0 1 1 1 0 20 0 12.29 
0.238 2 2.10 2.10 2.1 2.1 0.105 0.105 0.7434 0.7302 -0.0855 0.1526 0.0001 0.005182 -1.983016 0.4960 0 4.1800 0  -61 73 -16 50 44 9 50 -4  0 1 1 1 0 20 0 12.29 
0.239 2 2.10 2.10 2.1 2.1 0.123 0.108 0.7169 0.7169 0.0000 0.1534 0.0001 0.005182 -1.983017 0.4960 0 4.1800 0  -6 23 18 35 -19 35 2 -1  0 1 1 1 0 20 0 12.28 
0.240 2 2.10 2.10 2.1 2.1 0.093 0.048 0.7169 0.7169 0.0000 0.1542 0.0001 0.005182 -1.983016 0.4960 0 4.1800 0  25 -5 62 -19 10 17 16 70  0 1 1 1 0 20 0 12.29 
0.241 2 2.10 2.10 2.1 2.1 0.099 0.063 0.7302 0.7434 0.0855 0.1548 0.0001 0.007773 -1.983012 0.4960 0 4.1800 0  -59 82 35 62 48 3 18 0  0 1 1 1 0 20 0 12.31 
0.242 2 2.10 2.10 2.1 2.1 0.119 0.113 0.7302 0.6924 -0.2436 0.1556 0.0001 0.007773 -1.983005 0.4960 0 4.1800 0  -5 55 -15 32 29 48 9 46  0 1 1 1 0 20 0 12.30 
0.243 2 2.10 2.10 2.1 2.1 0.129 0.133 0.7302 0.7434 0.0855 0.1562 0.0001 0.005182 -1.983002 0.4960 0 4.1800 0  0 29 -56 28 -31 49 4 -14  0 1 1 1 0 20 0 12.29 
0.244 2 2.10 2.10 2.1 2.1 0.092 0.074 0.7434 0.7723 0.1866 0.1570 0.0001 0.005182 -1.983001 0.4960 0 4.1800 0  35 -1 55 18 9 17 10 49  0 1 1 1 0 20 0 12.29 
0.245 2 2.10 2.10 2.1 2.1 0.115 0.047 0.7302 0.7575 0.1762 0.1578 0.0001 0.005182 -1.982997 0.4960 0 4.1800 0  44 20 13 31 27 -28 24 5  0 1 1 1 0 20 0 12.29 
0.246 2 2.10 2.10 2.1 2.1 0.078 0.048 0.7302 0.7575 0.1762 0.1584 0.0001 0.007773 -1.982987 0.4960 0 4.1800 0  19 5 18 -41 48 -21 46 -7  0 1 1 1 0 20 0 12.29 
0.247 2 2.10 2.10 2.1 2.1 0.149 0.093 0.6924 0.7575 0.4198 0.1592 0.0001 0.007773 -1.982977 0.4960 0 4.1800 0  9 45 -2 8 12 19 28 11  0 1 1 1 0 20 0 12.29 
0.248 2 2.10 2.10 2.1 2.1 0.136 0.069 0.7434 0.7575 0.0907 0.1600 0.0001 0.007773 -1.982975 0.4960 0 4.1800 0  78 8 6 34 37 32 11 15  0 1 1 1 0 20 0 12.27 
0.249 2 2.10 2.10 2.1 2.1 0.131 0.084 0.7044 0.6924 -0.0777 0.1606 0.0001 0.005182 -1.982969 0.4960 0 4.1800 0  35 17 12 32 -9 6 5 0  0 1 1 1 0 20 0 12.29 
0.250 2 2.10 2.10 2.1 2.1 0.101 0.071 0.7434 0.7302 -0.0855 0.1615 0.0001 0.005182 -1.982958 0.4960 0 4.1800 0  8 21 54 22 50 16 -22 61  0 1 1 1 0 20 0 12.29 
0.251 2 2.10 2.10 2.1 2.1 0.099 0.067 0.7434 0.7044 -0.2513 0.1621 0.0001 0.007773 -1.982949 0.4960 0 4.1800 0  -2 8 27 -9 50 -31 45 -20  0 1 1 1 0 20 0 12.28 
0.252 2 2.10 2.10 2.1 2.1 0.098 0.082 0.7169 0.7434 0.1710 0.1629 0.0001 0.007773 -1.982947 0.4960 0 4.1800 0  13 20 5 43 -30 51 3 17  0 1 1 1 0 20 0 12.28 
0.253 2 2.10 2.10 2.1 2.1 0.133 0.084 0.7302 0.7044 -0.1658 0.1637 0.0002 0.007773 -1.982953 0.4960 0 4.1800 0  74 3 43 14 -7 52 -34 61  0 1 1 1 0 20 0 12.28 
0.254 2 2.10 2.10 2.1 2.1 0.092 0.064 0.7575 0.7434 -0.0907 0.1645 0.0002 0.007773 -1.982958 0.4960 0 4.1800 0  -64 65 -7 32 -12 18 41 -4  0 1 1 1 0 20 0 12.30 
0.255 2 2.10 2.10 2.1 2.1 0.103 0.070 0.7434 0.7723 0.1866 0.1651 0.0002 0.005182 -1.982959 0.4960 0 4.1800 0  -55 47 5 12 54 -12 41 -8  0 1 1 1 0 20 0 12.31 
0.256 2 2.10 2.10 2.1 2.1 0.089 0.101 0.7169 0.7434 0.1710 0.1657 0.0002 0.007773 -1.982963 0.4960 0 4.1800 0  -35 35 -24 27 31 24 -21 0  0 1 1 1 0 20 0 12.29 
0.257 2 2.10 2.10 2.1 2.1 0.118 0.083 0.7302 0.7872 0.3679 0.1665 0.0002 0.007773 -1.982963 0.4960 0 4.1800 0  51 6 41 28 -20 33 -18 47  0 1 1 1 0 20 0 12.30 
0.258 2 2.10 2.10 2.1 2.1 0.097 0.049 0.7169 0.7434 0.1710 0.1673 0.0002 0.007773 -1.982971 0.4960 0 4.1800 0  -28 -7 46 47 21 7 57 -5  0 1 1 1 0 20 0 12.30 
0.259 2 2.10 2.10 2.1 2.1 0.078 0.043 0.7302 0.7575 0.1762 0.1681 0.0002 0.007773 -1.982988 0.4960 0 4.1800 0  -2 19 26 -29 48 -28 58 -6  0 1 1 1 0 20 0 12.29 
0.260 2 2.10 2.10 2.1 2.1 0.084 0.086 0.7169 0.7302 0.0855 0.1687 0.0002 0.005182 -1.982996 0.4960 0 4.1800 0  -9 41 4 -25 21 -40 60 -23  0 1 1 1 0 20 0 12.29 
0.261 2 2.10 2.10 2.1 2.1 0.121 0.086 0.7302 0.7575 0.1762 0.1693 0.0002 0.007773 -1.982998 0.4960 0 4.1800 0  76 -11 33 38 -7 76 -15 40  0 1 1 1 0 20 0 12.29 
0.262 2 2.10 2.10 2.1 2.1 0.124 0.072 0.7434 0.7169 -0.1710 0.1701 0.0002 0.007773 -1.983001 0.4960 0 4.1800 0  36 18 15 62 -12 19 53 -12  0 1 1 1 0 20 0 12.30 
0.263 2 2.10 2.10 2.1 2.1 0.097 0.067 0.7302 0.6691 -0.3939 0.1709 0.0002 0.007773 -1.983009 0.4960 0 4.1800 0  -51 80 -10 103 39 9 62 -15  0 1 1 1 0 20 0 12.30 
0.264 2 2.10 2.10 2.1 2.1 0.093 0.078 0.7302 0.7169 -0.0855 0.1717 0.0002 0.007773 -1.983013 0.4960 0 4.1800 0  -67 39 -22 27 1 -23 48 -4  0 1 1 1 0 20 0 12.30 
0.265 2 2.10 2.10 2.1 2.1 0.097 0.112 0.7434 0.7169 -0.1710 0.1723 0.0002 0.005182 -1.983012 0.4960 0 4.1800 0  -19 11 -9 34 25 33 -14 17  0 1 1 1 0 20 0 12.30 
0.266 2 2.10 2.10 2.1 2.1 0.100 0.081 0.7169 0.7575 0.2617 0.1729 0.0002 0.007773 -1.983012 0.4960 0 4.1800 0  18 32 16 43 -14 26 25 -17  0 1 1 1 0 20 0 12.30 
0.267 2 2.10 2.10 2.1 2.1 0.081 0.028 0.7169 0.7575 0.2617 0.1737 0.0002 0.007773 -1.983007 0.4960 0 4.1800 0  -42 -1 34 58 41 38 25 25  0 1 1 1 0 20 0 12.31 
0.268 2 2.10 2.10 2.1 2.1 0.083 0.076 0.7044 0.7723 0.4379 0.1745 0.0002 0.007773 -1.983006 0.4960 0 4.1800 0  -65 27 -9 35 30 -44 42 2  0 1 1 1 0 20 0 12.30 
0.269 2 2.10 2.10 2.1 2.1 0.067 0.097 0.7302 0.7434 0.0855 0.1753 0.0002 0.007773 -1.983007 0.4960 0 4.1800 0  58 -19 67 19 58 -15 26 6  0 1 1 1 0 20 0 12.29 
0.270 2 2.10 2.10 2.1 2.1 0.127 0.076 0.7302 0.7723 0.2721 0.1761 0.0002 0.007773 -1.983001 0.4960 0 4.1800 0  13 6 32 19 -25 53 -24 77  0 1 1 1 0 20 0 12.28 
0.271 2 2.10 2.10 2.1 2.1 0.096 0.055 0.7434 0.7169 -0.1710 0.1765 0.0002 0.007773 -1.982991 0.4960 0 4.1800 0  -7 15 32 2 49 -30 51 -17  0 1 1 1 0 20 0 12.28 
0.272 2 2.10 2.10 2.1 2.1 0.104 0.059 0.7302 0.7169 -0.0855 0.1773 0.0003 0.007773 -1.982986 0.4960 0 4.1800 0  57 7 -11 40 -23 9 14 -5  0 1 1 1 0 20 0 12.29 
0.273 2 2.10 2.10 2.1 2.1 0.078 0.066 0.7434 0.7044 -0.2513 0.1781 0.0003 0.007773 -1.982981 0.4960 0 4.1800 0  11 -3 3 81 -8 53 7 21  0 1 1 1 0 20 0 12.29 
0.274 2 2.10 2.10 2.1 2.1 0.101 0.099 0.7302 0.7302 0.0000 0.1789 0.0003 0.007773 -1.982970 0.4960 0 4.1800 0  -63 31 -26 68 2 -30 45 -22  0 1 1 1 0 20 0 12.29 
0.275 2 2.10 2.10 2.1 2.1 0.128 0.083 0.7575 0.6924 -0.4198 0.1797 0.0003 0.007773 -1.982959 0.4960 0 4.1800 0  1 30 11 16 10 3 12 7  0 1 1 1 0 20 0 12.28 
0.276 2 2.10 2.10 2.1 2.1 0.122 0.093 0.7169 0.7434 0.1710 0.1801 0.0003 0.007773 -1.982948 0.4960 0 4.1800 0  -21 23 19 75 37 -14 48 -26  0 1 1 1 0 20 0 12.29 
0.277 2 2.10 2.10 2.1 2.1 0.127 0.101 0.7575 0.7575 0.0000 0.1809 0.0003 0.007773 -1.982936 0.4960 0 4.1800 0  12 18 6 59 -3 66 -4 30  0 1 1 1 0 20 0 12.29 
0.278 2 2.10 2.10 2.1 2.1 0.159 0.108 0.6924 0.7575 0.4198 0.1817 0.0003 0.007773 -1.982930 0.4960 0 4.1800 0  4 -5 38 26 27 45 -22 69  0 1 1 1 0 20 0 12.30 
0.279 2 2.10 2.10 2.1 2.1 0.144 0.089 0.7044 0.7723 0.4379 0.1825 0.0003 0.007773 -1.982929 0.4960 0 4.1800 0  39 -28 54 52 40 27 -10 19  0 1 1 1 0 20 0 12.29 
0.280 2 2.10 2.10 2.1 2.1 0.135 0.044 0.7723 0.7575 -0.0959 0.1833 0.0003 0.007773 -1.982928 0.4960 0 4.1800 0  26 -6 65 17 22 24 23 11  0 1 1 1 0 20 0 12.29 
0.281 2 2.10 2.10 2.1 2.1 0.109 0.076 0.7575 0.7723 0.0959 0.1839 0.0003 0.010364 -1.982933 0.4960 0 4.1800 0  4 26 52 72 67 -1 49 8  0 1 1 1 0 20 0 12.30 
0.282 2 2.10 2.10 2.1 2.1 0.116 0.087 0.7434 0.6804 -0.4068 0.1845 0.0003 0.007773 -1.982940 0.4960 0 4.1800 0  9 24 18 13 23 -19 10 2  0 1 1 1 0 20 0 12.28 
0.283 2 2.10 2.10 2.1 2.1 0.172 0.096 0.7302 0.7575 0.1762 0.1853 0.0003 0.007773 -1.982944 0.4960 0 4.1800 0  -5 -8 9 26 17 24 -33 51  0 1 1 1 0 20 0 12.30 
0.284 2 2.10 2.10 2.1 2.1 0.165 0.113 0.7434 0.6804 -0.4068 0.1862 0.0003 0.007773 -1.982945 0.4960 0 4.1800 0  -18 20 5 28 16 31 -21 40  0 1 1 1 0 20 0 12.30 
0.285 2 2.10 2.10 2.1 2.1 0.145 0.077 0.7302 0.7044 -0.1658 0.1870 0.0003 0.007773 -1.982951 0.4960 0 4.1800 0  69 -10 29 36 -8 55 -32 78  0 1 1 1 0 20 0 12.30 
0.286 2 2.10 2.10 2.1 2.1 0.063 0.066 0.7302 0.7302 0.0000 0.1876 0.0003 0.010364 -1.982958 0.4960 0 4.1800 0  27 23 24 46 46 -12 14 29  0 1 1 1 0 20 0 12.30 
0.287 2 2.10 2.10 2.1 2.1 0.073 0.074 0.7169 0.7434 0.1710 0.1882 0.0003 0.007773 -1.982959 0.4960 0 4.1800 0  -22 71 -4 39 48 -20 48 -19  0 1 1 1 0 20 0 12.31 
0.288 2 2.10 2.10 2.1 2.1 0.116 0.082 0.7434 0.7872 0.2824 0.1890 0.0003 0.007773 -1.982957 0.4960 0 4.1800 0  -46 45 -5 24 15 2 27 -28  0 1 1 1 0 20 0 12.30 
0.289 2 2.10 2.10 2.1 2.1 0.120 0.089 0.7044 0.7575 0.3420 0.1898 0.0004 0.007773 -1.982959 0.4960 0 4.1800 0  6 11 8 2 6 54 -22 79  0 1 1 1 0 20 0 12.30 
0.290 2 2.10 2.10 2.1 2.1 0.101 0.071 0.7044 0.7302 0.1658 0.1906 0.0004 0.007773 -1.982971 0.4960 0 4.1800 0  48 35 -11 69 -13 49 2 40  0 1 1 1 0 20 0 12.29 
0.291 2 2.10 2.10 2.1 2.1 0.118 0.093 0.7302 0.7575 0.1762 0.1912 0.0004 0.010364 -1.982983 0.4960 0 4.1800 0  -41 34 -4 47 34 4 52 -16  0 1 1 1 0 20 0 12.30 
0.292 2 2.10 2.10 2.1 2.1 0.127 0.083 0.7434 0.7575 0.0907 0.1920 0.0004 0.010364 -1.982986 0.4960 0 4.1800 0  -50 61 -28 64 -3 35 12 14  0 1 1 1 0 20 0 12.29 
0.293 2 2.10 2.10 2.1 2.1 0.151 0.084 0.7302 0.7169 -0.0855 0.1926 0.0004 0.007773 -1.982986 0.4960 0 4.1800 0  44 6 63 37 43 -52 44 -28  0 1 1 1 0 20 0 12.29 
0.294 2 2.10 2.10 2.1 2.1 0.097 0.043 0.7302 0.7434 0.0855 0.1934 0.0004 0.007773 -1.982988 0.4960 0 4.1800 0  42 55 -9 14 28 45 -11 23  0 1 1 1 0 20 0 12.30 
0.295 2 2.10 2.10 2.1 2.1 0.089 0.088 0.7302 0.6924 -0.2436 0.1942 0.0004 0.007773 -1.982985 0.4960 0 4.1800 0  18 45 9 76 9 35 14 16  0 1 1 1 0 20 0 12.29 
0.296 2 2.10 2.10 2.1 2.1 0.146 0.127 0.7169 0.7434 0.1710 0.1948 0.0004 0.010364 -1.982973 0.4960 0 4.1800 0  -6 45 -20 42 28 15 -28 14  0 1 1 1 0 20 0 12.30 
0.297 2 2.10 2.10 2.1 2.1 0.118 0.078 0.7169 0.7044 -0.0803 0.1956 0.0004 0.010364 -1.982960 0.4960 0 4.1800 0  -42 10 32 1 64 1 20 31  0 1 1 1 0 20 0 12.30 
0.298 2 2.10 2.10 2.1 2.1 0.093 0.045 0.7044 0.7434 0.2513 0.1962 0.0004 0.007773 -1.982953 0.4960 0 4.1800 0  26 -1 57 38 37 56 -13 54  0 1 1 1 0 20 0 12.30 
0.299 2 2.10 2.10 2.1 2.1 0.053 0.080 0.7302 0.7575 0.1762 0.1970 0.0004 0.007773 -1.982949 0.4960 0 4.1800 0  8 51 -16 69 0 28 27 17  0 1 1 1 0 20 0 12.30 
0.300 2 2.10 2.10 2.1 2.1 0.073 0.091 0.6804 0.7575 0.4975 0.1976 0.0004 0.010364 -1.982946 0.4960 0 4.1800 0  -66 52 -13 42 23 -11 46 -12  0 1 1 1 0 20 0 12.29 
0.301 4 4.10 4.10 4.1 4.1 0.098 0.096 0.7169 0.7575 0.2617 0.1984 0.0004 0.010364 -1.982942 0.4960 0 4.1800 0  -23 66 -26 81 19 13 14 14  0 1 1 1 0 20 0 12.29 
0.302 4 4.10 4.10 4.1 4.1 0.253 0.275 0.7434 0.7434 0.0000 0.1992 0.0004 0.010364 -1.982933 0.4960 0 4.1800 0  22 32 14 63 -1 50 46 18  0 1 1 1 0 20 0 12.23 
0.303 4 4.10 4.10 4.1 4.1 0.351 0.390 0.7302 0.7723 0.2721 0.2000 0.0004 0.010364 -1.982928 0.4960 0 4.1800 0  -56 61 -7 66 44 -14 65 -25  0 1 1 1 0 20 0 12.15 
0.304 4 4.10 4.10 4.1 4.1 0.512 0.523 0.7872 0.7302 -0.3679 0.2006 0.0005 0.007773 -1.982927 0.4960 0 4.1800 0  24 16 12 53 -10 53 -2 -27  0 1 1 1 0 20 0 12.12 
0.305 4 4.10 4.10 4.1 4.1 0.544 0.476 0.7723 0.7723 0.0000 0.2016 0.0005 0.010364 -1.982927 0.4960 0 4.1800 0  -28 -25 -8 23 1 -36 40 12  0 1 1 1 0 20 0 12.13 
0.306 4 4.10 4.10 4.1 4.1 0.510 0.494 0.7872 0.7575 -0.1917 0.2024 0.0005 0.010364 -1.982928 0.4960 0 4.1800 0  47 -18 60 14 45 -1 3 20  0 1 1 1 0 20 0 12.14 
0.307 4 4.10 4.10 4.1 4.1 0.519 0.505 0.8366 0.8366 0.0000 0.2032 0.0005 0.010364 -1.982933 0.4960 0 4.1800 0  28 -2 20 13 -5 38 9 6  0 1 1 1 0 20 0 12.13 
0.308 4 4.10 4.10 4.1 4.1 0.503 0.559 0.8727 0.8193 -0.3446 0.2040 0.0005 0.010364 -1.982941 0.4960 0 4.1800 0  -79 57 20 15 61 -34 63 -6  0 1 1 1 0 20 0 12.13 
0.309 4 4.10 4.10 4.1 4.1 0.557 0.472 0.8924 0.8924 0.0000 0.2048 0.0005 0.010364 -1.982947 0.4960 0 4.1800 0  -12 -5 16 23 35 -17 61 -23  0 1 1 1 0 20 0 12.12 
0.310 4 4.10 4.10 4.1 4.1 0.496 0.488 0.9125 0.8727 -0.2565 0.2058 0.0005 0.007773 -1.982954 0.4960 0 4.1800 0  -62 13 26 23 16 -10 8 -6  0 1 1 1 0 20 0 12.15 
0.311 4 4.10 4.10 4.1 4.1 0.465 0.469 0.9338 0.9125 -0.1373 0.2068 0.0005 0.010364 -1.982960 0.4960 0 4.1800 0  -64 3 25 -6 63 -1 37 11  0 1 1 1 0 20 0 12.16 
0.312 4 4.10 4.10 4.1 4.1 0.447 0.400 0.9338 0.9559 0.1425 0.2076 0.0005 0.010364 -1.982962 0.4960 0 4.1800 0  7 -9 70 30 20 20 -38 75  0 1 1 1 0 20 0 12.16 
0.313 4 4.10 4.10 4.1 4.1 0.428 0.424 1.0041 0.9559 -0.3109 0.2086 0.0005 0.007773 -1.982958 0.4960 0 4.1800 0  -14 23 11 24 10 20 2 2  0 1 1 1 0 20 0 12.16 
0.314 4 4.10 4.10 4.1 4.1 0.392 0.407 1.0041 0.9338 -0.4534 0.2096 0.0005 0.010364 -1.982949 0.4960 0 4.1800 0  -45 58 -15 52 -7 15 45 -37  0 1 1 1 0 20 0 12.16 
0.315 4 4.10 4.10 4.1 4.1 0.404 0.412 1.0567 1.0041 -0.3394 0.2106 0.0006 0.007773 -1.982942 0.4960 0 4.1800 0  -78 58 -2 60 40 -22 66 -27  0 1 1 1 0 20 0 12.17 
0.316 4 4.10 4.10 4.1 4.1 0.466 0.372 1.0298 1.0041 -0.1658 0.2117 0.0006 0.010364 -1.982934 0.4960 0 4.1800 0  -61 -20 30 -10 67 -32 -11 23  0 1 1 1 0 20 0 12.18 
0.317 4 4.10 4.10 4.1 4.1 0.390 0.350 1.0567 1.0852 0.1840 0.2129 0.0006 0.010364 -1.982923 0.4960 0 4.1800 0  -5 6 12 -2 25 6 24 9  0 1 1 1 0 20 0 12.18 
0.318 4 4.10 4.10 4.1 4.1 0.418 0.413 1.0852 1.0567 -0.1840 0.2137 0.0006 0.010364 -1.982914 0.4960 0 4.1800 0  26 14 11 51 -16 11 -1 22  0 1 1 1 0 20 0 12.17 
0.319 4 4.10 4.10 4.1 4.1 0.405 0.386 1.0852 1.0852 0.0000 0.2149 0.0006 0.010364 -1.982906 0.4960 0 4.1800 0  -10 21 8 59 1 4 10 9  0 1 1 1 0 20 0 12.19 
0.320 4 4.10 4.10 4.1 4.1 0.370 0.329 1.1153 1.1153 0.0000 0.2161 0.0006 0.010364 -1.982897 0.4960 0 4.1800 0  -53 62 -16 50 7 -43 48 -13  0 1 1 1 0 20 0 12.19 
0.321 4 4.10 4.10 4.1 4.1 0.333 0.310 1.1153 1.1153 0.0000 0.2169 0.0006 0.010364 -1.982886 0.4960 0 4.1800 0  2 20 14 21 -7 32 45 31  0 1 1 1 0 20 0 12.19 
0.322 4 4.10 4.10 4.1 4.1 0.390 0.333 1.1474 1.1153 -0.2073 0.2181 0.0006 0.010364 -1.982882 0.4960 0 4.1800 0  3 7 -27 33 -12 29 12 -7  0 1 1 1 0 20 0 12.18 
0.323 4 4.10 4.10 4.1 4.1 0.395 0.321 1.1474 1.1812 0.2177 0.2193 0.0006 0.010364 -1.982897 0.4960 0 4.1800 0  -5 -24 1 11 7 42 -41 67  0 1 1 1 0 20 0 12.19 
0.324 4 4.10 4.10 4.1 4.1 0.366 0.346 1.1474 1.1812 0.2177 0.2205 0.0007 0.010364 -1.982920 0.4960 0 4.1800 0  -8 29 -24 33 34 2 20 -14  0 1 1 1 0 20 0 12.19 
0.325 4 4.10 4.10 4.1 4.1 0.347 0.318 1.1474 1.2169 0.4483 0.2215 0.0007 0.012956 -1.982950 0.4960 0 4.1800 0  -48 -32 41 -29 60 16 33 48  0 1 1 1 0 20 0 12.20 
0.326 4 4.10 4.10 4.1 4.1 0.298 0.276 1.2169 1.1474 -0.4483 0.2225 0.0007 0.010364 -1.982988 0.4960 0 4.1800 0  10 26 7 52 20 -7 17 -6  0 1 1 1 0 20 0 12.19 
0.327 4 4.10 4.10 4.1 4.1 0.304 0.262 1.1812 1.2169 0.2306 0.2237 0.0007 0.010364 -1.983028 0.4960 0 4.1800 0  26 -17 53 -12 41 31 -23 48  0 1 1 1 0 20 0 12.19 
0.328 4 4.10 4.10 4.1 4.1 0.318 0.273 1.2169 1.2169 0.0000 0.2249 0.0007 0.010364 -1.983069 0.4960 0 4.1800 0  7 29 19 40 26 7 20 12  0 1 1 1 0 20 0 12.20 
0.329 4 4.10 4.10 4.1 4.1 0.322 0.317 1.2169 1.2169 0.0000 0.2261 0.0007 0.010364 -1.983108 0.4960 0 4.1800 0  -9 29 31 43 6 -2 34 35  0 1 1 1 0 20 0 12.20 
0.330 4 4.10 4.10 4.1 4.1 0.337 0.320 1.2169 1.2952 0.5053 0.2273 0.0007 0.010364 -1.983142 0.4960 0 4.1800 0  -52 69 -9 38 52 -41 39 5  0 1 1 1 0 20 0 12.21 
0.331 4 4.10 4.10 4.1 4.1 0.299 0.261 1.2169 1.2169 0.0000 0.2285 0.0007 0.010364 -1.983171 0.4960 0 4.1800 0  53 6 14 25 27 37 0 41  0 1 1 1 0 20 0 12.23 
0.332 4 4.10 4.10 4.1 4.1 0.293 0.269 1.2169 1.2952 0.5053 0.2297 0.0007 0.010364 -1.983193 0.4960 0 4.1800 0  16 30 -30 57 -26 43 -25 47  0 1 1 1 0 20 0 12.21 
0.333 4 4.10 4.10 4.1 4.1 0.316 0.267 1.2551 1.2551 0.0000 0.2309 0.0008 0.010364 -1.983200 0.4960 0 4.1800 0  14 37 1 26 5 20 37 8  0 1 1 1 0 20 0 12.21 
0.334 4 4.10 4.10 4.1 4.1 0.310 0.289 1.2551 1.2169 -0.2462 0.2321 0.0008 0.010364 -1.983192 0.4960 0 4.1800 0  -25 28 11 26 52 -4 42 -6  0 1 1 1 0 20 0 12.20 
0.335 4 4.10 4.10 4.1 4.1 0.281 0.300 1.2551 1.3386 0.5390 0.2335 0.0008 0.012956 -1.983167 0.4960 0 4.1800 0  -57 54 2 52 35 -28 57 -27  0 1 1 1 0 20 0 12.22 
0.336 4 4.10 4.10 4.1 4.1 0.269 0.207 1.2551 1.2952 0.2591 0.2347 0.0008 0.012956 -1.983124 0.4960 0 4.1800 0  2 8 -35 66 -15 20 27 -71  0 1 1 1 0 20 0 12.22 
0.337 4 4.10 4.10 4.1 4.1 0.279 0.257 1.2551 1.3386 0.5390 0.2359 0.0008 0.012956 -1.983070 0.4960 0 4.1800 0  18 -5 21 80 -21 34 2 12  0 1 1 1 0 20 0 12.22 
0.338 4 4.10 4.10 4.1 4.1 0.306 0.235 1.2551 1.3386 0.5390 0.2372 0.0008 0.012956 -1.983015 0.4960 0 4.1800 0  2 23 14 37 -23 60 11 39  0 1 1 1 0 20 0 12.23 
0.339 4 4.10 4.10 4.1 4.1 0.274 0.241 1.2551 1.3848 0.8369 0.2384 0.0009 0.012956 -1.982963 0.4960 0 4.1800 0  -53 82 -15 36 54 -15 61 -13  0 1 1 1 0 20 0 12.22 
0.340 4 4.10 4.10 4.1 4.1 0.238 0.234 1.3386 1.3848 0.2980 0.2398 0.0009 0.015547 -1.982914 0.4960 0 4.1800 0  -32 3 15 33 14 18 11 55  0 1 1 1 0 20 0 12.22 
0.341 4 4.10 4.10 4.1 4.1 0.273 0.222 1.2952 1.3848 0.5778 0.2410 0.0009 0.015547 -1.982878 0.4960 0 4.1800 0  -2 65 -28 60 -9 70 -8 18  0 1 1 1 0 20 0 12.22 
0.342 4 4.10 4.10 4.1 4.1 0.253 0.217 1.3386 1.3386 0.0000 0.2424 0.0009 0.012956 -1.982863 0.4960 0 4.1800 0  32 24 -7 61 -10 46 1 25  0 1 1 1 0 20 0 12.23 
0.343 4 4.10 4.10 4.1 4.1 0.299 0.228 1.3386 1.2952 -0.2798 0.2436 0.0009 0.012956 -1.982870 0.4960 0 4.1800 0  -1 18 20 48 37 72 8 15  0 1 1 1 0 20 0 12.22 
0.344 4 4.10 4.10 4.1 4.1 0.286 0.243 1.3386 1.3386 0.0000 0.2448 0.0009 0.012956 -1.982904 0.4960 0 4.1800 0  -83 75 -12 64 25 -26 19 -19  0 1 1 1 0 20 0 12.22 
0.345 4 4.10 4.10 4.1 4.1 0.235 0.226 1.3386 1.4342 0.6167 0.2462 0.0010 0.015547 -1.982961 0.4960 0 4.1800 0  2 8 -14 8 9 -7 -33 30  0 1 1 1 0 20 0 12.22 
0.346 4 4.10 4.10 4.1 4.1 0.214 0.181 1.3386 1.3386 0.0000 0.2476 0.0010 0.012956 -1.983023 0.4960 0 4.1800 0  -7 15 7 19 24 -27 21 5  0 1 1 1 0 20 0 12.23 
0.347 4 4.10 4.10 4.1 4.1 0.220 0.207 1.2952 1.4342 0.8965 0.2488 0.0010 0.012956 -1.983082 0.4960 0 4.1800 0  20 47 4 21 26 53 -8 70  0 1 1 1 0 20 0 12.23 
0.348 4 4.10 4.10 4.1 4.1 0.195 0.154 1.3386 1.4342 0.6167 0.2502 0.0010 0.015547 -1.983140 0.4960 0 4.1800 0  20 -16 13 33 24 24 -4 33  0 1 1 1 0 20 0 12.23 
0.349 4 4.10 4.10 4.1 4.1 0.204 0.172 1.3386 1.3848 0.2980 0.2514 0.0010 0.015547 -1.983192 0.4960 0 4.1800 0  21 20 53 -1 34 -8 15 29  0 1 1 1 0 20 0 12.23 
0.350 4 4.10 4.10 4.1 4.1 0.263 0.215 1.3386 1.4342 0.6167 0.2526 0.0011 0.015547 -1.983229 0.4960 0 4.1800 0  6 -4 41 -4 35 15 -24 53  0 1 1 1 0 20 0 12.23 
0.351 4 4.10 4.10 4.1 4.1 0.269 0.203 1.3386 1.4342 0.6167 0.2542 0.0011 0.015547 -1.983248 0.4960 0 4.1800 0  -51 -6 29 25 59 -7 36 16  0 1 1 1 0 20 0 12.24 
0.352 4 4.10 4.10 4.1 4.1 0.247 0.213 1.3386 1.3848 0.2980 0.2554 0.0011 0.015547 -1.983243 0.4960 0 4.1800 0  -51 50 5 32 52 0 71 -4  0 1 1 1 0 20 0 12.25 
0.353 4 4.10 4.10 4.1 4.1 0.202 0.192 1.3386 1.4342 0.6167 0.2566 0.0011 0.015547 -1.983215 0.4960 0 4.1800 0  62 -31 52 -21 59 -27 79 10  0 1 1 1 0 20 0 12.24 
0.354 4 4.10 4.10 4.1 4.1 0.250 0.217 1.3386 1.4872 0.9587 0.2580 0.0011 0.018138 -1.983172 0.4960 0 4.1800 0  0 5 -9 9 33 -16 26 1  0 1 1 1 0 20 0 12.24 
0.355 4 4.10 4.10 4.1 4.1 0.202 0.163 1.3848 1.4342 0.3187 0.2594 0.0012 0.015547 -1.983128 0.4960 0 4.1800 0  21 51 23 41 35 15 42 25  0 1 1 1 0 20 0 12.23 
0.356 4 4.10 4.10 4.1 4.1 0.205 0.136 1.3848 1.2169 -1.0831 0.2606 0.0012 0.015547 -1.983080 0.4960 0 4.1800 0  -10 -21 -21 64 -10 35 62 -7  0 1 1 1 0 20 0 12.24 
0.357 4 4.10 4.10 4.1 4.1 0.203 0.150 1.4342 1.4872 0.3420 0.2623 0.0012 0.015547 -1.983028 0.4960 0 4.1800 0  28 -4 10 6 31 25 -25 41  0 1 1 1 0 20 0 12.24 
0.358 4 4.10 4.10 4.1 4.1 0.222 0.164 1.3848 1.3848 0.0000 0.2635 0.0012 0.015547 -1.982986 0.4960 0 4.1800 0  -30 9 -3 14 26 10 14 7  0 1 1 1 0 20 0 12.24 
0.359 4 4.10 4.10 4.1 4.1 0.231 0.185 1.3848 1.4872 0.6607 0.2649 0.0013 0.018138 -1.982952 0.4960 0 4.1800 0  -36 30 -11 33 39 55 10 -12  0 1 1 1 0 20 0 12.25 
0.360 4 4.10 4.10 4.1 4.1 0.204 0.167 1.3848 1.4872 0.6607 0.2663 0.0013 0.015547 -1.982917 0.4960 0 4.1800 0  -24 19 -12 37 40 -3 41 4  0 1 1 1 0 20 0 12.25 
0.361 4 4.10 4.10 4.1 4.1 0.196 0.151 1.3848 1.4872 0.6607 0.2677 0.0013 0.018138 -1.982886 0.4960 0 4.1800 0  -38 42 19 8 60 -6 58 19  0 1 1 1 0 20 0 12.25 
0.362 4 4.10 4.10 4.1 4.1 0.161 0.133 1.3848 1.4342 0.3187 0.2689 0.0013 0.018138 -1.982874 0.4960 0 4.1800 0  -36 27 49 0 44 39 -36 49  0 1 1 1 0 20 0 12.26 
0.363 4 4.10 4.10 4.1 4.1 0.218 0.116 1.3848 1.2551 -0.8369 0.2703 0.0013 0.015547 -1.982870 0.4960 0 4.1800 0  31 -15 -24 38 -26 5 48 -50  0 1 1 1 0 20 0 12.25 
0.364 4 4.10 4.10 4.1 4.1 0.217 0.155 1.3848 1.5446 1.0313 0.2717 0.0014 0.018138 -1.982863 0.4960 0 4.1800 0  18 -7 20 32 -12 47 -10 44  0 1 1 1 0 20 0 12.24 
0.365 4 4.10 4.10 4.1 4.1 0.236 0.184 1.3848 1.4872 0.6607 0.2731 0.0014 0.020729 -1.982855 0.4960 0 4.1800 0  -54 67 -19 37 27 -23 44 -18  0 1 1 1 0 20 0 12.25 
0.366 4 4.10 4.10 4.1 4.1 0.215 0.150 1.3848 1.4872 0.6607 0.2745 0.0014 0.018138 -1.982846 0.4960 0 4.1800 0  47 52 -1 49 6 3 26 0  0 1 1 1 0 20 0 12.25 
0.367 4 4.10 4.10 4.1 4.1 0.188 0.167 1.3848 1.3848 0.0000 0.2759 0.0015 0.020729 -1.982837 0.4960 0 4.1800 0  39 -6 21 11 -8 21 44 22  0 1 1 1 0 20 0 12.24 
0.368 4 4.10 4.10 4.1 4.1 0.191 0.136 1.3386 1.4872 0.9587 0.2771 0.0015 0.020729 -1.982840 0.4960 0 4.1800 0  4 -11 15 77 -13 22 55 4  0 1 1 1 0 20 0 12.24 
0.369 4 4.10 4.10 4.1 4.1 0.189 0.136 1.4872 1.4872 0.0000 0.2787 0.0015 0.020729 -1.982850 0.4960 0 4.1800 0  1 25 33 20 57 -13 6 20  0 1 1 1 0 20 0 12.24 
0.370 4 4.10 4.10 4.1 4.1 0.222 0.152 1.4342 1.4342 0.0000 0.2799 0.0015 0.020729 -1.982861 0.4960 0 4.1800 0  -42 22 34 -3 19 8 16 40  0 1 1 1 0 20 0 12.24 
