%% logfile from robot 23
%  1    time 0.000 sec
%  2    mission (0) state 2
%  3  4 Motor velocity ref left, right: 2.10 2.10
%  5  6 Motor voltage [V] left, right: 2.1 2.1
%  7  8 Motor current left, right [A]: 0.003 0.011
%  9 10 Wheel velocity [m/s] left, right: 0.0000 0.0000
% 11    Turnrate [r/s]: 0.0000
% 12 13 14 15 Pose x,y,h,tilt [m,m,rad,rad]: 0.0000 0.0000 0.000000 -1.975078
% 16 .. 35 Line sensor: left -4.180000 0, right 4.180000 0, values 15 6 11 24 3 16 19 17, white 0, used 1, LEDhigh=1, xb=1 xw=0 xbc=20 xwc=0
% 35    Battery voltage [V]: 12.17
0.001 2 2.10 2.10 2.1 2.1 0.059 0.092 0.0000 0.0000 0.0000 0.0000 0.0000 0.000000 -1.975080 -4.1800 0 4.1800 0  10 6 19 41 9 36 18 20  0 1 1 1 0 20 0 12.13 
0.002 2 2.10 2.10 2.1 2.1 0.278 0.329 0.0000 0.0000 0.0000 0.0000 0.0000 0.000000 -1.975082 -4.1800 0 4.1800 0  4 4 5 73 22 39 3 10  0 1 1 1 0 20 0 12.10 
0.003 2 2.10 2.10 2.1 2.1 0.415 0.500 0.0000 0.0000 0.0000 0.0000 0.0000 0.000000 -1.975080 -4.1800 0 4.1800 0  12 6 20 27 25 58 4 22  0 1 1 1 0 20 0 12.10 
0.004 2 2.10 2.10 2.1 2.1 0.497 0.519 0.0000 0.0000 0.0000 0.0000 0.0000 0.000000 -1.975083 -4.1800 0 4.1800 0  -12 16 8 30 18 56 2 7  0 1 1 1 0 20 0 12.08 
0.005 2 2.10 2.10 2.1 2.1 0.485 0.508 0.0000 0.0000 0.0000 0.0000 0.0000 0.000000 -1.975086 -4.1800 0 4.1800 0  6 30 30 2 12 -4 -1 20  0 1 1 1 0 20 0 12.08 
0.006 2 2.10 2.10 2.1 2.1 0.496 0.505 0.0000 0.0000 0.0000 0.0002 -0.0000 -0.002591 -1.975084 -4.1800 0 4.1800 0  8 23 15 58 17 35 18 23  0 1 1 1 0 20 0 12.07 
0.007 2 2.10 2.10 2.1 2.1 0.506 0.485 0.0000 0.0000 0.0000 0.0004 -0.0000 0.000000 -1.975088 -4.1800 0 4.1800 0  12 20 6 48 3 27 1 26  0 1 1 1 0 20 0 12.08 
0.008 2 2.10 2.10 2.1 2.1 0.460 0.477 0.1671 0.0000 -1.0779 0.0006 -0.0000 -0.002591 -1.975097 -4.1800 0 4.1800 0  5 9 2 27 21 16 7 15  0 1 1 1 0 20 0 12.08 
0.009 2 2.10 2.10 2.1 2.1 0.463 0.469 0.1671 0.0000 -1.0779 0.0006 -0.0000 -0.002591 -1.975104 -4.1800 0 4.1800 0  8 23 10 58 19 27 18 28  0 1 1 1 0 20 0 12.08 
0.010 2 2.10 2.10 2.1 2.1 0.432 0.435 0.2068 0.1598 -0.3032 0.0010 -0.0000 -0.002591 -1.975106 -4.1800 0 4.1800 0  9 3 6 39 11 16 12 28  0 1 1 1 0 20 0 12.08 
0.011 2 2.10 2.10 2.1 2.1 0.412 0.437 0.2068 0.2217 0.0959 0.0012 -0.0000 0.000000 -1.975104 -4.1800 0 4.1800 0  3 24 13 40 15 23 13 40  0 1 1 1 0 20 0 12.09 
0.012 2 2.10 2.10 2.1 2.1 0.403 0.418 0.2639 0.2217 -0.2721 0.0014 -0.0000 -0.002591 -1.975104 -4.1800 0 4.1800 0  -4 16 14 28 5 18 13 24  0 1 1 1 0 20 0 12.10 
0.013 2 2.10 2.10 2.1 2.1 0.371 0.412 0.2996 0.2157 -0.5415 0.0018 -0.0000 -0.002591 -1.975104 -4.1800 0 4.1800 0  25 32 22 20 27 0 20 18  0 1 1 1 0 20 0 12.10 
0.014 2 2.10 2.10 2.1 2.1 0.390 0.386 0.3161 0.2157 -0.6478 0.0020 -0.0000 -0.005182 -1.975102 -4.1800 0 4.1800 0  13 14 2 43 7 30 14 31  0 1 1 1 0 20 0 12.10 
0.015 2 2.10 2.10 2.1 2.1 0.397 0.360 0.3161 0.2908 -0.1632 0.0022 -0.0000 -0.002591 -1.975101 -4.1800 0 4.1800 0  14 31 14 32 9 42 21 22  0 1 1 1 0 20 0 12.10 
0.016 2 2.10 2.10 2.1 2.1 0.353 0.344 0.3016 0.2446 -0.3679 0.0026 -0.0000 -0.002591 -1.975096 -4.1800 0 4.1800 0  0 5 16 18 1 18 12 14  0 1 1 1 0 20 0 12.10 
0.017 2 2.10 2.10 2.1 2.1 0.342 0.354 0.3462 0.3490 0.0181 0.0030 -0.0000 -0.002591 -1.975095 -4.1800 0 4.1800 0  20 29 21 6 10 8 12 0  0 1 1 1 0 20 0 12.10 
0.018 2 2.10 2.10 2.1 2.1 0.344 0.341 0.3430 0.3490 0.0389 0.0032 -0.0000 -0.005182 -1.975100 -4.1800 0 4.1800 0  9 24 18 22 16 39 27 20  0 1 1 1 0 20 0 12.10 
0.019 2 2.10 2.10 2.1 2.1 0.310 0.340 0.3751 0.3289 -0.2980 0.0036 -0.0000 -0.005182 -1.975105 -4.1800 0 4.1800 0  19 28 17 7 14 15 3 23  0 1 1 1 0 20 0 12.12 
0.020 2 2.10 2.10 2.1 2.1 0.297 0.309 0.3615 0.3787 0.1114 0.0040 -0.0000 -0.005182 -1.975113 -4.1800 0 4.1800 0  -1 9 3 37 6 27 12 7  0 1 1 1 0 20 0 12.11 
0.021 2 2.10 2.10 2.1 2.1 0.305 0.344 0.3860 0.3317 -0.3498 0.0044 -0.0000 -0.005182 -1.975123 -4.1800 0 4.1800 0  -3 21 23 55 19 37 29 17  0 1 1 1 0 20 0 12.11 
0.022 2 2.10 2.10 2.1 2.1 0.327 0.310 0.3976 0.3651 -0.2099 0.0048 -0.0000 -0.005182 -1.975134 -4.1800 0 4.1800 0  14 -1 12 20 11 26 21 28  0 1 1 1 0 20 0 12.10 
0.023 2 2.10 2.10 2.1 2.1 0.303 0.278 0.4181 0.3582 -0.3861 0.0052 -0.0000 -0.005182 -1.975139 -4.1800 0 4.1800 0  1 18 6 -4 14 7 12 14  0 1 1 1 0 20 0 12.11 
0.024 2 2.10 2.10 2.1 2.1 0.256 0.280 0.4225 0.3936 -0.1866 0.0056 -0.0000 -0.005182 -1.975139 -4.1800 0 4.1800 0  13 22 18 50 0 23 17 0  0 1 1 1 0 20 0 12.11 
0.025 2 2.10 2.10 2.1 2.1 0.269 0.309 0.4362 0.4016 -0.2228 0.0060 -0.0000 -0.005182 -1.975137 -4.1800 0 4.1800 0  6 25 22 42 10 26 21 7  0 1 1 1 0 20 0 12.11 
0.026 2 2.10 2.10 2.1 2.1 0.266 0.288 0.4317 0.4269 -0.0311 0.0064 -0.0000 -0.005182 -1.975133 -4.1800 0 4.1800 0  16 9 11 14 0 7 24 8  0 1 1 1 0 20 0 12.10 
0.027 2 2.10 2.10 2.1 2.1 0.255 0.306 0.4510 0.3683 -0.5338 0.0068 -0.0000 -0.005182 -1.975133 -4.1800 0 4.1800 0  9 43 14 -3 14 0 21 15  0 1 1 1 0 20 0 12.12 
0.028 2 2.10 2.10 2.1 2.1 0.264 0.257 0.4667 0.4181 -0.3135 0.0072 -0.0000 -0.005182 -1.975129 -4.1800 0 4.1800 0  20 16 6 -7 14 26 14 6  0 1 1 1 0 20 0 12.12 
0.029 2 2.10 2.10 2.1 2.1 0.262 0.258 0.4615 0.4667 0.0337 0.0080 -0.0000 -0.005182 -1.975117 -4.1800 0 4.1800 0  8 7 13 40 11 32 6 25  0 1 1 1 0 20 0 12.12 
0.030 2 2.10 2.10 2.1 2.1 0.276 0.248 0.4836 0.4410 -0.2747 0.0084 -0.0000 -0.005182 -1.975107 -4.1800 0 4.1800 0  13 28 20 16 6 4 7 11  0 1 1 1 0 20 0 12.10 
0.031 2 2.10 2.10 2.1 2.1 0.254 0.236 0.5149 0.4779 -0.2384 0.0088 -0.0000 -0.005182 -1.975102 -4.1800 0 4.1800 0  8 20 8 43 10 50 12 19  0 1 1 1 0 20 0 12.12 
0.032 2 2.10 2.10 2.1 2.1 0.253 0.216 0.5149 0.4667 -0.3109 0.0092 -0.0000 -0.005182 -1.975099 -4.1800 0 4.1800 0  7 28 13 20 16 20 17 19  0 1 1 1 0 20 0 12.12 
0.033 2 2.10 2.10 2.1 2.1 0.235 0.242 0.5149 0.5020 -0.0829 0.0098 -0.0000 -0.007773 -1.975094 -4.1800 0 4.1800 0  21 21 6 35 15 41 21 14  0 1 1 1 0 20 0 12.13 
0.034 2 2.10 2.10 2.1 2.1 0.220 0.207 0.5426 0.5081 -0.2228 0.0104 -0.0000 -0.005182 -1.975094 -4.1800 0 4.1800 0  15 35 17 -6 6 -7 19 29  0 1 1 1 0 20 0 12.12 
0.035 2 2.10 2.10 2.1 2.1 0.224 0.202 0.5426 0.5020 -0.2617 0.0108 -0.0000 -0.005182 -1.975097 -4.1800 0 4.1800 0  12 15 19 16 6 16 17 13  0 1 1 1 0 20 0 12.12 
0.036 2 2.10 2.10 2.1 2.1 0.229 0.194 0.5281 0.5281 0.0000 0.0114 -0.0001 -0.007773 -1.975102 -4.1800 0 4.1800 0  1 20 10 37 9 34 20 23  0 1 1 1 0 20 0 12.12 
0.037 2 2.10 2.10 2.1 2.1 0.187 0.187 0.5281 0.4896 -0.2487 0.0118 -0.0001 -0.007773 -1.975108 -4.1800 0 4.1800 0  26 29 17 -13 11 4 37 18  0 1 1 1 0 20 0 12.13 
0.038 2 2.10 2.10 2.1 2.1 0.207 0.211 0.5904 0.5281 -0.4016 0.0127 -0.0001 -0.007773 -1.975113 -4.1800 0 4.1800 0  17 -2 16 8 22 22 30 17  0 1 1 1 0 20 0 12.13 
0.039 2 2.10 2.10 2.1 2.1 0.208 0.193 0.5820 0.5575 -0.1581 0.0131 -0.0001 -0.007773 -1.975120 -4.1800 0 4.1800 0  13 15 15 25 14 36 34 26  0 1 1 1 0 20 0 12.13 
0.040 2 2.10 2.10 2.1 2.1 0.184 0.226 0.5820 0.5149 -0.4327 0.0135 -0.0001 -0.007773 -1.975130 -4.1800 0 4.1800 0  15 11 15 9 13 20 34 12  0 1 1 1 0 20 0 12.12 
0.041 2 2.10 2.10 2.1 2.1 0.184 0.210 0.5655 0.5575 -0.0518 0.0143 -0.0001 -0.007773 -1.975130 -4.1800 0 4.1800 0  12 21 20 4 16 19 44 26  0 1 1 1 0 20 0 12.13 
0.042 2 2.10 2.10 2.1 2.1 0.238 0.198 0.5820 0.5820 0.0000 0.0147 -0.0001 -0.007773 -1.975127 -4.1800 0 4.1800 0  17 10 21 37 16 33 6 7  0 1 1 1 0 20 0 12.13 
0.043 2 2.10 2.10 2.1 2.1 0.188 0.160 0.5904 0.5735 -0.1088 0.0155 -0.0001 -0.007773 -1.975129 -4.1800 0 4.1800 0  30 33 21 -7 4 7 27 24  0 1 1 1 0 20 0 12.13 
0.044 2 2.10 2.10 2.1 2.1 0.189 0.159 0.5820 0.5735 -0.0544 0.0159 -0.0001 -0.007773 -1.975131 -4.1800 0 4.1800 0  1 14 9 25 6 34 18 9  0 1 1 1 0 20 0 12.12 
0.045 2 2.10 2.10 2.1 2.1 0.177 0.182 0.5992 0.5904 -0.0570 0.0165 -0.0001 -0.010364 -1.975127 -4.1800 0 4.1800 0  25 -3 7 17 8 20 33 0  0 1 1 1 0 20 0 12.13 
0.046 2 2.10 2.10 2.1 2.1 0.166 0.184 0.6085 0.5735 -0.2254 0.0171 -0.0001 -0.007773 -1.975129 -4.1800 0 4.1800 0  17 33 21 -8 1 3 39 26  0 1 1 1 0 20 0 12.13 
0.047 2 2.10 2.10 2.1 2.1 0.204 0.158 0.6085 0.5904 -0.1166 0.0177 -0.0001 -0.010364 -1.975138 -4.1800 0 4.1800 0  10 24 22 15 5 33 32 35  0 1 1 1 0 20 0 12.13 
0.048 2 2.10 2.10 2.1 2.1 0.154 0.165 0.6177 0.5498 -0.4379 0.0183 -0.0001 -0.007773 -1.975142 -4.1800 0 4.1800 0  35 12 10 -7 2 18 38 24  0 1 1 1 0 20 0 12.13 
0.049 2 2.10 2.10 2.1 2.1 0.171 0.155 0.5992 0.5904 -0.0570 0.0189 -0.0001 -0.010364 -1.975143 -4.1800 0 4.1800 0  -1 20 27 44 11 24 8 21  0 1 1 1 0 20 0 12.13 
0.050 2 2.10 2.10 2.1 2.1 0.161 0.173 0.6177 0.6085 -0.0596 0.0195 -0.0001 -0.007773 -1.975141 -4.1800 0 4.1800 0  18 42 30 0 16 11 29 22  0 1 1 1 0 20 0 12.13 
0.051 2 2.10 2.10 2.1 2.1 0.165 0.212 0.6273 0.5992 -0.1814 0.0201 -0.0001 -0.010364 -1.975141 -4.1800 0 4.1800 0  10 7 22 43 8 25 4 16  0 1 1 1 0 20 0 12.12 
0.052 2 2.10 2.10 2.1 2.1 0.176 0.158 0.6474 0.6177 -0.1917 0.0207 -0.0001 -0.007773 -1.975143 -4.1800 0 4.1800 0  9 22 11 15 14 41 31 21  0 1 1 1 0 20 0 12.12 
0.053 2 2.10 2.10 2.1 2.1 0.196 0.162 0.6177 0.6474 0.1917 0.0213 -0.0001 -0.010364 -1.975144 -4.1800 0 4.1800 0  16 5 12 9 5 20 31 10  0 1 1 1 0 20 0 12.14 
0.054 2 2.10 2.10 2.1 2.1 0.176 0.145 0.6374 0.6273 -0.0648 0.0219 -0.0001 -0.007773 -1.975145 -4.1800 0 4.1800 0  9 20 15 7 24 30 50 3  0 1 1 1 0 20 0 12.13 
0.055 2 2.10 2.10 2.1 2.1 0.165 0.155 0.6374 0.5655 -0.4638 0.0225 -0.0001 -0.010364 -1.975144 -4.1800 0 4.1800 0  12 -4 17 13 13 32 28 26  0 1 1 1 0 20 0 12.13 
0.056 2 2.10 2.10 2.1 2.1 0.155 0.136 0.6374 0.6177 -0.1270 0.0233 -0.0002 -0.010364 -1.975144 -4.1800 0 4.1800 0  8 21 10 49 9 23 4 23  0 1 1 1 0 20 0 12.12 
0.057 2 2.10 2.10 2.1 2.1 0.177 0.135 0.6374 0.6474 0.0648 0.0237 -0.0002 -0.010364 -1.975146 -4.1800 0 4.1800 0  5 10 13 23 -3 10 -5 12  0 1 1 1 0 20 0 12.13 
0.058 2 2.10 2.10 2.1 2.1 0.147 0.144 0.6474 0.6474 0.0000 0.0245 -0.0002 -0.010364 -1.975140 -4.1800 0 4.1800 0  21 32 15 30 17 35 18 32  0 1 1 1 0 20 0 12.13 
0.059 2 2.10 2.10 2.1 2.1 0.144 0.142 0.6583 0.6177 -0.2617 0.0251 -0.0002 -0.007773 -1.975131 -4.1800 0 4.1800 0  21 23 15 17 9 32 36 28  0 1 1 1 0 20 0 12.13 
0.060 2 2.10 2.10 2.1 2.1 0.152 0.139 0.6583 0.6374 -0.1347 0.0257 -0.0002 -0.010364 -1.975129 -4.1800 0 4.1800 0  7 18 19 33 15 33 6 12  0 1 1 1 0 20 0 12.13 
0.061 2 2.10 2.10 2.1 2.1 0.136 0.169 0.6691 0.5992 -0.4509 0.0265 -0.0002 -0.010364 -1.975134 -4.1800 0 4.1800 0  2 11 -1 15 7 33 27 14  0 1 1 1 0 20 0 12.13 
0.062 2 2.10 2.10 2.1 2.1 0.148 0.169 0.6273 0.6474 0.1296 0.0269 -0.0002 -0.010364 -1.975141 -4.1800 0 4.1800 0  9 43 25 49 10 38 18 26  0 1 1 1 0 20 0 12.13 
0.063 2 2.10 2.10 2.1 2.1 0.146 0.150 0.6804 0.6804 0.0000 0.0277 -0.0002 -0.010364 -1.975150 -4.1800 0 4.1800 0  19 10 15 44 10 34 -8 17  0 1 1 1 0 20 0 12.14 
0.064 2 2.10 2.10 2.1 2.1 0.150 0.168 0.6374 0.6273 -0.0648 0.0285 -0.0002 -0.010364 -1.975152 -4.1800 0 4.1800 0  13 15 29 42 14 38 25 22  0 1 1 1 0 20 0 12.14 
0.065 2 2.10 2.10 2.1 2.1 0.152 0.126 0.6583 0.6374 -0.1347 0.0289 -0.0002 -0.010364 -1.975145 -4.1800 0 4.1800 0  14 31 13 32 8 23 -1 21  0 1 1 1 0 20 0 12.13 
0.066 2 2.10 2.10 2.1 2.1 0.142 0.146 0.6924 0.6374 -0.3550 0.0297 -0.0002 -0.010364 -1.975142 -4.1800 0 4.1800 0  21 7 16 -3 5 27 18 16  0 1 1 1 0 20 0 12.13 
0.067 2 2.10 2.10 2.1 2.1 0.155 0.124 0.6583 0.6691 0.0700 0.0303 -0.0002 -0.012956 -1.975144 -4.1800 0 4.1800 0  4 27 19 -18 13 9 34 16  0 1 1 1 0 20 0 12.14 
0.068 2 2.10 2.10 2.1 2.1 0.135 0.135 0.6583 0.6804 0.1425 0.0309 -0.0002 -0.010364 -1.975139 -4.1800 0 4.1800 0  8 22 5 41 4 26 16 18  0 1 1 1 0 20 0 12.13 
0.069 2 2.10 2.10 2.1 2.1 0.150 0.107 0.7169 0.6691 -0.3083 0.0317 -0.0002 -0.010364 -1.975130 -4.1800 0 4.1800 0  14 7 2 27 11 28 12 20  0 1 1 1 0 20 0 12.13 
0.070 2 2.10 2.10 2.1 2.1 0.120 0.097 0.7044 0.6583 -0.2980 0.0323 -0.0003 -0.012956 -1.975122 -4.1800 0 4.1800 0  14 8 14 3 8 13 25 20  0 1 1 1 0 20 0 12.14 
0.071 2 2.10 2.10 2.1 2.1 0.101 0.130 0.7044 0.6374 -0.4327 0.0329 -0.0003 -0.010364 -1.975118 -4.1800 0 4.1800 0  5 17 17 32 8 28 2 20  0 1 1 1 0 20 0 12.14 
0.072 2 2.10 2.10 2.1 2.1 0.132 0.159 0.6804 0.6804 0.0000 0.0337 -0.0003 -0.010364 -1.975121 -4.1800 0 4.1800 0  8 14 7 37 3 35 20 10  0 1 1 1 0 20 0 12.14 
0.073 2 2.10 2.10 2.1 2.1 0.150 0.103 0.6924 0.7044 0.0777 0.0343 -0.0003 -0.012956 -1.975123 -4.1800 0 4.1800 0  23 17 14 5 17 22 33 15  0 1 1 1 0 20 0 12.14 
0.074 2 2.10 2.10 2.1 2.1 0.162 0.090 0.6804 0.6924 0.0777 0.0349 -0.0003 -0.010364 -1.975126 -4.1800 0 4.1800 0  8 15 13 49 7 30 -1 10  0 1 1 1 0 20 0 12.13 
0.075 2 2.10 2.10 2.1 2.1 0.136 0.094 0.6924 0.7044 0.0777 0.0357 -0.0003 -0.010364 -1.975132 -4.1800 0 4.1800 0  6 27 15 6 5 22 32 21  0 1 1 1 0 20 0 12.14 
0.076 2 2.10 2.10 2.1 2.1 0.118 0.108 0.6691 0.6273 -0.2695 0.0363 -0.0003 -0.012956 -1.975137 -4.1800 0 4.1800 0  13 44 3 -12 8 4 33 16  0 1 1 1 0 20 0 12.13 
0.077 2 2.10 2.10 2.1 2.1 0.139 0.127 0.7044 0.7044 0.0000 0.0371 -0.0003 -0.012956 -1.975147 -4.1800 0 4.1800 0  7 22 7 35 11 19 2 20  0 1 1 1 0 20 0 12.14 
0.078 2 2.10 2.10 2.1 2.1 0.142 0.097 0.7169 0.6374 -0.5130 0.0378 -0.0003 -0.010364 -1.975157 -4.1800 0 4.1800 0  8 18 20 36 9 32 10 23  0 1 1 1 0 20 0 12.14 
0.079 2 2.10 2.10 2.1 2.1 0.124 0.123 0.6924 0.6804 -0.0777 0.0384 -0.0003 -0.012956 -1.975161 -4.1800 0 4.1800 0  19 16 15 37 7 38 -5 26  0 1 1 1 0 20 0 12.13 
0.080 2 2.10 2.10 2.1 2.1 0.097 0.123 0.7044 0.7044 0.0000 0.0392 -0.0003 -0.012956 -1.975164 -4.1800 0 4.1800 0  -2 38 14 44 10 32 5 19  0 1 1 1 0 20 0 12.14 
0.081 2 2.10 2.10 2.1 2.1 0.114 0.123 0.7169 0.7169 0.0000 0.0400 -0.0003 -0.012956 -1.975169 -4.1800 0 4.1800 0  29 30 14 -32 21 15 29 14  0 1 1 1 0 20 0 12.13 
0.082 2 2.10 2.10 2.1 2.1 0.142 0.112 0.6804 0.7302 0.3213 0.0406 -0.0003 -0.010364 -1.975169 -4.1800 0 4.1800 0  14 11 13 41 4 38 12 23  0 1 1 1 0 20 0 12.13 
0.083 2 2.10 2.10 2.1 2.1 0.135 0.096 0.6924 0.6804 -0.0777 0.0412 -0.0004 -0.012956 -1.975165 -4.1800 0 4.1800 0  12 29 9 -2 12 19 48 29  0 1 1 1 0 20 0 12.14 
0.084 2 2.10 2.10 2.1 2.1 0.129 0.082 0.6804 0.6374 -0.2773 0.0420 -0.0004 -0.012956 -1.975163 -4.1800 0 4.1800 0  6 -8 9 29 -1 26 16 4  0 1 1 1 0 20 0 12.14 
0.085 2 2.10 2.10 2.1 2.1 0.112 0.102 0.7044 0.6924 -0.0777 0.0426 -0.0004 -0.010364 -1.975162 -4.1800 0 4.1800 0  9 14 30 -3 13 18 45 22  0 1 1 1 0 20 0 12.13 
0.086 2 2.10 2.10 2.1 2.1 0.141 0.080 0.7169 0.7169 0.0000 0.0432 -0.0004 -0.012956 -1.975155 -4.1800 0 4.1800 0  23 19 10 41 14 32 0 13  0 1 1 1 0 20 0 12.13 
0.087 2 2.10 2.10 2.1 2.1 0.122 0.091 0.7169 0.7169 0.0000 0.0440 -0.0004 -0.012956 -1.975146 -4.1800 0 4.1800 0  7 9 12 25 14 23 22 9  0 1 1 1 0 20 0 12.12 
0.088 2 2.10 2.10 2.1 2.1 0.112 0.089 0.7169 0.7169 0.0000 0.0448 -0.0004 -0.012956 -1.975140 -4.1800 0 4.1800 0  13 7 12 40 5 31 3 8  0 1 1 1 0 20 0 12.13 
0.089 2 2.10 2.10 2.1 2.1 0.112 0.095 0.7169 0.7302 0.0855 0.0454 -0.0004 -0.010364 -1.975136 -4.1800 0 4.1800 0  19 10 17 35 8 31 0 21  0 1 1 1 0 20 0 12.13 
0.090 2 2.10 2.10 2.1 2.1 0.130 0.119 0.6804 0.6583 -0.1425 0.0460 -0.0004 -0.012956 -1.975136 -4.1800 0 4.1800 0  20 12 14 11 21 16 22 12  0 1 1 1 0 20 0 12.13 
0.091 2 2.10 2.10 2.1 2.1 0.125 0.125 0.7434 0.7169 -0.1710 0.0468 -0.0004 -0.012956 -1.975143 -4.1800 0 4.1800 0  8 34 18 39 9 32 8 10  0 1 1 1 0 20 0 12.13 
0.092 2 2.10 2.10 2.1 2.1 0.124 0.107 0.6924 0.6804 -0.0777 0.0476 -0.0004 -0.012956 -1.975153 -4.1800 0 4.1800 0  14 6 13 19 19 27 20 21  0 1 1 1 0 20 0 12.13 
0.093 2 2.10 2.10 2.1 2.1 0.125 0.108 0.7169 0.6924 -0.1581 0.0482 -0.0004 -0.010364 -1.975160 -4.1800 0 4.1800 0  12 13 13 42 7 35 -6 10  0 1 1 1 0 20 0 12.13 
0.094 2 2.10 2.10 2.1 2.1 0.106 0.082 0.7434 0.7302 -0.0855 0.0488 -0.0004 -0.012956 -1.975162 -4.1800 0 4.1800 0  4 5 8 4 11 18 32 14  0 1 1 1 0 20 0 12.14 
0.095 2 2.10 2.10 2.1 2.1 0.150 0.078 0.7044 0.7302 0.1658 0.0496 -0.0005 -0.012956 -1.975162 -4.1800 0 4.1800 0  11 21 19 23 21 38 38 29  0 1 1 1 0 20 0 12.13 
0.096 2 2.10 2.10 2.1 2.1 0.127 0.101 0.7169 0.7302 0.0855 0.0504 -0.0005 -0.012956 -1.975166 -4.1800 0 4.1800 0  23 32 12 -19 9 23 0 4  0 1 1 1 0 20 0 12.12 
0.097 2 2.10 2.10 2.1 2.1 0.120 0.097 0.7434 0.7169 -0.1710 0.0512 -0.0005 -0.012956 -1.975170 -4.1800 0 4.1800 0  10 1 9 32 5 19 1 21  0 1 1 1 0 20 0 12.14 
0.098 2 2.10 2.10 2.1 2.1 0.098 0.070 0.7434 0.7434 0.0000 0.0518 -0.0005 -0.010364 -1.975174 -4.1800 0 4.1800 0  9 6 0 0 -2 17 25 12  0 1 1 1 0 20 0 12.14 
0.099 2 2.10 2.10 2.1 2.1 0.108 0.089 0.7044 0.6804 -0.1555 0.0524 -0.0005 -0.012956 -1.975173 -4.1800 0 4.1800 0  11 29 27 28 14 33 38 21  0 1 1 1 0 20 0 12.14 
0.100 2 2.10 2.10 2.1 2.1 0.143 0.098 0.7169 0.7302 0.0855 0.0532 -0.0005 -0.012956 -1.975171 -4.1800 0 4.1800 0  23 25 18 21 18 24 30 12  0 1 1 1 0 20 0 12.13 
0.101 2 2.10 2.10 2.1 2.1 0.124 0.119 0.7044 0.6924 -0.0777 0.0540 -0.0005 -0.012956 -1.975171 -4.1800 0 4.1800 0  16 32 14 14 20 25 14 23  0 1 1 1 0 20 0 12.14 
0.102 2 2.10 2.10 2.1 2.1 0.107 0.055 0.7169 0.7169 0.0000 0.0546 -0.0005 -0.010364 -1.975169 -4.1800 0 4.1800 0  6 6 -8 16 16 19 45 18  0 1 1 1 0 20 0 12.14 
0.103 2 2.10 2.10 2.1 2.1 0.108 0.067 0.7302 0.7434 0.0855 0.0552 -0.0005 -0.012956 -1.975165 -4.1800 0 4.1800 0  23 31 19 39 13 20 28 32  0 1 1 1 0 20 0 12.13 
0.104 2 2.10 2.10 2.1 2.1 0.128 0.119 0.7302 0.7169 -0.0855 0.0560 -0.0005 -0.012956 -1.975159 -4.1800 0 4.1800 0  8 30 23 19 14 29 39 27  0 1 1 1 0 20 0 12.14 
0.105 2 2.10 2.10 2.1 2.1 0.135 0.139 0.7434 0.7575 0.0907 0.0568 -0.0005 -0.012956 -1.975150 -4.1800 0 4.1800 0  6 8 9 37 16 27 19 24  0 1 1 1 0 20 0 12.14 
0.106 2 2.10 2.10 2.1 2.1 0.112 0.072 0.7169 0.7169 0.0000 0.0576 -0.0006 -0.012956 -1.975142 -4.1800 0 4.1800 0  2 5 3 0 7 10 22 6  0 1 1 1 0 20 0 12.13 
0.107 2 2.10 2.10 2.1 2.1 0.082 0.058 0.7044 0.6924 -0.0777 0.0580 -0.0006 -0.012956 -1.975139 -4.1800 0 4.1800 0  9 15 23 33 8 24 9 21  0 1 1 1 0 20 0 12.15 
0.108 2 2.10 2.10 2.1 2.1 0.093 0.111 0.7434 0.7169 -0.1710 0.0588 -0.0006 -0.012956 -1.975138 -4.1800 0 4.1800 0  20 7 10 26 13 31 7 23  0 1 1 1 0 20 0 12.14 
0.109 2 2.10 2.10 2.1 2.1 0.138 0.129 0.7044 0.7434 0.2513 0.0596 -0.0006 -0.012956 -1.975134 -4.1800 0 4.1800 0  6 16 20 37 10 38 13 17  0 1 1 1 0 20 0 12.13 
0.110 2 2.10 2.10 2.1 2.1 0.148 0.112 0.7169 0.7044 -0.0803 0.0604 -0.0006 -0.012956 -1.975132 -4.1800 0 4.1800 0  4 6 0 21 6 27 9 19  0 1 1 1 0 20 0 12.14 
0.111 2 2.10 2.10 2.1 2.1 0.101 0.093 0.7302 0.6374 -0.5985 0.0608 -0.0006 -0.012956 -1.975133 -4.1800 0 4.1800 0  15 16 20 4 2 18 25 9  0 1 1 1 0 20 0 12.14 
0.112 2 2.10 2.10 2.1 2.1 0.115 0.074 0.7169 0.7169 0.0000 0.0616 -0.0006 -0.012956 -1.975134 -4.1800 0 4.1800 0  15 23 9 43 12 26 4 23  0 1 1 1 0 20 0 12.14 
0.113 2 2.10 2.10 2.1 2.1 0.123 0.106 0.7302 0.7434 0.0855 0.0624 -0.0006 -0.012956 -1.975144 -4.1800 0 4.1800 0  10 20 14 21 11 46 37 19  0 1 1 1 0 20 0 12.13 
0.114 2 2.10 2.10 2.1 2.1 0.122 0.132 0.7302 0.7434 0.0855 0.0633 -0.0006 -0.012956 -1.975148 -4.1800 0 4.1800 0  18 16 20 4 9 17 26 4  0 1 1 1 0 20 0 12.13 
0.115 2 2.10 2.10 2.1 2.1 0.117 0.073 0.7169 0.7434 0.1710 0.0641 -0.0006 -0.012956 -1.975143 -4.1800 0 4.1800 0  17 17 8 5 9 5 33 12  0 1 1 1 0 20 0 12.14 
0.116 2 2.10 2.10 2.1 2.1 0.103 0.093 0.7302 0.7575 0.1762 0.0647 -0.0006 -0.010364 -1.975140 -4.1800 0 4.1800 0  11 12 13 34 9 29 -5 14  0 1 1 1 0 20 0 12.14 
0.117 2 2.10 2.10 2.1 2.1 0.111 0.109 0.6924 0.6804 -0.0777 0.0653 -0.0007 -0.012956 -1.975135 -4.1800 0 4.1800 0  15 26 11 11 17 36 34 16  0 1 1 1 0 20 0 12.12 
0.118 2 2.10 2.10 2.1 2.1 0.115 0.127 0.7434 0.7434 0.0000 0.0661 -0.0007 -0.012956 -1.975129 -4.1800 0 4.1800 0  15 20 10 11 19 27 33 11  0 1 1 1 0 20 0 12.12 
0.119 2 2.10 2.10 2.1 2.1 0.124 0.089 0.7044 0.7044 0.0000 0.0669 -0.0007 -0.012956 -1.975124 -4.1800 0 4.1800 0  22 -25 20 8 15 13 24 5  0 1 1 1 0 20 0 12.13 
0.120 2 2.10 2.10 2.1 2.1 0.108 0.076 0.7434 0.7169 -0.1710 0.0677 -0.0007 -0.012956 -1.975117 -4.1800 0 4.1800 0  18 9 6 12 14 23 34 7  0 1 1 1 0 20 0 12.13 
0.121 2 2.10 2.10 2.1 2.1 0.106 0.079 0.7434 0.7434 0.0000 0.0681 -0.0007 -0.012956 -1.975106 -4.1800 0 4.1800 0  8 8 18 40 15 30 4 14  0 1 1 1 0 20 0 12.13 
0.122 2 2.10 2.10 2.1 2.1 0.120 0.108 0.7044 0.7434 0.2513 0.0689 -0.0007 -0.012956 -1.975094 -4.1800 0 4.1800 0  15 8 20 15 9 29 36 30  0 1 1 1 0 20 0 12.14 
0.123 2 2.10 2.10 2.1 2.1 0.120 0.083 0.7302 0.7575 0.1762 0.0697 -0.0007 -0.012956 -1.975083 -4.1800 0 4.1800 0  10 7 16 41 8 39 -7 22  0 1 1 1 0 20 0 12.14 
0.124 2 2.10 2.10 2.1 2.1 0.107 0.063 0.7575 0.7434 -0.0907 0.0705 -0.0007 -0.012956 -1.975080 -4.1800 0 4.1800 0  15 14 16 2 9 6 29 13  0 1 1 1 0 20 0 12.14 
0.125 2 2.10 2.10 2.1 2.1 0.108 0.086 0.7434 0.7575 0.0907 0.0713 -0.0007 -0.012956 -1.975087 -4.1800 0 4.1800 0  3 8 11 22 2 20 13 18  0 1 1 1 0 20 0 12.13 
0.126 2 2.10 2.10 2.1 2.1 0.108 0.120 0.7169 0.7044 -0.0803 0.0717 -0.0007 -0.012956 -1.975098 -4.1800 0 4.1800 0  10 9 29 14 5 20 41 12  0 1 1 1 0 20 0 12.13 
0.127 2 2.10 2.10 2.1 2.1 0.132 0.087 0.7302 0.7302 0.0000 0.0725 -0.0008 -0.012956 -1.975101 -4.1800 0 4.1800 0  12 22 11 15 16 55 23 17  0 1 1 1 0 20 0 12.13 
0.128 2 2.10 2.10 2.1 2.1 0.140 0.061 0.7169 0.6924 -0.1581 0.0733 -0.0008 -0.012956 -1.975100 -4.1800 0 4.1800 0  15 9 19 41 13 24 11 15  0 1 1 1 0 20 0 12.15 
0.129 2 2.10 2.10 2.1 2.1 0.114 0.065 0.7302 0.7302 0.0000 0.0741 -0.0008 -0.012956 -1.975098 -4.1800 0 4.1800 0  1 -2 15 36 7 24 -4 13  0 1 1 1 0 20 0 12.15 
0.130 2 2.10 2.10 2.1 2.1 0.125 0.082 0.7169 0.6085 -0.6996 0.0749 -0.0008 -0.012956 -1.975093 -4.1800 0 4.1800 0  12 22 9 24 6 20 16 12  0 1 1 1 0 20 0 12.15 
0.131 2 2.10 2.10 2.1 2.1 0.135 0.078 0.7302 0.7302 0.0000 0.0753 -0.0008 -0.012956 -1.975090 -4.1800 0 4.1800 0  6 18 12 41 8 29 0 27  0 1 1 1 0 20 0 12.14 
0.132 2 2.10 2.10 2.1 2.1 0.127 0.079 0.7434 0.7723 0.1866 0.0761 -0.0008 -0.012956 -1.975087 -4.1800 0 4.1800 0  22 9 14 41 5 29 8 19  0 1 1 1 0 20 0 12.14 
0.133 2 2.10 2.10 2.1 2.1 0.116 0.108 0.7302 0.7302 0.0000 0.0769 -0.0008 -0.012956 -1.975083 -4.1800 0 4.1800 0  11 6 12 32 3 28 -11 24  0 1 1 1 0 20 0 12.14 
0.134 2 2.10 2.10 2.1 2.1 0.097 0.079 0.7302 0.7434 0.0855 0.0777 -0.0008 -0.012956 -1.975078 -4.1800 0 4.1800 0  17 28 18 31 6 25 -4 7  0 1 1 1 0 20 0 12.14 
0.135 2 2.10 2.10 2.1 2.1 0.095 0.089 0.7434 0.7575 0.0907 0.0785 -0.0008 -0.012956 -1.975075 -4.1800 0 4.1800 0  0 20 7 23 15 32 31 32  0 1 1 1 0 20 0 12.14 
0.136 2 2.10 2.10 2.1 2.1 0.135 0.103 0.7169 0.7575 0.2617 0.0791 -0.0008 -0.010364 -1.975075 -4.1800 0 4.1800 0  21 34 21 39 19 31 17 14  0 1 1 1 0 20 0 12.14 
0.137 2 2.10 2.10 2.1 2.1 0.135 0.108 0.7169 0.7169 0.0000 0.0797 -0.0008 -0.012956 -1.975075 -4.1800 0 4.1800 0  12 15 6 18 10 22 23 17  0 1 1 1 0 20 0 12.14 
0.138 2 2.10 2.10 2.1 2.1 0.130 0.098 0.7044 0.6583 -0.2980 0.0805 -0.0009 -0.012956 -1.975074 -4.1800 0 4.1800 0  19 23 6 31 19 38 -2 18  0 1 1 1 0 20 0 12.14 
0.139 2 2.10 2.10 2.1 2.1 0.115 0.060 0.7302 0.7169 -0.0855 0.0813 -0.0009 -0.012956 -1.975070 -4.1800 0 4.1800 0  13 0 1 20 10 42 -3 27  0 1 1 1 0 20 0 12.14 
0.140 2 2.10 2.10 2.1 2.1 0.112 0.095 0.7302 0.6583 -0.4638 0.0821 -0.0009 -0.012956 -1.975064 -4.1800 0 4.1800 0  22 17 25 44 18 30 17 30  0 1 1 1 0 20 0 12.13 
0.141 2 2.10 2.10 2.1 2.1 0.133 0.108 0.7434 0.7434 0.0000 0.0825 -0.0009 -0.012956 -1.975058 -4.1800 0 4.1800 0  10 10 13 31 13 21 5 9  0 1 1 1 0 20 0 12.13 
0.142 2 2.10 2.10 2.1 2.1 0.099 0.085 0.7302 0.7434 0.0855 0.0833 -0.0009 -0.012956 -1.975059 -4.1800 0 4.1800 0  4 7 5 10 7 28 33 21  0 1 1 1 0 20 0 12.14 
0.143 2 2.10 2.10 2.1 2.1 0.104 0.063 0.7434 0.7575 0.0907 0.0841 -0.0009 -0.012956 -1.975065 -4.1800 0 4.1800 0  13 0 13 45 7 24 -5 9  0 1 1 1 0 20 0 12.13 
0.144 2 2.10 2.10 2.1 2.1 0.093 0.105 0.7302 0.7434 0.0855 0.0849 -0.0009 -0.012956 -1.975069 -4.1800 0 4.1800 0  17 20 21 9 22 30 36 12  0 1 1 1 0 20 0 12.12 
0.145 2 2.10 2.10 2.1 2.1 0.130 0.120 0.7575 0.7723 0.0959 0.0857 -0.0009 -0.012956 -1.975073 -4.1800 0 4.1800 0  11 5 11 38 -2 28 5 6  0 1 1 1 0 20 0 12.13 
0.146 2 2.10 2.10 2.1 2.1 0.116 0.116 0.7044 0.7044 0.0000 0.0861 -0.0009 -0.012956 -1.975077 -4.1800 0 4.1800 0  -5 10 22 4 4 9 44 11  0 1 1 1 0 20 0 12.14 
0.147 2 2.10 2.10 2.1 2.1 0.097 0.067 0.7575 0.7169 -0.2617 0.0869 -0.0009 -0.012956 -1.975077 -4.1800 0 4.1800 0  2 16 9 32 0 13 -5 13  0 1 1 1 0 20 0 12.13 
0.148 2 2.10 2.10 2.1 2.1 0.106 0.097 0.6924 0.7044 0.0777 0.0877 -0.0009 -0.012956 -1.975071 -4.1800 0 4.1800 0  15 6 34 13 14 28 49 13  0 1 1 1 0 20 0 12.14 
0.149 2 2.10 2.10 2.1 2.1 0.122 0.105 0.7169 0.7169 0.0000 0.0886 -0.0010 -0.012956 -1.975068 -4.1800 0 4.1800 0  9 6 17 0 7 31 26 16  0 1 1 1 0 20 0 12.14 
0.150 2 2.10 2.10 2.1 2.1 0.122 0.091 0.7723 0.6924 -0.5156 0.0894 -0.0010 -0.012956 -1.975066 -4.1800 0 4.1800 0  19 34 14 46 0 28 15 24  0 1 1 1 0 20 0 12.14 
0.151 2 2.10 2.10 2.1 2.1 0.119 0.078 0.7575 0.7434 -0.0907 0.0900 -0.0010 -0.015547 -1.975061 -4.1800 0 4.1800 0  -12 34 18 20 -3 47 9 17  0 1 1 1 0 20 0 12.15 
0.152 2 2.10 2.10 2.1 2.1 0.089 0.091 0.7575 0.7575 0.0000 0.0906 -0.0010 -0.012956 -1.975056 -4.1800 0 4.1800 0  25 27 17 -10 7 26 62 19  0 1 1 1 0 20 0 12.15 
0.153 2 2.10 2.10 2.1 2.1 0.137 0.116 0.7302 0.7434 0.0855 0.0914 -0.0010 -0.012956 -1.975047 -4.1800 0 4.1800 0  17 19 8 12 13 52 19 13  0 1 1 1 0 20 0 12.14 
0.154 2 2.10 2.10 2.1 2.1 0.125 0.110 0.7434 0.7575 0.0907 0.0922 -0.0010 -0.012956 -1.975038 -4.1800 0 4.1800 0  5 26 9 11 11 37 30 17  0 1 1 1 0 20 0 12.14 
0.155 2 2.10 2.10 2.1 2.1 0.120 0.077 0.7434 0.7434 0.0000 0.0930 -0.0010 -0.012956 -1.975034 -4.1800 0 4.1800 0  4 10 9 42 8 10 -5 13  0 1 1 1 0 20 0 12.14 
0.156 2 2.10 2.10 2.1 2.1 0.107 0.074 0.7434 0.7575 0.0907 0.0938 -0.0010 -0.012956 -1.975035 -4.1800 0 4.1800 0  11 -1 19 29 4 27 1 8  0 1 1 1 0 20 0 12.14 
0.157 2 2.10 2.10 2.1 2.1 0.120 0.102 0.7169 0.6691 -0.3083 0.0942 -0.0010 -0.012956 -1.975037 -4.1800 0 4.1800 0  8 10 3 15 14 23 51 16  0 1 1 1 0 20 0 12.14 
0.158 2 2.10 2.10 2.1 2.1 0.122 0.116 0.7434 0.7434 0.0000 0.0950 -0.0010 -0.012956 -1.975032 -4.1800 0 4.1800 0  16 20 9 43 2 26 -4 22  0 1 1 1 0 20 0 12.15 
0.159 2 2.10 2.10 2.1 2.1 0.093 0.072 0.7044 0.6804 -0.1555 0.0958 -0.0011 -0.012956 -1.975027 -4.1800 0 4.1800 0  -3 35 5 17 13 54 23 12  0 1 1 1 0 20 0 12.14 
0.160 2 2.10 2.10 2.1 2.1 0.072 0.061 0.7169 0.6924 -0.1581 0.0966 -0.0011 -0.012956 -1.975025 -4.1800 0 4.1800 0  17 11 13 13 12 13 25 3  0 1 1 1 0 20 0 12.13 
0.161 2 2.10 2.10 2.1 2.1 0.097 0.090 0.7434 0.7434 0.0000 0.0972 -0.0011 -0.015547 -1.975024 -4.1800 0 4.1800 0  14 1 13 17 15 36 37 22  0 1 1 1 0 20 0 12.14 
0.162 2 2.10 2.10 2.1 2.1 0.132 0.118 0.7169 0.7575 0.2617 0.0978 -0.0011 -0.012956 -1.975027 -4.1800 0 4.1800 0  18 19 12 33 5 31 7 25  0 1 1 1 0 20 0 12.14 
0.163 2 2.10 2.10 2.1 2.1 0.121 0.093 0.7434 0.7723 0.1866 0.0986 -0.0011 -0.012956 -1.975033 -4.1800 0 4.1800 0  7 15 17 -4 10 17 47 14  0 1 1 1 0 20 0 12.14 
0.164 2 2.10 2.10 2.1 2.1 0.101 0.074 0.7434 0.7434 0.0000 0.0994 -0.0011 -0.012956 -1.975036 -4.1800 0 4.1800 0  14 4 24 5 7 8 16 16  0 1 1 1 0 20 0 12.13 
0.165 2 2.10 2.10 2.1 2.1 0.097 0.067 0.7434 0.7302 -0.0855 0.1002 -0.0011 -0.012956 -1.975034 -4.1800 0 4.1800 0  15 19 15 37 7 28 -1 16  0 1 1 1 0 20 0 12.13 
0.166 2 2.10 2.10 2.1 2.1 0.117 0.086 0.7434 0.7575 0.0907 0.1010 -0.0011 -0.012956 -1.975034 -4.1800 0 4.1800 0  12 24 13 40 8 23 7 12  0 1 1 1 0 20 0 12.13 
0.167 2 2.10 2.10 2.1 2.1 0.105 0.071 0.7434 0.7169 -0.1710 0.1016 -0.0011 -0.015547 -1.975040 -4.1800 0 4.1800 0  16 20 25 -3 22 26 30 11  0 1 1 1 0 20 0 12.14 
0.168 2 2.10 2.10 2.1 2.1 0.096 0.074 0.7169 0.7169 0.0000 0.1022 -0.0011 -0.012956 -1.975042 -4.1800 0 4.1800 0  4 17 13 19 14 33 19 20  0 1 1 1 0 20 0 12.14 
0.169 2 2.10 2.10 2.1 2.1 0.089 0.077 0.7302 0.7434 0.0855 0.1030 -0.0011 -0.012956 -1.975039 -4.1800 0 4.1800 0  7 31 13 35 11 41 -2 14  0 1 1 1 0 20 0 12.14 
0.170 2 2.10 2.10 2.1 2.1 0.097 0.082 0.7044 0.6924 -0.0777 0.1038 -0.0012 -0.012956 -1.975031 -4.1800 0 4.1800 0  11 15 19 11 12 15 19 4  0 1 1 1 0 20 0 12.12 
0.171 2 2.10 2.10 2.1 2.1 0.127 0.069 0.7575 0.7575 0.0000 0.1046 -0.0012 -0.012956 -1.975025 -4.1800 0 4.1800 0  19 17 9 38 6 27 35 23  0 1 1 1 0 20 0 12.14 
0.172 2 2.10 2.10 2.1 2.1 0.130 0.081 0.7044 0.7434 0.2513 0.1052 -0.0012 -0.015547 -1.975024 -4.1800 0 4.1800 0  3 17 9 32 6 32 11 26  0 1 1 1 0 20 0 12.14 
0.173 2 2.10 2.10 2.1 2.1 0.100 0.079 0.7302 0.7575 0.1762 0.1058 -0.0012 -0.012956 -1.975021 -4.1800 0 4.1800 0  12 1 19 -22 15 20 65 19  0 1 1 1 0 20 0 12.14 
0.174 2 2.10 2.10 2.1 2.1 0.089 0.048 0.7575 0.7575 0.0000 0.1066 -0.0012 -0.012956 -1.975017 -4.1800 0 4.1800 0  12 23 11 39 10 26 2 23  0 1 1 1 0 20 0 12.14 
0.175 2 2.10 2.10 2.1 2.1 0.128 0.073 0.7169 0.7575 0.2617 0.1074 -0.0012 -0.012956 -1.975012 -4.1800 0 4.1800 0  0 31 12 35 11 49 21 15  0 1 1 1 0 20 0 12.15 
0.176 2 2.10 2.10 2.1 2.1 0.129 0.094 0.7434 0.7723 0.1866 0.1082 -0.0012 -0.012956 -1.975008 -4.1800 0 4.1800 0  9 13 7 36 9 30 17 29  0 1 1 1 0 20 0 12.15 
0.177 2 2.10 2.10 2.1 2.1 0.124 0.077 0.7723 0.7434 -0.1866 0.1090 -0.0012 -0.012956 -1.975005 -4.1800 0 4.1800 0  15 21 12 18 9 22 21 17  0 1 1 1 0 20 0 12.15 
0.178 2 2.10 2.10 2.1 2.1 0.096 0.072 0.7575 0.7434 -0.0907 0.1096 -0.0012 -0.015547 -1.975004 -4.1800 0 4.1800 0  4 10 4 34 4 30 10 13  0 1 1 1 0 20 0 12.14 
0.179 2 2.10 2.10 2.1 2.1 0.097 0.073 0.7302 0.7044 -0.1658 0.1102 -0.0012 -0.012956 -1.975005 -4.1800 0 4.1800 0  14 14 10 17 10 35 20 24  0 1 1 1 0 20 0 12.14 
0.180 2 2.10 2.10 2.1 2.1 0.131 0.098 0.7302 0.7434 0.0855 0.1110 -0.0013 -0.012956 -1.975006 -4.1800 0 4.1800 0  0 12 0 30 17 21 9 19  0 1 1 1 0 20 0 12.13 
0.181 2 2.10 2.10 2.1 2.1 0.127 0.091 0.7302 0.7044 -0.1658 0.1118 -0.0013 -0.012956 -1.975008 -4.1800 0 4.1800 0  6 15 20 42 12 40 0 16  0 1 1 1 0 20 0 12.14 
0.182 2 2.10 2.10 2.1 2.1 0.126 0.056 0.7434 0.7302 -0.0855 0.1126 -0.0013 -0.012956 -1.975010 -4.1800 0 4.1800 0  10 12 14 55 7 22 -5 18  0 1 1 1 0 20 0 12.14 
0.183 2 2.10 2.10 2.1 2.1 0.094 0.063 0.7169 0.7044 -0.0803 0.1133 -0.0013 -0.015547 -1.975015 -4.1800 0 4.1800 0  6 15 9 38 7 38 2 20  0 1 1 1 0 20 0 12.13 
0.184 2 2.10 2.10 2.1 2.1 0.133 0.099 0.7434 0.7302 -0.0855 0.1139 -0.0013 -0.012956 -1.975022 -4.1800 0 4.1800 0  10 26 11 32 -1 16 9 14  0 1 1 1 0 20 0 12.14 
0.185 2 2.10 2.10 2.1 2.1 0.114 0.085 0.7575 0.7723 0.0959 0.1147 -0.0013 -0.012956 -1.975024 -4.1800 0 4.1800 0  15 17 19 44 12 22 4 23  0 1 1 1 0 20 0 12.14 
0.186 2 2.10 2.10 2.1 2.1 0.102 0.061 0.7302 0.7302 0.0000 0.1155 -0.0013 -0.012956 -1.975021 -4.1800 0 4.1800 0  7 9 11 7 7 17 23 5  0 1 1 1 0 20 0 12.14 
0.187 2 2.10 2.10 2.1 2.1 0.078 0.050 0.7302 0.7575 0.1762 0.1163 -0.0013 -0.012956 -1.975025 -4.1800 0 4.1800 0  1 14 13 46 0 24 7 19  0 1 1 1 0 20 0 12.14 
0.188 2 2.10 2.10 2.1 2.1 0.102 0.097 0.7575 0.7575 0.0000 0.1171 -0.0013 -0.012956 -1.975030 -4.1800 0 4.1800 0  0 8 11 44 -1 32 -25 1  0 1 1 1 0 20 0 12.13 
0.189 2 2.10 2.10 2.1 2.1 0.143 0.119 0.7434 0.7575 0.0907 0.1177 -0.0013 -0.015547 -1.975035 -4.1800 0 4.1800 0  19 27 23 18 15 32 34 16  0 1 1 1 0 20 0 12.14 
0.190 2 2.10 2.10 2.1 2.1 0.126 0.093 0.7302 0.7169 -0.0855 0.1183 -0.0014 -0.012956 -1.975041 -4.1800 0 4.1800 0  18 22 12 48 1 28 3 31  0 1 1 1 0 20 0 12.15 
0.191 2 2.10 2.10 2.1 2.1 0.110 0.060 0.7169 0.6691 -0.3083 0.1191 -0.0014 -0.012956 -1.975042 -4.1800 0 4.1800 0  19 16 15 18 11 35 33 13  0 1 1 1 0 20 0 12.14 
0.192 2 2.10 2.10 2.1 2.1 0.116 0.051 0.7302 0.7302 0.0000 0.1199 -0.0014 -0.012956 -1.975043 -4.1800 0 4.1800 0  0 9 9 42 2 27 -10 12  0 1 1 1 0 20 0 12.14 
0.193 2 2.10 2.10 2.1 2.1 0.125 0.104 0.7302 0.7169 -0.0855 0.1207 -0.0014 -0.012956 -1.975049 -4.1800 0 4.1800 0  6 25 27 42 14 40 10 31  0 1 1 1 0 20 0 12.14 
0.194 2 2.10 2.10 2.1 2.1 0.123 0.080 0.7169 0.7575 0.2617 0.1213 -0.0014 -0.015547 -1.975056 -4.1800 0 4.1800 0  8 -4 12 26 5 32 7 17  0 1 1 1 0 20 0 12.13 
0.195 2 2.10 2.10 2.1 2.1 0.101 0.057 0.7302 0.7575 0.1762 0.1219 -0.0014 -0.012956 -1.975061 -4.1800 0 4.1800 0  15 14 7 9 4 36 11 20  0 1 1 1 0 20 0 12.14 
0.196 2 2.10 2.10 2.1 2.1 0.095 0.069 0.7575 0.7723 0.0959 0.1227 -0.0014 -0.012956 -1.975062 -4.1800 0 4.1800 0  7 8 10 11 0 17 14 34  0 1 1 1 0 20 0 12.13 
0.197 2 2.10 2.10 2.1 2.1 0.112 0.108 0.7302 0.7434 0.0855 0.1235 -0.0014 -0.012956 -1.975063 -4.1800 0 4.1800 0  5 -3 19 22 6 27 26 10  0 1 1 1 0 20 0 12.13 
0.198 2 2.10 2.10 2.1 2.1 0.142 0.088 0.7575 0.7723 0.0959 0.1243 -0.0014 -0.012956 -1.975068 -4.1800 0 4.1800 0  8 19 7 27 -9 24 -5 11  0 1 1 1 0 20 0 12.13 
0.199 2 2.10 2.10 2.1 2.1 0.108 0.067 0.7302 0.7575 0.1762 0.1251 -0.0014 -0.012956 -1.975073 -4.1800 0 4.1800 0  9 3 10 19 4 34 19 27  0 1 1 1 0 20 0 12.14 
0.200 4 4.10 4.10 4.1 4.1 0.087 0.081 0.7575 0.7302 -0.1762 0.1257 -0.0015 -0.015547 -1.975075 -4.1800 0 4.1800 0  12 27 15 42 7 33 3 21  0 1 1 1 0 20 0 12.14 
0.201 4 4.10 4.10 4.1 4.1 0.286 0.246 0.6924 0.7169 0.1581 0.1263 -0.0015 -0.012956 -1.975073 -4.1800 0 4.1800 0  13 11 8 23 1 26 13 19  0 1 1 1 0 20 0 12.07 
0.202 4 4.10 4.10 4.1 4.1 0.350 0.343 0.7169 0.7302 0.0855 0.1271 -0.0015 -0.012956 -1.975065 -4.1800 0 4.1800 0  17 28 15 54 13 32 1 23  0 1 1 1 0 20 0 12.02 
0.203 4 4.10 4.10 4.1 4.1 0.488 0.483 0.7723 0.7169 -0.3576 0.1279 -0.0015 -0.012956 -1.975054 -4.1800 0 4.1800 0  19 -10 11 45 9 35 10 23  0 1 1 1 0 20 0 12.00 
0.204 4 4.10 4.10 4.1 4.1 0.514 0.535 0.8032 0.7723 -0.1995 0.1287 -0.0015 -0.012956 -1.975047 -4.1800 0 4.1800 0  23 -3 21 31 5 19 10 25  0 1 1 1 0 20 0 11.98 
0.205 4 4.10 4.10 4.1 4.1 0.562 0.586 0.8032 0.7723 -0.1995 0.1295 -0.0015 -0.012956 -1.975048 -4.1800 0 4.1800 0  2 0 20 55 13 40 23 30  0 1 1 1 0 20 0 11.97 
0.206 4 4.10 4.10 4.1 4.1 0.605 0.504 0.8366 0.8193 -0.1114 0.1303 -0.0015 -0.012956 -1.975055 -4.1800 0 4.1800 0  12 10 20 63 12 31 13 29  0 1 1 1 0 20 0 11.99 
0.207 4 4.10 4.10 4.1 4.1 0.538 0.512 0.8727 0.8193 -0.3446 0.1313 -0.0015 -0.015547 -1.975059 -4.1800 0 4.1800 0  4 14 19 55 16 34 2 9  0 1 1 1 0 20 0 11.99 
0.208 4 4.10 4.10 4.1 4.1 0.516 0.504 0.9125 0.9125 0.0000 0.1323 -0.0015 -0.012956 -1.975052 -4.1800 0 4.1800 0  10 16 22 40 6 33 20 9  0 1 1 1 0 20 0 12.00 
0.209 4 4.10 4.10 4.1 4.1 0.553 0.510 0.9338 0.8727 -0.3939 0.1331 -0.0016 -0.012956 -1.975046 -4.1800 0 4.1800 0  -4 6 23 43 19 33 37 20  0 1 1 1 0 20 0 12.01 
0.210 4 4.10 4.10 4.1 4.1 0.442 0.462 0.9559 0.9559 0.0000 0.1339 -0.0016 -0.012956 -1.975047 -4.1800 0 4.1800 0  15 2 26 59 11 29 12 13  0 1 1 1 0 20 0 12.01 
0.211 4 4.10 4.10 4.1 4.1 0.445 0.468 0.9559 0.9125 -0.2798 0.1351 -0.0016 -0.012956 -1.975048 -4.1800 0 4.1800 0  18 8 12 29 2 27 4 19  0 1 1 1 0 20 0 12.01 
0.212 4 4.10 4.10 4.1 4.1 0.466 0.496 1.0041 0.9559 -0.3109 0.1359 -0.0016 -0.012956 -1.975046 -4.1800 0 4.1800 0  11 3 23 59 8 22 8 16  0 1 1 1 0 20 0 12.01 
0.213 4 4.10 4.10 4.1 4.1 0.470 0.454 1.0041 1.0298 0.1658 0.1371 -0.0016 -0.012956 -1.975049 -4.1800 0 4.1800 0  18 16 8 56 13 37 11 7  0 1 1 1 0 20 0 12.01 
0.214 4 4.10 4.10 4.1 4.1 0.442 0.404 1.0298 1.0298 0.0000 0.1379 -0.0016 -0.012956 -1.975051 -4.1800 0 4.1800 0  9 9 9 32 14 23 11 20  0 1 1 1 0 20 0 12.02 
0.215 4 4.10 4.10 4.1 4.1 0.441 0.401 1.0298 1.0298 0.0000 0.1392 -0.0016 -0.012956 -1.975053 -4.1800 0 4.1800 0  13 4 7 57 13 36 23 11  0 1 1 1 0 20 0 12.02 
0.216 4 4.10 4.10 4.1 4.1 0.414 0.358 1.0567 1.0298 -0.1736 0.1400 -0.0016 -0.012956 -1.975062 -4.1800 0 4.1800 0  -2 4 14 55 8 42 14 16  0 1 1 1 0 20 0 12.05 
0.217 4 4.10 4.10 4.1 4.1 0.387 0.373 1.0852 1.0852 0.0000 0.1412 -0.0017 -0.012956 -1.975072 -4.1800 0 4.1800 0  6 3 10 39 11 27 11 15  0 1 1 1 0 20 0 12.03 
0.218 4 4.10 4.10 4.1 4.1 0.374 0.367 1.0852 1.0852 0.0000 0.1422 -0.0017 -0.010364 -1.975080 -4.1800 0 4.1800 0  6 11 17 41 25 51 14 16  0 1 1 1 0 20 0 12.03 
0.219 4 4.10 4.10 4.1 4.1 0.419 0.358 1.1153 1.1153 0.0000 0.1432 -0.0017 -0.012956 -1.975082 -4.1800 0 4.1800 0  11 8 3 44 9 38 29 25  0 1 1 1 0 20 0 12.03 
0.220 4 4.10 4.10 4.1 4.1 0.393 0.351 1.1153 1.1474 0.2073 0.1444 -0.0017 -0.012956 -1.975078 -4.1800 0 4.1800 0  6 9 19 23 12 24 17 12  0 1 1 1 0 20 0 12.05 
0.221 4 4.10 4.10 4.1 4.1 0.391 0.379 1.1153 1.1474 0.2073 0.1456 -0.0017 -0.012956 -1.975084 -4.1800 0 4.1800 0  3 11 9 50 6 37 14 20  0 1 1 1 0 20 0 12.04 
0.222 4 4.10 4.10 4.1 4.1 0.355 0.344 1.1153 1.2169 0.6556 0.1466 -0.0017 -0.010364 -1.975095 -4.1800 0 4.1800 0  26 35 16 10 15 7 33 15  0 1 1 1 0 20 0 12.04 
0.223 4 4.10 4.10 4.1 4.1 0.363 0.301 1.1812 1.2169 0.2306 0.1478 -0.0017 -0.010364 -1.975100 -4.1800 0 4.1800 0  0 15 5 41 33 28 6 10  0 1 1 1 0 20 0 12.05 
0.224 4 4.10 4.10 4.1 4.1 0.332 0.341 1.1474 1.2551 0.6944 0.1490 -0.0017 -0.010364 -1.975100 -4.1800 0 4.1800 0  21 20 6 36 12 46 13 9  0 1 1 1 0 20 0 12.04 
0.225 4 4.10 4.10 4.1 4.1 0.357 0.320 1.1812 1.1153 -0.4249 0.1500 -0.0018 -0.012956 -1.975099 -4.1800 0 4.1800 0  13 -6 7 14 2 6 4 14  0 1 1 1 0 20 0 12.05 
0.226 4 4.10 4.10 4.1 4.1 0.333 0.295 1.1812 1.2952 0.7359 0.1514 -0.0018 -0.010364 -1.975095 -4.1800 0 4.1800 0  28 4 11 54 14 28 26 26  0 1 1 1 0 20 0 12.06 
0.227 4 4.10 4.10 4.1 4.1 0.322 0.261 1.1812 1.2551 0.4768 0.1524 -0.0018 -0.012956 -1.975091 -4.1800 0 4.1800 0  17 12 8 27 8 -1 28 11  0 1 1 1 0 20 0 12.05 
0.228 4 4.10 4.10 4.1 4.1 0.289 0.272 1.1812 1.2169 0.2306 0.1536 -0.0018 -0.012956 -1.975090 -4.1800 0 4.1800 0  17 35 13 0 10 12 22 13  0 1 1 1 0 20 0 12.06 
0.229 4 4.10 4.10 4.1 4.1 0.291 0.281 1.2169 1.2551 0.2462 0.1548 -0.0018 -0.012956 -1.975091 -4.1800 0 4.1800 0  7 -8 5 29 5 24 31 9  0 1 1 1 0 20 0 12.06 
0.230 4 4.10 4.10 4.1 4.1 0.304 0.287 1.2169 1.3386 0.7851 0.1562 -0.0018 -0.010364 -1.975098 -4.1800 0 4.1800 0  28 33 22 -18 29 8 21 26  0 1 1 1 0 20 0 12.06 
0.231 4 4.10 4.10 4.1 4.1 0.301 0.258 1.2551 1.1153 -0.9017 0.1572 -0.0018 -0.012956 -1.975111 -4.1800 0 4.1800 0  14 9 5 48 22 25 3 7  0 1 1 1 0 20 0 12.06 
0.232 4 4.10 4.10 4.1 4.1 0.299 0.273 1.2551 1.2952 0.2591 0.1586 -0.0019 -0.010364 -1.975123 -4.1800 0 4.1800 0  21 1 7 61 11 29 6 17  0 1 1 1 0 20 0 12.06 
0.233 4 4.10 4.10 4.1 4.1 0.299 0.271 1.2551 1.2952 0.2591 0.1598 -0.0019 -0.010364 -1.975130 -4.1800 0 4.1800 0  14 3 -5 37 22 21 8 16  0 1 1 1 0 20 0 12.05 
0.234 4 4.10 4.10 4.1 4.1 0.263 0.259 1.2551 1.3386 0.5390 0.1610 -0.0019 -0.010364 -1.975129 -4.1800 0 4.1800 0  24 22 15 36 41 17 24 36  0 1 1 1 0 20 0 12.06 
0.235 4 4.10 4.10 4.1 4.1 0.276 0.264 1.2551 1.3386 0.5390 0.1622 -0.0019 -0.010364 -1.975120 -4.1800 0 4.1800 0  12 12 22 37 12 20 25 6  0 1 1 1 0 20 0 12.07 
0.236 4 4.10 4.10 4.1 4.1 0.285 0.234 1.2551 1.3848 0.8369 0.1634 -0.0019 -0.010364 -1.975110 -4.1800 0 4.1800 0  19 21 10 0 -7 3 6 18  0 1 1 1 0 20 0 12.07 
0.237 4 4.10 4.10 4.1 4.1 0.268 0.243 1.2952 1.3386 0.2798 0.1647 -0.0019 -0.010364 -1.975101 -4.1800 0 4.1800 0  23 -5 -2 34 34 14 -5 6  0 1 1 1 0 20 0 12.08 
0.238 4 4.10 4.10 4.1 4.1 0.288 0.247 1.2952 1.3386 0.2798 0.1661 -0.0019 -0.007773 -1.975093 -4.1800 0 4.1800 0  17 6 7 44 22 40 15 9  0 1 1 1 0 20 0 12.07 
0.239 4 4.10 4.10 4.1 4.1 0.246 0.237 1.3386 1.4342 0.6167 0.1673 -0.0019 -0.007773 -1.975089 -4.1800 0 4.1800 0  12 13 13 35 13 44 21 11  0 1 1 1 0 20 0 12.07 
0.240 4 4.10 4.10 4.1 4.1 0.253 0.229 1.3386 1.4342 0.6167 0.1685 -0.0020 -0.007773 -1.975081 -4.1800 0 4.1800 0  26 14 13 23 19 31 20 10  0 1 1 1 0 20 0 12.07 
0.241 4 4.10 4.10 4.1 4.1 0.282 0.196 1.3386 1.4342 0.6167 0.1699 -0.0020 -0.010364 -1.975067 -4.1800 0 4.1800 0  26 14 16 -7 -10 6 11 17  0 1 1 1 0 20 0 12.07 
0.242 4 4.10 4.10 4.1 4.1 0.254 0.226 1.3386 1.3848 0.2980 0.1713 -0.0020 -0.007773 -1.975061 -4.1800 0 4.1800 0  27 15 11 23 15 25 3 14  0 1 1 1 0 20 0 12.07 
0.243 4 4.10 4.10 4.1 4.1 0.264 0.226 1.3386 1.3386 0.0000 0.1725 -0.0020 -0.007773 -1.975068 -4.1800 0 4.1800 0  24 8 -4 49 14 33 8 8  0 1 1 1 0 20 0 12.08 
0.244 4 4.10 4.10 4.1 4.1 0.237 0.226 1.3386 1.3848 0.2980 0.1737 -0.0020 -0.007773 -1.975083 -4.1800 0 4.1800 0  15 1 5 18 17 18 26 4  0 1 1 1 0 20 0 12.08 
0.245 4 4.10 4.10 4.1 4.1 0.225 0.211 1.3386 1.4342 0.6167 0.1751 -0.0020 -0.005182 -1.975098 -4.1800 0 4.1800 0  6 22 11 -2 15 34 23 4  0 1 1 1 0 20 0 12.08 
0.246 4 4.10 4.10 4.1 4.1 0.242 0.185 1.3848 1.3386 -0.2980 0.1765 -0.0020 -0.007773 -1.975107 -4.1800 0 4.1800 0  14 19 21 24 16 30 28 19  0 1 1 1 0 20 0 12.08 
0.247 4 4.10 4.10 4.1 4.1 0.223 0.202 1.3848 1.4342 0.3187 0.1777 -0.0020 -0.007773 -1.975115 -4.1800 0 4.1800 0  20 35 10 -3 5 17 16 15  0 1 1 1 0 20 0 12.08 
0.248 4 4.10 4.10 4.1 4.1 0.240 0.220 1.3848 1.4342 0.3187 0.1791 -0.0020 -0.005182 -1.975130 -4.1800 0 4.1800 0  27 2 9 37 13 34 19 16  0 1 1 1 0 20 0 12.08 
0.249 4 4.10 4.10 4.1 4.1 0.232 0.211 1.3386 1.3848 0.2980 0.1803 -0.0020 -0.005182 -1.975138 -4.1800 0 4.1800 0  6 1 0 37 15 28 23 25  0 1 1 1 0 20 0 12.08 
0.250 4 4.10 4.10 4.1 4.1 0.233 0.190 1.3386 1.4872 0.9587 0.1817 -0.0021 -0.007773 -1.975139 -4.1800 0 4.1800 0  22 4 8 41 19 28 16 14  0 1 1 1 0 20 0 12.08 
0.251 4 4.10 4.10 4.1 4.1 0.225 0.181 1.3386 1.4872 0.9587 0.1831 -0.0021 -0.005182 -1.975133 -4.1800 0 4.1800 0  18 3 4 44 14 34 15 17  0 1 1 1 0 20 0 12.08 
0.252 4 4.10 4.10 4.1 4.1 0.228 0.203 1.4342 1.4342 0.0000 0.1843 -0.0021 -0.005182 -1.975123 -4.1800 0 4.1800 0  19 11 -1 33 23 34 9 47  0 1 1 1 0 20 0 12.08 
0.253 4 4.10 4.10 4.1 4.1 0.213 0.194 1.3848 1.3848 0.0000 0.1857 -0.0021 -0.007773 -1.975112 -4.1800 0 4.1800 0  19 9 12 19 8 28 32 27  0 1 1 1 0 20 0 12.08 
0.254 4 4.10 4.10 4.1 4.1 0.216 0.186 1.4342 1.4872 0.3420 0.1871 -0.0021 -0.005182 -1.975093 -4.1800 0 4.1800 0  12 22 7 21 28 13 9 11  0 1 1 1 0 20 0 12.08 
0.255 4 4.10 4.10 4.1 4.1 0.217 0.182 1.3848 1.4872 0.6607 0.1883 -0.0021 -0.005182 -1.975070 -4.1800 0 4.1800 0  16 12 3 40 28 34 27 14  0 1 1 1 0 20 0 12.08 
0.256 4 4.10 4.10 4.1 4.1 0.243 0.167 1.3848 1.3848 0.0000 0.1900 -0.0021 -0.005182 -1.975046 -4.1800 0 4.1800 0  19 29 12 42 14 35 18 8  0 1 1 1 0 20 0 12.09 
0.257 4 4.10 4.10 4.1 4.1 0.222 0.188 1.3848 1.4872 0.6607 0.1912 -0.0021 -0.005182 -1.975029 -4.1800 0 4.1800 0  15 12 21 6 19 28 33 0  0 1 1 1 0 20 0 12.09 
0.258 4 4.10 4.10 4.1 4.1 0.231 0.186 1.3848 1.4872 0.6607 0.1926 -0.0021 -0.002591 -1.975024 -4.1800 0 4.1800 0  29 4 5 9 -8 7 14 13  0 1 1 1 0 20 0 12.09 
0.259 4 4.10 4.10 4.1 4.1 0.200 0.181 1.3848 1.5446 1.0313 0.1940 -0.0021 -0.005182 -1.975025 -4.1800 0 4.1800 0  10 -5 -4 39 19 27 10 27  0 1 1 1 0 20 0 12.09 
0.260 4 4.10 4.10 4.1 4.1 0.236 0.142 1.3848 1.3848 0.0000 0.1954 -0.0021 -0.002591 -1.975032 -4.1800 0 4.1800 0  11 6 21 31 15 36 4 6  0 1 1 1 0 20 0 12.09 
0.261 4 4.10 4.10 4.1 4.1 0.221 0.172 1.3848 1.4872 0.6607 0.1966 -0.0021 -0.002591 -1.975046 -4.1800 0 4.1800 0  13 6 -2 38 17 33 19 24  0 1 1 1 0 20 0 12.09 
0.262 4 4.10 4.10 4.1 4.1 0.226 0.191 1.4342 1.4872 0.3420 0.1982 -0.0021 -0.002591 -1.975067 -4.1800 0 4.1800 0  9 11 17 42 4 35 17 9  0 1 1 1 0 20 0 12.09 
0.263 4 4.10 4.10 4.1 4.1 0.209 0.165 1.4342 1.4872 0.3420 0.1994 -0.0021 -0.002591 -1.975089 -4.1800 0 4.1800 0  10 20 9 40 14 30 18 15  0 1 1 1 0 20 0 12.09 
0.264 4 4.10 4.10 4.1 4.1 0.188 0.174 1.3848 1.4342 0.3187 0.2010 -0.0021 -0.002591 -1.975105 -4.1800 0 4.1800 0  26 5 11 42 27 31 12 17  0 1 1 1 0 20 0 12.09 
0.265 4 4.10 4.10 4.1 4.1 0.233 0.148 1.4342 1.4872 0.3420 0.2022 -0.0021 -0.002591 -1.975124 -4.1800 0 4.1800 0  5 19 -2 33 15 29 8 7  0 1 1 1 0 20 0 12.10 
0.266 4 4.10 4.10 4.1 4.1 0.220 0.168 1.4342 1.5446 0.7126 0.2038 -0.0021 -0.002591 -1.975140 -4.1800 0 4.1800 0  7 24 -14 6 -5 3 16 20  0 1 1 1 0 20 0 12.09 
0.267 4 4.10 4.10 4.1 4.1 0.250 0.168 1.4342 1.5446 0.7126 0.2050 -0.0021 -0.002591 -1.975136 -4.1800 0 4.1800 0  30 33 12 20 27 19 14 23  0 1 1 1 0 20 0 12.08 
0.268 4 4.10 4.10 4.1 4.1 0.209 0.182 1.4872 1.5446 0.3705 0.2064 -0.0021 0.000000 -1.975116 -4.1800 0 4.1800 0  22 6 0 26 26 31 19 3  0 1 1 1 0 20 0 12.10 
0.269 4 4.10 4.10 4.1 4.1 0.200 0.162 1.4342 1.5446 0.7126 0.2078 -0.0022 -0.002591 -1.975092 -4.1800 0 4.1800 0  22 20 -2 42 5 32 24 3  0 1 1 1 0 20 0 12.10 
0.270 4 4.10 4.10 4.1 4.1 0.201 0.143 1.4342 1.5446 0.7126 0.2092 -0.0022 0.000000 -1.975070 -4.1800 0 4.1800 0  7 23 8 8 2 10 -7 15  0 1 1 1 0 20 0 12.10 
0.271 4 4.10 4.10 4.1 4.1 0.181 0.181 1.4342 1.4872 0.3420 0.2108 -0.0022 0.000000 -1.975049 -4.1800 0 4.1800 0  28 42 25 37 31 34 22 6  0 1 1 1 0 20 0 12.09 
0.272 4 4.10 4.10 4.1 4.1 0.203 0.171 1.4342 1.5446 0.7126 0.2120 -0.0022 0.000000 -1.975030 -4.1800 0 4.1800 0  21 28 14 25 0 33 33 22  0 1 1 1 0 20 0 12.09 
0.273 4 4.10 4.10 4.1 4.1 0.170 0.154 1.4342 1.5446 0.7126 0.2137 -0.0022 0.000000 -1.975019 -4.1800 0 4.1800 0  23 24 5 0 30 28 13 20  0 1 1 1 0 20 0 12.08 
0.274 4 4.10 4.10 4.1 4.1 0.194 0.135 1.4342 1.4872 0.3420 0.2149 -0.0022 0.000000 -1.975017 -4.1800 0 4.1800 0  8 6 9 8 0 7 36 26  0 1 1 1 0 20 0 12.08 
0.275 4 4.10 4.10 4.1 4.1 0.203 0.144 1.3848 1.5446 1.0313 0.2163 -0.0022 0.002591 -1.975020 -4.1800 0 4.1800 0  6 13 12 50 25 29 37 17  0 1 1 1 0 20 0 12.09 
0.276 4 4.10 4.10 4.1 4.1 0.203 0.148 1.4342 1.5446 0.7126 0.2177 -0.0021 0.000000 -1.975018 -4.1800 0 4.1800 0  20 9 15 47 16 35 9 11  0 1 1 1 0 20 0 12.09 
0.277 4 4.10 4.10 4.1 4.1 0.199 0.174 1.4342 1.5446 0.7126 0.2191 -0.0021 0.002591 -1.975017 -4.1800 0 4.1800 0  10 12 4 29 38 32 38 26  0 1 1 1 0 20 0 12.10 
0.278 4 4.10 4.10 4.1 4.1 0.154 0.154 1.3848 1.4872 0.6607 0.2207 -0.0021 0.002591 -1.975027 -4.1800 0 4.1800 0  12 25 0 -3 10 22 32 17  0 1 1 1 0 20 0 12.10 
0.279 4 4.10 4.10 4.1 4.1 0.171 0.126 1.4872 1.5446 0.3705 0.2219 -0.0021 0.002591 -1.975048 -4.1800 0 4.1800 0  20 12 8 27 19 36 30 29  0 1 1 1 0 20 0 12.10 
0.280 4 4.10 4.10 4.1 4.1 0.181 0.150 1.4872 1.5446 0.3705 0.2235 -0.0021 0.002591 -1.975071 -4.1800 0 4.1800 0  23 23 11 14 19 17 27 14  0 1 1 1 0 20 0 12.10 
0.281 4 4.10 4.10 4.1 4.1 0.190 0.146 1.4342 1.5446 0.7126 0.2247 -0.0021 0.002591 -1.975088 -4.1800 0 4.1800 0  24 39 -4 44 16 36 17 14  0 1 1 1 0 20 0 12.09 
0.282 4 4.10 4.10 4.1 4.1 0.165 0.145 1.4872 1.4872 0.0000 0.2263 -0.0021 0.002591 -1.975107 -4.1800 0 4.1800 0  11 20 12 15 6 24 39 27  0 1 1 1 0 20 0 12.10 
0.283 4 4.10 4.10 4.1 4.1 0.186 0.134 1.4342 1.4872 0.3420 0.2277 -0.0021 0.005182 -1.975120 -4.1800 0 4.1800 0  26 22 -1 40 13 32 15 7  0 1 1 1 0 20 0 12.10 
0.284 4 4.10 4.10 4.1 4.1 0.188 0.137 1.4342 1.6065 1.1116 0.2291 -0.0021 0.002591 -1.975110 -4.1800 0 4.1800 0  4 1 -19 19 8 26 22 15  0 1 1 1 0 20 0 12.09 
0.285 4 4.10 4.10 4.1 4.1 0.192 0.126 1.4342 1.5446 0.7126 0.2305 -0.0021 0.005182 -1.975093 -4.1800 0 4.1800 0  13 21 7 35 16 25 4 20  0 1 1 1 0 20 0 12.09 
0.286 4 4.10 4.10 4.1 4.1 0.177 0.182 1.4342 1.6065 1.1116 0.2321 -0.0021 0.005182 -1.975076 -4.1800 0 4.1800 0  13 13 12 45 17 37 31 12  0 1 1 1 0 20 0 12.09 
0.287 4 4.10 4.10 4.1 4.1 0.154 0.115 1.4342 1.4872 0.3420 0.2333 -0.0021 0.005182 -1.975062 -4.1800 0 4.1800 0  13 13 18 2 23 13 15 -2  0 1 1 1 0 20 0 12.11 
0.288 4 4.10 4.10 4.1 4.1 0.189 0.114 1.4872 1.4872 0.0000 0.2349 -0.0021 0.005182 -1.975051 -4.1800 0 4.1800 0  16 12 5 22 20 32 14 7  0 1 1 1 0 20 0 12.09 
0.289 4 4.10 4.10 4.1 4.1 0.183 0.108 1.4872 1.5446 0.3705 0.2361 -0.0021 0.005182 -1.975039 -4.1800 0 4.1800 0  34 -1 -2 16 25 23 21 9  0 1 1 1 0 20 0 12.10 
0.290 4 4.10 4.10 4.1 4.1 0.186 0.171 1.4872 1.5446 0.3705 0.2377 -0.0021 0.005182 -1.975028 -4.1800 0 4.1800 0  21 -6 9 37 13 21 1 7  0 1 1 1 0 20 0 12.09 
0.291 4 4.10 4.10 4.1 4.1 0.158 0.124 1.4872 1.6065 0.7696 0.2394 -0.0021 0.005182 -1.975026 -4.1800 0 4.1800 0  25 37 5 -7 -7 6 20 5  0 1 1 1 0 20 0 12.10 
0.292 4 4.10 4.10 4.1 4.1 0.148 0.105 1.4872 1.5446 0.3705 0.2406 -0.0021 0.005182 -1.975030 -4.1800 0 4.1800 0  25 23 4 43 25 33 10 4  0 1 1 1 0 20 0 12.10 
0.293 4 4.10 4.10 4.1 4.1 0.175 0.115 1.4872 1.5446 0.3705 0.2422 -0.0021 0.005182 -1.975031 -4.1800 0 4.1800 0  21 23 11 13 5 27 27 16  0 1 1 1 0 20 0 12.09 
0.294 4 4.10 4.10 4.1 4.1 0.190 0.143 1.4342 1.5446 0.7126 0.2436 -0.0020 0.007773 -1.975028 -4.1800 0 4.1800 0  10 9 5 16 1 14 5 9  0 1 1 1 0 20 0 12.10 
0.295 4 4.10 4.10 4.1 4.1 0.196 0.131 1.5446 1.4342 -0.7126 0.2450 -0.0020 0.005182 -1.975028 -4.1800 0 4.1800 0  30 30 8 1 1 17 17 17  0 1 1 1 0 20 0 12.10 
0.296 4 4.10 4.10 4.1 4.1 0.168 0.108 1.5446 1.6065 0.3990 0.2464 -0.0020 0.007773 -1.975034 -4.1800 0 4.1800 0  13 39 -16 23 18 43 43 22  0 1 1 1 0 20 0 12.10 
0.297 4 4.10 4.10 4.1 4.1 0.190 0.123 1.4872 1.6065 0.7696 0.2480 -0.0020 0.007773 -1.975041 -4.1800 0 4.1800 0  21 35 7 40 29 33 32 17  0 1 1 1 0 20 0 12.10 
0.298 4 4.10 4.10 4.1 4.1 0.179 0.130 1.4872 1.5446 0.3705 0.2492 -0.0020 0.007773 -1.975044 -4.1800 0 4.1800 0  27 6 5 16 25 21 24 0  0 1 1 1 0 20 0 12.11 
0.299 4 4.10 4.10 4.1 4.1 0.178 0.160 1.4872 1.6065 0.7696 0.2508 -0.0020 0.007773 -1.975044 -4.1800 0 4.1800 0  8 32 9 39 13 28 22 19  0 1 1 1 0 20 0 12.11 
0.300 4 4.10 4.10 4.1 4.1 0.164 0.127 1.4342 1.4872 0.3420 0.2522 -0.0020 0.010365 -1.975049 -4.1800 0 4.1800 0  29 51 -3 31 36 25 18 21  0 1 1 1 0 20 0 12.11 
0.301 4 4.10 4.10 4.1 4.1 0.158 0.108 1.4872 1.5446 0.3705 0.2536 -0.0020 0.007773 -1.975049 -4.1800 0 4.1800 0  18 42 -6 35 19 29 27 15  0 1 1 1 0 20 0 12.09 
0.302 4 4.10 4.10 4.1 4.1 0.186 0.133 1.4872 1.6065 0.7696 0.2550 -0.0020 0.010365 -1.975044 -4.1800 0 4.1800 0  13 27 -5 42 14 38 11 16  0 1 1 1 0 20 0 12.10 
0.303 4 4.10 4.10 4.1 4.1 0.176 0.146 1.4872 1.6065 0.7696 0.2566 -0.0019 0.010365 -1.975039 -4.1800 0 4.1800 0  21 27 4 2 0 -1 4 14  0 1 1 1 0 20 0 12.09 
0.304 4 4.10 4.10 4.1 4.1 0.177 0.142 1.3848 1.6065 1.4303 0.2580 -0.0019 0.012956 -1.975034 -4.1800 0 4.1800 0  20 20 6 19 32 23 26 16  0 1 1 1 0 20 0 12.10 
0.305 4 4.10 4.10 4.1 4.1 0.145 0.089 1.4872 1.5446 0.3705 0.2594 -0.0019 0.010365 -1.975028 -4.1800 0 4.1800 0  17 9 17 39 19 21 15 17  0 1 1 1 0 20 0 12.10 
0.306 4 4.10 4.10 4.1 4.1 0.180 0.124 1.4872 1.5446 0.3705 0.2610 -0.0019 0.010365 -1.975016 -4.1800 0 4.1800 0  24 25 -9 26 17 32 22 13  0 1 1 1 0 20 0 12.10 
0.307 4 4.10 4.10 4.1 4.1 0.157 0.137 1.5446 1.3386 -1.3292 0.2624 -0.0019 0.012956 -1.975010 -4.1800 0 4.1800 0  -4 24 12 34 18 40 45 13  0 1 1 1 0 20 0 12.09 
0.308 4 4.10 4.10 4.1 4.1 0.188 0.163 1.4872 1.6065 0.7696 0.2639 -0.0019 0.010365 -1.975013 -4.1800 0 4.1800 0  38 36 16 20 8 11 17 10  0 1 1 1 0 20 0 12.10 
0.309 4 4.10 4.10 4.1 4.1 0.169 0.102 1.5446 1.6065 0.3990 0.2653 -0.0018 0.012956 -1.975017 -4.1800 0 4.1800 0  11 34 3 47 23 26 17 16  0 1 1 1 0 20 0 12.10 
0.310 4 4.10 4.10 4.1 4.1 0.191 0.127 1.4872 1.6065 0.7696 0.2669 -0.0018 0.012956 -1.975021 -4.1800 0 4.1800 0  22 7 2 25 -3 30 27 19  0 1 1 1 0 20 0 12.10 
0.311 4 4.10 4.10 4.1 4.1 0.195 0.124 1.4872 1.5446 0.3705 0.2683 -0.0018 0.010365 -1.975022 -4.1800 0 4.1800 0  21 26 -6 17 7 25 24 18  0 1 1 1 0 20 0 12.10 
0.312 4 4.10 4.10 4.1 4.1 0.164 0.126 1.4342 1.6065 1.1116 0.2697 -0.0018 0.012956 -1.975025 -4.1800 0 4.1800 0  18 28 21 19 3 24 18 7  0 1 1 1 0 20 0 12.10 
0.313 4 4.10 4.10 4.1 4.1 0.151 0.115 1.4342 1.4872 0.3420 0.2713 -0.0018 0.012956 -1.975036 -4.1800 0 4.1800 0  26 -8 10 21 36 15 39 26  0 1 1 1 0 20 0 12.10 
0.314 4 4.10 4.10 4.1 4.1 0.132 0.124 1.4872 1.6065 0.7696 0.2725 -0.0017 0.012956 -1.975049 -4.1800 0 4.1800 0  17 44 26 22 20 26 30 24  0 1 1 1 0 20 0 12.10 
0.315 4 4.10 4.10 4.1 4.1 0.187 0.137 1.4872 1.6065 0.7696 0.2741 -0.0017 0.012956 -1.975062 -4.1800 0 4.1800 0  14 19 -5 35 30 20 14 -7  0 1 1 1 0 20 0 12.10 
0.316 4 4.10 4.10 4.1 4.1 0.175 0.149 1.4872 1.6065 0.7696 0.2755 -0.0017 0.015547 -1.975079 -4.1800 0 4.1800 0  36 39 16 34 18 45 30 21  0 1 1 1 0 20 0 12.10 
0.317 4 4.10 4.10 4.1 4.1 0.193 0.131 1.5446 1.5446 0.0000 0.2769 -0.0017 0.012956 -1.975092 -4.1800 0 4.1800 0  18 36 -4 26 21 26 7 -3  0 1 1 1 0 20 0 12.10 
0.318 4 4.10 4.10 4.1 4.1 0.168 0.098 1.4872 1.5446 0.3705 0.2783 -0.0017 0.015547 -1.975096 -4.1800 0 4.1800 0  30 29 2 34 26 45 36 30  0 1 1 1 0 20 0 12.11 
0.319 4 4.10 4.10 4.1 4.1 0.146 0.120 1.4872 1.5446 0.3705 0.2799 -0.0016 0.015547 -1.975090 -4.1800 0 4.1800 0  13 38 4 35 20 26 11 23  0 1 1 1 0 20 0 12.11 
0.320 4 4.10 4.10 4.1 4.1 0.173 0.112 1.4872 1.3848 -0.6607 0.2815 -0.0016 0.015547 -1.975080 -4.1800 0 4.1800 0  18 40 10 46 22 19 23 20  0 1 1 1 0 20 0 12.10 
0.321 4 4.10 4.10 4.1 4.1 0.154 0.139 1.4872 1.6065 0.7696 0.2827 -0.0016 0.015547 -1.975072 -4.1800 0 4.1800 0  26 29 -6 31 27 26 3 21  0 1 1 1 0 20 0 12.10 
0.322 4 4.10 4.10 4.1 4.1 0.186 0.102 1.5446 1.6065 0.3990 0.2843 -0.0016 0.015547 -1.975065 -4.1800 0 4.1800 0  12 42 9 29 32 36 31 22  0 1 1 1 0 20 0 12.11 
0.323 4 4.10 4.10 4.1 4.1 0.163 0.116 1.5446 1.6065 0.3990 0.2857 -0.0015 0.018138 -1.975054 -4.1800 0 4.1800 0  11 26 -14 26 11 23 37 20  0 1 1 1 0 20 0 12.11 
0.324 4 4.10 4.10 4.1 4.1 0.187 0.083 1.4872 1.5446 0.3705 0.2871 -0.0015 0.015547 -1.975040 -4.1800 0 4.1800 0  20 29 5 35 20 32 17 16  0 1 1 1 0 20 0 12.10 
0.325 4 4.10 4.10 4.1 4.1 0.162 0.121 1.4872 1.6065 0.7696 0.2888 -0.0015 0.015547 -1.975031 -4.1800 0 4.1800 0  15 27 1 17 1 19 24 10  0 1 1 1 0 20 0 12.11 
0.326 4 4.10 4.10 4.1 4.1 0.200 0.131 1.4872 1.4872 0.0000 0.2902 -0.0015 0.018138 -1.975024 -4.1800 0 4.1800 0  25 27 16 34 17 29 23 25  0 1 1 1 0 20 0 12.10 
0.327 4 4.10 4.10 4.1 4.1 0.156 0.155 1.4872 1.5446 0.3705 0.2916 -0.0015 0.015547 -1.975020 -4.1800 0 4.1800 0  18 16 9 31 26 20 -1 6  0 1 1 1 0 20 0 12.11 
0.328 4 4.10 4.10 4.1 4.1 0.155 0.112 1.4872 1.6065 0.7696 0.2930 -0.0014 0.018138 -1.975020 -4.1800 0 4.1800 0  19 30 26 -19 -7 7 18 23  0 1 1 1 0 20 0 12.11 
0.329 4 4.10 4.10 4.1 4.1 0.154 0.113 1.4872 1.6065 0.7696 0.2946 -0.0014 0.018138 -1.975030 -4.1800 0 4.1800 0  19 14 -1 -6 -5 6 4 10  0 1 1 1 0 20 0 12.11 
0.330 4 4.10 4.10 4.1 4.1 0.154 0.121 1.4872 1.6065 0.7696 0.2960 -0.0014 0.020729 -1.975042 -4.1800 0 4.1800 0  25 30 11 19 15 25 21 5  0 1 1 1 0 20 0 12.11 
0.331 4 4.10 4.10 4.1 4.1 0.164 0.102 1.4872 1.5446 0.3705 0.2974 -0.0013 0.018138 -1.975051 -4.1800 0 4.1800 0  20 52 -8 28 27 39 26 13  0 1 1 1 0 20 0 12.11 
0.332 4 4.10 4.10 4.1 4.1 0.142 0.140 1.3848 1.5446 1.0313 0.2988 -0.0013 0.020729 -1.975056 -4.1800 0 4.1800 0  10 -12 1 11 27 20 25 6  0 1 1 1 0 20 0 12.11 
0.333 4 4.10 4.10 4.1 4.1 0.162 0.112 1.5446 1.6065 0.3990 0.3004 -0.0013 0.020729 -1.975053 -4.1800 0 4.1800 0  26 31 3 39 10 22 12 16  0 1 1 1 0 20 0 12.10 
0.334 4 4.10 4.10 4.1 4.1 0.157 0.125 1.5446 1.5446 0.0000 0.3018 -0.0013 0.018138 -1.975046 -4.1800 0 4.1800 0  12 29 4 40 20 33 18 14  0 1 1 1 0 20 0 12.10 
0.335 4 4.10 4.10 4.1 4.1 0.172 0.102 1.4872 1.6065 0.7696 0.3032 -0.0012 0.020729 -1.975038 -4.1800 0 4.1800 0  11 37 6 37 21 36 20 21  0 1 1 1 0 20 0 12.10 
0.336 4 4.10 4.10 4.1 4.1 0.158 0.136 1.5446 1.6065 0.3990 0.3048 -0.0012 0.020729 -1.975031 -4.1800 0 4.1800 0  13 27 23 11 -5 14 12 18  0 1 1 1 0 20 0 12.10 
0.337 4 4.10 4.10 4.1 4.1 0.162 0.118 1.4872 1.5446 0.3705 0.3064 -0.0012 0.020729 -1.975025 -4.1800 0 4.1800 0  17 11 4 27 16 28 33 12  0 1 1 1 0 20 0 12.10 
0.338 4 4.10 4.10 4.1 4.1 0.169 0.128 1.4872 1.6065 0.7696 0.3076 -0.0011 0.020729 -1.975021 -4.1800 0 4.1800 0  23 34 -5 44 34 25 23 6  0 1 1 1 0 20 0 12.10 
0.339 4 4.10 4.10 4.1 4.1 0.153 0.096 1.4872 1.4872 0.0000 0.3092 -0.0011 0.020729 -1.975021 -4.1800 0 4.1800 0  22 17 8 19 30 20 16 18  0 1 1 1 0 20 0 12.11 
0.340 4 4.10 4.10 4.1 4.1 0.164 0.117 1.4342 1.5446 0.7126 0.3106 -0.0011 0.023320 -1.975021 -4.1800 0 4.1800 0  19 40 4 33 21 32 29 14  0 1 1 1 0 20 0 12.11 
0.341 4 4.10 4.10 4.1 4.1 0.144 0.128 1.4872 1.6065 0.7696 0.3120 -0.0010 0.020729 -1.975017 -4.1800 0 4.1800 0  13 40 9 20 33 30 34 4  0 1 1 1 0 20 0 12.11 
0.342 4 4.10 4.10 4.1 4.1 0.176 0.131 1.4872 1.6065 0.7696 0.3134 -0.0010 0.023320 -1.975014 -4.1800 0 4.1800 0  21 14 1 19 3 29 34 18  0 1 1 1 0 20 0 12.10 
0.343 4 4.10 4.10 4.1 4.1 0.186 0.121 1.4872 1.6065 0.7696 0.3151 -0.0010 0.023320 -1.975014 -4.1800 0 4.1800 0  8 -9 2 40 39 24 15 16  0 1 1 1 0 20 0 12.11 
0.344 4 4.10 4.10 4.1 4.1 0.165 0.095 1.4872 1.5446 0.3705 0.3167 -0.0009 0.023320 -1.975017 -4.1800 0 4.1800 0  21 39 8 50 13 38 21 25  0 1 1 1 0 20 0 12.11 
0.345 4 4.10 4.10 4.1 4.1 0.150 0.132 1.4872 1.5446 0.3705 0.3179 -0.0009 0.023320 -1.975018 -4.1800 0 4.1800 0  23 28 -4 53 30 32 36 17  0 1 1 1 0 20 0 12.12 
0.346 4 4.10 4.10 4.1 4.1 0.158 0.128 1.5446 1.5446 0.0000 0.3195 -0.0009 0.023320 -1.975021 -4.1800 0 4.1800 0  1 31 -5 36 19 31 12 -3  0 1 1 1 0 20 0 12.10 
0.347 4 4.10 4.10 4.1 4.1 0.177 0.139 1.4872 1.5446 0.3705 0.3209 -0.0008 0.025911 -1.975025 -4.1800 0 4.1800 0  19 25 6 27 12 31 30 34  0 1 1 1 0 20 0 12.10 
0.348 4 4.10 4.10 4.1 4.1 0.158 0.088 1.4872 1.6065 0.7696 0.3223 -0.0008 0.023320 -1.975026 -4.1800 0 4.1800 0  19 36 -3 51 19 37 16 24  0 1 1 1 0 20 0 12.11 
0.349 4 4.10 4.10 4.1 4.1 0.169 0.098 1.5446 1.6065 0.3990 0.3239 -0.0008 0.023320 -1.975032 -4.1800 0 4.1800 0  25 35 8 35 20 31 36 7  0 1 1 1 0 20 0 12.11 
0.350 4 4.10 4.10 4.1 4.1 0.143 0.112 1.4872 1.6065 0.7696 0.3253 -0.0007 0.025911 -1.975036 -4.1800 0 4.1800 0  3 32 -7 48 15 41 13 18  0 1 1 1 0 20 0 12.10 
0.351 4 4.10 4.10 4.1 4.1 0.183 0.152 1.4872 1.6732 1.1997 0.3269 -0.0007 0.025911 -1.975035 -4.1800 0 4.1800 0  7 16 8 17 10 11 27 13  0 1 1 1 0 20 0 12.10 
0.352 4 4.10 4.10 4.1 4.1 0.168 0.135 1.4872 1.4872 0.0000 0.3281 -0.0007 0.025911 -1.975031 -4.1800 0 4.1800 0  18 -11 17 39 18 12 37 5  0 1 1 1 0 20 0 12.11 
0.353 4 4.10 4.10 4.1 4.1 0.172 0.115 1.4872 1.5446 0.3705 0.3297 -0.0006 0.025911 -1.975027 -4.1800 0 4.1800 0  6 47 17 26 29 42 23 25  0 1 1 1 0 20 0 12.12 
0.354 4 4.10 4.10 4.1 4.1 0.150 0.091 1.4872 1.6065 0.7696 0.3313 -0.0006 0.025911 -1.975027 -4.1800 0 4.1800 0  25 23 -1 35 -4 8 9 28  0 1 1 1 0 20 0 12.11 
0.355 4 4.10 4.10 4.1 4.1 0.182 0.130 1.4872 1.6065 0.7696 0.3325 -0.0005 0.025911 -1.975024 -4.1800 0 4.1800 0  18 23 0 39 16 30 10 6  0 1 1 1 0 20 0 12.10 
0.356 4 4.10 4.10 4.1 4.1 0.171 0.146 1.4872 1.6065 0.7696 0.3341 -0.0005 0.025911 -1.975021 -4.1800 0 4.1800 0  9 -3 -2 32 15 23 43 -1  0 1 1 1 0 20 0 12.11 
0.357 4 4.10 4.10 4.1 4.1 0.182 0.113 1.4872 1.6065 0.7696 0.3355 -0.0005 0.028502 -1.975019 -4.1800 0 4.1800 0  35 16 9 14 7 30 37 17  0 1 1 1 0 20 0 12.10 
0.358 4 4.10 4.10 4.1 4.1 0.157 0.112 1.4872 1.5446 0.3705 0.3369 -0.0004 0.025911 -1.975017 -4.1800 0 4.1800 0  34 40 14 34 29 37 26 16  0 1 1 1 0 20 0 12.11 
0.359 4 4.10 4.10 4.1 4.1 0.140 0.117 1.4872 1.5446 0.3705 0.3385 -0.0004 0.025911 -1.975015 -4.1800 0 4.1800 0  9 27 7 58 20 29 31 33  0 1 1 1 0 20 0 12.09 
0.360 4 4.10 4.10 4.1 4.1 0.158 0.137 1.4872 1.5446 0.3705 0.3399 -0.0003 0.028502 -1.975009 -4.1800 0 4.1800 0  11 25 2 32 21 39 15 24  0 1 1 1 0 20 0 12.10 
0.361 4 4.10 4.10 4.1 4.1 0.150 0.108 1.4872 1.5446 0.3705 0.3416 -0.0003 0.028502 -1.975007 -4.1800 0 4.1800 0  19 26 11 42 20 23 23 16  0 1 1 1 0 20 0 12.11 
0.362 4 4.10 4.10 4.1 4.1 0.167 0.087 1.4872 1.5446 0.3705 0.3428 -0.0003 0.028502 -1.975013 -4.1800 0 4.1800 0  40 34 19 3 -10 5 17 11  0 1 1 1 0 20 0 12.11 
0.363 4 4.10 4.10 4.1 4.1 0.173 0.085 1.5446 1.6065 0.3990 0.3444 -0.0002 0.028502 -1.975020 -4.1800 0 4.1800 0  6 36 -1 35 26 23 19 18  0 1 1 1 0 20 0 12.11 
0.364 4 4.10 4.10 4.1 4.1 0.203 0.142 1.5446 1.6732 0.8292 0.3460 -0.0002 0.028502 -1.975026 -4.1800 0 4.1800 0  8 15 -13 32 14 33 16 10  0 1 1 1 0 20 0 12.10 
0.365 4 4.10 4.10 4.1 4.1 0.186 0.121 1.4872 1.4872 0.0000 0.3472 -0.0001 0.028502 -1.975033 -4.1800 0 4.1800 0  24 39 9 39 20 37 12 17  0 1 1 1 0 20 0 12.11 
0.366 4 4.10 4.10 4.1 4.1 0.160 0.113 1.4872 1.5446 0.3705 0.3488 -0.0001 0.028502 -1.975041 -4.1800 0 4.1800 0  20 4 13 -2 15 47 12 14  0 1 1 1 0 20 0 12.11 
0.367 4 4.10 4.10 4.1 4.1 0.160 0.104 1.4872 1.6065 0.7696 0.3502 -0.0001 0.031093 -1.975045 -4.1800 0 4.1800 0  21 29 -1 30 27 29 29 8  0 1 1 1 0 20 0 12.12 
0.368 4 4.10 4.10 4.1 4.1 0.137 0.132 1.4872 1.6065 0.7696 0.3518 -0.0000 0.031093 -1.975046 -4.1800 0 4.1800 0  33 35 6 35 26 33 9 9  0 1 1 1 0 20 0 12.10 
0.369 4 4.10 4.10 4.1 4.1 0.165 0.139 1.4872 1.6065 0.7696 0.3532 0.0000 0.028502 -1.975051 -4.1800 0 4.1800 0  19 35 11 31 18 40 43 29  0 1 1 1 0 20 0 12.11 
0.370 4 4.10 4.10 4.1 4.1 0.149 0.099 1.4872 1.6065 0.7696 0.3546 0.0001 0.031093 -1.975051 -4.1800 0 4.1800 0  9 26 -3 2 2 19 16 16  0 1 1 1 0 20 0 12.10 
