%  1    time 0.006 sec
%  2    mission (2) state 2
%  3  4 Motor velocity ref left, right: 92.04 92.04
%  5  6 Motor voltage [V] left, right: 7.7 7.7
%  7  8 Wheel velocity [r/s] left, right: 0.0034 5.8540
%  9 10 11 12 Pose x,y,h,tilt [m,m,rad,rad]: 0.0006 0.0000 0.002595 -0.420890
% 13    Battery voltage [V]: 10.69
% 14 15 16 17 Extra pt.: balE[0], balU[0], balUI[0], balUI[1]: -0.10 3.9052 0.0000 0.0000
0.016 2 104.35 104.35 8.1 8.1 21.8108 24.5867 0.0058 0.0000 0.007786 -0.431812 11.12 -0.09 3.69 0.0000 0.0000
0.026 2 96.04 96.04 8.2 8.2 35.5860 39.7726 0.0153 0.0001 0.010382 -0.462279 11.15 -0.06 2.64 0.0000 0.0000
0.036 2 107.64 107.64 8.4 8.4 48.2953 50.0841 0.0282 0.0002 0.015573 -0.462967 11.44 -0.06 -0.84 0.0000 0.0000
0.046 2 102.52 102.51 8.4 8.4 54.0908 58.7943 0.0432 0.0005 0.018168 -0.482160 11.42 -0.04 4.37 0.0000 0.0000
0.056 2 95.89 95.89 8.5 8.5 61.4668 64.3938 0.0605 0.0008 0.023359 -0.495197 11.49 -0.03 1.85 0.0000 0.0000
0.066 2 99.06 99.05 8.6 8.6 64.3938 71.1721 0.0790 0.0013 0.028550 -0.495216 11.58 -0.03 0.08 0.0000 0.0000
0.076 2 86.69 86.69 8.6 8.6 67.6135 75.1261 0.0987 0.0019 0.033741 -0.514209 11.61 -0.01 -2.26 0.0000 0.0000
0.086 2 72.05 72.05 3.2 3.2 75.1261 75.1261 0.1192 0.0027 0.038932 -0.528698 11.88 0.01 -0.63 0.0000 0.0000
0.096 2 66.26 66.26 3.8 5.4 67.6135 64.3938 0.1385 0.0035 0.044123 -0.528388 12.61 0.00 3.00 0.0000 0.0000
0.106 2 58.06 58.06 3.7 3.6 58.7943 58.7943 0.1560 0.0043 0.046719 -0.531021 12.86 0.01 2.06 0.0000 0.0000
0.116 2 55.31 55.30 5.7 4.6 52.0104 54.0908 0.1717 0.0050 0.046719 -0.527410 12.45 0.00 0.40 0.0000 0.0000
0.126 2 56.73 56.73 7.0 5.8 52.0104 54.0908 0.1866 0.0058 0.051910 -0.520350 11.28 -0.00 0.17 0.0000 0.0000
0.136 2 54.05 54.05 4.7 4.6 54.0908 54.0908 0.2018 0.0066 0.051910 -0.519832 11.87 -0.00 -3.62 0.0000 0.0000
0.146 2 59.80 59.79 7.8 8.8 54.0908 52.0104 0.2169 0.0074 0.054505 -0.508749 11.90 -0.01 2.86 0.0000 0.0000
0.156 2 64.16 64.15 8.5 7.9 56.3446 58.7943 0.2324 0.0083 0.057101 -0.503010 11.55 -0.02 1.08 0.0000 0.0000
0.166 2 61.23 61.23 4.9 3.3 61.4668 64.3938 0.2494 0.0093 0.059696 -0.509197 11.71 -0.01 -1.02 0.0000 0.0000
0.176 2 53.44 53.44 -1.3 0.8 64.3938 61.4668 0.2671 0.0103 0.059696 -0.519438 11.74 -0.00 4.85 0.0000 0.0000
0.186 2 49.31 49.31 2.1 2.2 52.0104 52.0104 0.2826 0.0113 0.062292 -0.520259 12.42 -0.00 -0.02 0.0000 0.0000
0.196 2 61.07 61.07 8.7 8.7 46.6300 46.6300 0.2964 0.0122 0.064887 -0.502203 11.74 -0.02 4.78 0.0000 0.0000
0.206 2 47.16 47.15 0.9 0.8 54.0908 54.0908 0.3107 0.0131 0.067483 -0.519609 12.02 -0.00 -0.40 0.0000 0.0000
0.216 2 48.30 48.30 6.0 5.1 45.0756 46.6300 0.3241 0.0141 0.070078 -0.514596 12.32 -0.01 -1.81 0.0000 0.0000
0.226 2 61.79 61.79 8.4 8.4 52.0104 52.0104 0.3383 0.0151 0.072674 -0.499635 11.37 -0.02 -4.60 0.0000 0.0000
0.236 2 44.64 44.64 -2.0 -2.1 56.3446 56.3446 0.3542 0.0162 0.075269 -0.522595 11.90 -0.00 5.76 0.0000 0.0000
0.246 2 52.39 52.38 6.9 6.8 46.6300 46.6300 0.3680 0.0173 0.072674 -0.509132 11.91 -0.01 2.23 0.0000 0.0000
0.256 2 46.56 46.55 1.8 1.8 52.0104 52.0104 0.3819 0.0183 0.075269 -0.518522 11.36 -0.01 8.87 0.0000 0.0000
0.266 2 40.76 40.76 3.7 2.4 39.7726 42.2584 0.3947 0.0193 0.075269 -0.519466 12.07 -0.00 7.79 0.0000 0.0000
0.276 2 55.00 55.00 8.3 8.3 40.9779 42.2584 0.4057 0.0202 0.077865 -0.500265 11.26 -0.02 2.11 0.0000 0.0000
0.286 2 54.13 54.12 7.2 6.1 50.0841 52.0104 0.4196 0.0213 0.080460 -0.507365 11.34 -0.02 -17.80 0.0000 0.0000
0.296 2 44.67 44.66 6.4 2.7 39.7726 46.6300 0.4332 0.0224 0.080460 -0.515084 12.39 -0.01 7.22 0.0000 0.0000
0.306 2 34.18 34.17 0.8 1.3 38.6363 37.5630 0.4448 0.0233 0.080460 -0.524228 11.55 0.00 -4.49 0.0000 0.0000
0.316 2 30.47 30.47 2.1 2.0 31.4481 31.4481 0.4547 0.0241 0.083056 -0.523268 12.04 -0.00 2.01 0.0000 0.0000
0.326 2 20.83 20.83 -1.1 -1.0 26.5151 26.0052 0.4631 0.0248 0.083056 -0.529460 11.77 0.01 4.59 0.0000 0.0000
0.336 2 31.83 31.82 7.8 8.0 21.1292 20.8041 0.4691 0.0253 0.083056 -0.509641 11.79 -0.01 4.69 0.0000 0.0000
0.346 2 40.00 40.00 8.3 8.4 30.7334 30.7334 0.4771 0.0260 0.083056 -0.499039 11.61 -0.02 -0.29 0.0000 0.0000
0.356 2 64.39 64.38 8.2 8.2 40.9779 43.6216 0.4879 0.0269 0.083056 -0.473697 11.25 -0.05 2.81 0.0000 0.0000
0.366 2 85.81 85.81 8.4 8.4 52.0104 54.0908 0.5018 0.0280 0.085651 -0.460906 11.41 -0.06 -0.21 0.0000 0.0000
0.376 2 91.60 91.59 8.4 8.4 58.7943 61.4668 0.5180 0.0294 0.088246 -0.467677 11.42 -0.06 6.20 0.0000 0.0000
0.386 2 89.69 89.68 8.6 8.6 64.3938 67.6135 0.5358 0.0310 0.090842 -0.477446 11.56 -0.05 1.55 0.0000 0.0000
0.396 2 110.15 110.15 8.6 8.6 71.1721 71.1721 0.5553 0.0328 0.093437 -0.462882 11.61 -0.06 -2.95 0.0000 0.0000
0.406 2 134.42 134.41 8.6 8.6 75.1261 75.1261 0.5753 0.0348 0.098628 -0.447058 11.63 -0.08 2.70 0.0000 0.0000
0.416 2 140.32 140.32 8.6 8.6 75.1261 79.5453 0.5965 0.0369 0.103819 -0.454832 11.64 -0.07 -0.34 0.0000 0.0000
0.426 2 166.18 166.18 8.7 8.7 79.5453 84.5168 0.6185 0.0392 0.109010 -0.440650 11.69 -0.08 0.29 0.0000 0.0000
0.436 2 193.37 193.37 8.7 8.7 79.5453 84.5168 0.6409 0.0418 0.114201 -0.429512 11.68 -0.09 4.27 0.0000 0.0000
0.446 2 219.63 219.63 8.7 8.7 79.5453 84.5168 0.6637 0.0444 0.119392 -0.422513 11.72 -0.10 5.75 0.0000 0.0000
0.456 2 251.08 251.07 8.7 8.7 84.5168 84.5168 0.6866 0.0473 0.127179 -0.411316 11.69 -0.11 4.00 0.0000 0.0000
0.466 2 282.93 282.92 8.7 8.7 84.5168 84.5168 0.7102 0.0504 0.132370 -0.402209 11.72 -0.12 3.43 0.0000 0.0000
0.476 2 315.48 315.48 8.7 8.7 84.5168 90.1513 0.7339 0.0536 0.140156 -0.396058 11.71 -0.13 1.40 0.0000 0.0000
0.486 2 354.43 354.43 8.7 8.7 84.5168 90.1513 0.7576 0.0570 0.147943 -0.384857 11.74 -0.14 3.82 0.0000 0.0000
0.496 2 394.22 394.22 8.7 8.7 84.5168 90.1513 0.7816 0.0607 0.155729 -0.375453 11.71 -0.15 5.53 0.0000 0.0000
0.506 2 432.55 432.55 8.7 8.7 90.1513 90.1513 0.8059 0.0645 0.160920 -0.369614 11.74 -0.15 5.93 0.0000 0.0000
0.516 2 471.35 471.35 8.7 8.7 90.1513 90.1513 0.8301 0.0685 0.166111 -0.364944 11.72 -0.16 2.81 0.0000 0.0000
0.526 2 506.85 506.85 8.7 8.7 90.1513 90.1513 0.8542 0.0727 0.176493 -0.365245 11.74 -0.16 2.97 0.0000 0.0000
0.536 2 542.33 542.32 8.7 8.7 90.1513 90.1513 0.8786 0.0771 0.184279 -0.366049 11.74 -0.16 4.74 0.0000 0.0000
0.546 2 581.17 581.17 8.7 8.7 90.1513 90.1513 0.9031 0.0817 0.189470 -0.362398 11.74 -0.16 6.61 0.0000 0.0000
0.556 2 614.57 614.57 8.7 8.7 90.1513 90.1513 0.9274 0.0865 0.197257 -0.365624 11.74 -0.16 2.22 0.0000 0.0000
0.566 2 641.64 641.64 8.7 8.7 90.1513 90.1513 0.9520 0.0916 0.205043 -0.375928 11.74 -0.15 -0.62 0.0000 0.0000
0.576 2 670.56 670.56 8.7 8.7 90.1513 90.1513 0.9764 0.0967 0.215425 -0.381751 11.72 -0.14 6.34 0.0000 0.0000
0.586 2 706.81 706.80 8.7 8.7 90.1513 96.5907 1.0008 0.1021 0.220616 -0.375895 11.74 -0.15 6.88 0.0000 0.0000
0.596 2 730.64 730.63 8.7 8.7 90.1513 96.5907 1.0253 0.1077 0.228403 -0.385671 11.74 -0.14 -0.01 0.0000 0.0000
0.606 2 751.50 751.50 8.7 8.7 90.1513 90.1513 1.0498 0.1134 0.236189 -0.398092 11.74 -0.13 3.82 0.0000 0.0000
0.616 2 785.84 785.83 8.7 8.7 90.1513 90.1513 1.0740 0.1193 0.241380 -0.391078 11.74 -0.13 6.51 0.0000 0.0000
0.626 2 813.26 813.26 8.8 8.8 90.1513 90.1513 1.0984 0.1254 0.249166 -0.392491 11.75 -0.13 2.12 0.0000 0.0000
0.636 2 828.86 828.86 8.8 8.8 84.5168 96.5907 1.1229 0.1318 0.254357 -0.407519 11.75 -0.12 0.43 0.0000 0.0000
0.646 2 849.96 849.95 8.7 8.7 90.1513 96.5907 1.1472 0.1382 0.262144 -0.412795 11.74 -0.11 4.33 0.0000 0.0000
0.656 2 871.79 871.79 8.8 8.8 90.1513 90.1513 1.1715 0.1448 0.269930 -0.415096 11.75 -0.11 2.48 0.0000 0.0000
0.666 2 888.95 888.95 8.8 8.8 90.1513 90.1513 1.1959 0.1517 0.275121 -0.421924 11.75 -0.10 -0.53 0.0000 0.0000
0.676 2 902.90 902.90 8.7 8.7 90.1513 90.1513 1.2201 0.1586 0.282908 -0.430327 11.74 -0.09 2.34 0.0000 0.0000
0.686 2 925.04 925.04 8.7 8.7 90.1513 96.5907 1.2444 0.1658 0.288099 -0.427832 11.74 -0.10 4.24 0.0000 0.0000
0.696 2 946.87 946.87 8.8 8.8 90.1513 96.5907 1.2686 0.1731 0.298481 -0.425697 11.77 -0.10 5.03 0.0000 0.0000
0.706 2 964.36 964.36 8.7 8.7 90.1513 96.5907 1.2928 0.1806 0.303672 -0.427950 11.74 -0.10 1.32 0.0000 0.0000
0.716 2 979.84 979.84 8.8 8.8 90.1513 96.5907 1.3168 0.1882 0.311458 -0.433703 11.75 -0.09 -0.09 0.0000 0.0000
0.726 2 1001.59 1001.59 8.8 8.8 90.1513 96.5907 1.3409 0.1961 0.316649 -0.430752 11.75 -0.09 5.89 0.0000 0.0000
0.736 2 1022.19 1022.19 8.8 8.8 90.1513 96.5907 1.3652 0.2041 0.324436 -0.428513 11.75 -0.10 2.20 0.0000 0.0000
0.746 2 1029.00 1029.00 8.8 8.8 90.1513 96.5907 1.3890 0.2122 0.332222 -0.443330 11.75 -0.08 -0.32 0.0000 0.0000
0.756 2 1037.46 1037.46 8.8 8.8 90.1513 96.5907 1.4129 0.2205 0.337413 -0.453537 11.75 -0.07 6.14 0.0000 0.0000
0.766 2 1057.90 1057.90 8.8 8.8 90.1513 90.1513 1.4368 0.2290 0.342604 -0.445286 11.75 -0.08 3.85 0.0000 0.0000
0.776 2 1061.88 1061.87 8.7 8.7 90.1513 96.5907 1.4606 0.2376 0.347795 -0.458438 11.74 -0.07 -5.97 0.0000 0.0000
0.786 2 1071.90 1071.89 8.7 8.7 90.1513 96.5907 1.4844 0.2464 0.358177 -0.462154 11.72 -0.06 2.77 0.0000 0.0000
0.796 2 1090.47 1090.47 8.8 8.8 90.1513 90.1513 1.5081 0.2553 0.363368 -0.454008 11.75 -0.07 5.05 0.0000 0.0000
0.806 2 1101.25 1101.24 8.8 8.8 96.5907 96.5907 1.5318 0.2644 0.368559 -0.456265 11.75 -0.07 -0.46 0.0000 0.0000
0.816 2 1112.08 1112.08 8.7 8.7 90.1513 96.5907 1.5556 0.2737 0.376345 -0.458684 11.74 -0.06 2.39 0.0000 0.0000
0.826 2 1131.82 1131.82 8.8 8.8 84.5168 96.5907 1.5791 0.2831 0.381536 -0.450796 11.79 -0.07 4.54 0.0000 0.0000
0.836 2 1146.00 1145.99 8.8 8.8 90.1513 90.1513 1.6026 0.2927 0.386727 -0.450522 11.75 -0.07 0.98 0.0000 0.0000
0.846 2 1153.80 1153.80 8.8 8.8 90.1513 90.1513 1.6260 0.3023 0.397109 -0.457926 11.75 -0.07 2.08 0.0000 0.0000
0.856 2 1167.38 1167.38 8.8 8.8 90.1513 96.5907 1.6494 0.3122 0.402300 -0.457193 11.82 -0.07 2.93 0.0000 0.0000
0.866 2 1178.08 1178.07 8.8 8.8 90.1513 96.5907 1.6729 0.3222 0.404896 -0.459107 11.80 -0.06 3.16 0.0000 0.0000
0.876 2 1181.74 1181.74 8.8 8.8 84.5168 96.5907 1.6963 0.3324 0.412682 -0.468483 11.77 -0.06 -2.66 0.0000 0.0000
0.886 2 1182.44 1182.43 8.8 8.8 96.5907 96.5907 1.7195 0.3426 0.417873 -0.479308 11.75 -0.04 -1.03 0.0000 0.0000
0.896 2 1191.23 1191.23 8.8 8.8 96.5907 90.1513 1.7428 0.3531 0.425659 -0.478160 11.75 -0.05 2.19 0.0000 0.0000
0.906 2 1201.92 1201.92 8.7 8.7 96.5907 96.5907 1.7658 0.3636 0.430850 -0.474221 11.74 -0.05 2.11 0.0000 0.0000
0.916 2 1202.83 1202.83 8.8 8.8 96.5907 90.1513 1.7888 0.3743 0.436041 -0.482678 11.77 -0.04 -1.61 0.0000 0.0000
0.926 2 1205.06 1205.06 8.7 8.7 96.5907 90.1513 1.8120 0.3851 0.443828 -0.488020 11.72 -0.04 2.07 0.0000 0.0000
0.936 2 1214.55 1214.55 8.7 8.7 96.5907 96.5907 1.8348 0.3961 0.449019 -0.482611 11.74 -0.04 4.18 0.0000 0.0000
0.946 2 1209.12 1209.12 8.8 8.8 96.5907 96.5907 1.8580 0.4073 0.454210 -0.494985 11.77 -0.03 -3.02 0.0000 0.0000
0.956 2 1200.97 1200.97 8.8 8.8 84.5168 96.5907 1.8807 0.4185 0.459401 -0.508181 11.75 -0.02 -0.35 0.0000 0.0000
0.966 2 1208.44 1208.44 8.7 8.7 96.5907 96.5907 1.9036 0.4299 0.467187 -0.499528 11.74 -0.02 5.08 0.0000 0.0000
0.976 2 1205.16 1205.16 8.8 8.8 96.5907 96.5907 1.9262 0.4414 0.472378 -0.504763 11.75 -0.02 -3.19 0.0000 0.0000
0.986 2 1190.71 1190.71 8.5 8.5 96.5907 90.1513 1.9491 0.4532 0.477569 -0.522830 11.52 -0.00 -2.44 0.0000 0.0000
0.996 2 1193.67 1193.67 8.8 8.8 96.5907 96.5907 1.9715 0.4649 0.482760 -0.515855 11.75 -0.01 4.59 0.0000 0.0000
1.006 2 1186.83 1186.83 8.8 8.8 96.5907 96.5907 1.9940 0.4767 0.487951 -0.520268 11.75 -0.00 -2.56 0.0000 0.0000
1.016 2 1169.17 1169.17 8.8 8.8 90.1513 96.5907 2.0165 0.4888 0.495737 -0.536153 11.75 0.01 -1.78 0.0000 0.0000
1.026 2 1157.95 1157.94 8.7 8.7 90.1513 90.1513 2.0389 0.5010 0.503524 -0.541689 11.74 0.02 -0.60 0.0000 0.0000
1.036 2 1151.72 1151.72 8.7 8.7 90.1513 96.5907 2.0613 0.5134 0.506120 -0.539493 11.74 0.02 -5.00 0.0000 0.0000
1.046 2 1133.47 1133.47 8.8 8.8 90.1513 96.5907 2.0836 0.5258 0.513906 -0.551330 11.79 0.03 -4.24 0.0000 0.0000
1.056 2 1128.90 1128.90 8.8 8.8 90.1513 96.5907 2.1058 0.5384 0.516502 -0.544640 11.75 0.02 1.54 0.0000 0.0000
1.066 2 1121.98 1121.97 8.8 8.8 90.1513 96.5907 2.1280 0.5511 0.524288 -0.541930 11.75 0.02 0.87 0.0000 0.0000
1.076 2 1112.31 1112.30 8.7 8.7 90.1513 90.1513 2.1499 0.5639 0.529479 -0.542771 11.69 0.02 -1.90 0.0000 0.0000
1.086 2 1100.68 1100.68 8.7 8.7 90.1513 96.5907 2.1721 0.5769 0.534671 -0.545976 11.74 0.02 -0.70 0.0000 0.0000
1.096 2 1091.83 1091.83 8.7 8.7 90.1513 96.5907 2.1938 0.5899 0.539862 -0.545398 11.72 0.02 1.00 0.0000 0.0000
1.106 2 1085.24 1085.23 8.8 8.8 90.1513 96.5907 2.2159 0.6032 0.545053 -0.541840 11.75 0.02 0.47 0.0000 0.0000
1.116 2 1072.56 1072.55 8.7 8.7 90.1513 96.5907 2.2377 0.6165 0.552839 -0.546298 11.74 0.02 -2.74 0.0000 0.0000
1.126 2 1061.05 1061.05 8.7 8.7 96.5907 96.5907 2.2594 0.6299 0.555435 -0.548614 11.74 0.03 0.90 0.0000 0.0000
1.136 2 1053.72 1053.72 8.7 8.7 96.5907 96.5907 2.2811 0.6435 0.563222 -0.545533 11.74 0.02 0.30 0.0000 0.0000
1.146 2 1035.92 1035.92 8.7 8.7 96.5907 96.5907 2.3028 0.6573 0.568413 -0.553271 11.72 0.03 -2.45 0.0000 0.0000
1.156 2 1016.93 1016.93 8.8 8.8 96.5907 96.5907 2.3243 0.6711 0.571008 -0.562003 11.75 0.04 -4.35 0.0000 0.0000
1.166 2 1009.89 1009.89 8.8 8.8 96.5907 96.5907 2.3457 0.6850 0.578795 -0.555193 11.75 0.03 3.46 0.0000 0.0000
1.176 2 1003.90 1003.90 8.7 8.7 96.5907 96.5907 2.3673 0.6991 0.583986 -0.547921 11.74 0.02 -0.23 0.0000 0.0000
1.186 2 977.12 977.12 8.7 8.7 96.5907 96.5907 2.3884 0.7131 0.589177 -0.567088 11.74 0.04 -5.93 0.0000 0.0000
1.196 2 957.41 957.40 8.7 8.7 96.5907 96.5907 2.4097 0.7275 0.594368 -0.573717 11.74 0.05 4.04 0.0000 0.0000
1.206 2 936.96 936.96 8.8 8.8 96.5907 96.5907 2.4310 0.7420 0.599559 -0.576818 11.75 0.05 -0.18 0.0000 0.0000
1.216 2 897.12 897.12 8.8 8.8 90.1513 96.5907 2.4521 0.7565 0.607346 -0.600640 11.77 0.08 -6.05 0.0000 0.0000
1.226 2 864.07 864.07 8.7 8.7 90.1513 96.5907 2.4730 0.7711 0.609941 -0.611649 11.72 0.09 0.07 0.0000 0.0000
1.236 2 841.89 841.89 8.8 8.8 90.1513 96.5907 2.4941 0.7859 0.615132 -0.606787 11.75 0.08 -1.25 0.0000 0.0000
1.246 2 804.32 804.31 8.7 8.7 96.5907 96.5907 2.5151 0.8008 0.620323 -0.621236 11.74 0.10 -9.24 0.0000 0.0000
1.256 2 770.80 770.80 8.7 8.7 96.5907 96.5907 2.5358 0.8157 0.628110 -0.628152 11.74 0.10 0.49 0.0000 0.0000
1.266 2 756.83 756.83 8.8 8.8 96.5907 96.5907 2.5565 0.8308 0.630706 -0.609810 11.77 0.09 0.61 0.0000 0.0000
1.276 2 735.39 735.39 8.7 8.7 96.5907 96.5907 2.5772 0.8460 0.635897 -0.604359 11.74 0.08 -3.63 0.0000 0.0000
1.286 2 715.22 715.22 8.8 8.8 96.5907 96.5907 2.5977 0.8613 0.643683 -0.600428 11.77 0.08 0.21 0.0000 0.0000
1.296 2 697.14 697.13 8.7 8.7 96.5907 90.1513 2.6183 0.8767 0.648874 -0.594355 11.72 0.07 1.67 0.0000 0.0000
1.306 2 681.75 681.75 8.8 8.8 96.5907 96.5907 2.6386 0.8922 0.651470 -0.586504 11.80 0.06 -2.42 0.0000 0.0000
1.316 2 663.80 663.79 8.7 8.7 96.5907 96.5907 2.6590 0.9079 0.656661 -0.583591 11.74 0.06 -2.96 0.0000 0.0000
1.326 2 643.70 643.70 8.7 8.7 84.5168 96.5907 2.6794 0.9237 0.661852 -0.584306 11.74 0.06 -0.51 0.0000 0.0000
1.336 2 629.32 629.32 8.8 8.8 90.1513 96.5907 2.6996 0.9396 0.667043 -0.577938 11.77 0.05 1.58 0.0000 0.0000
1.346 2 604.33 604.32 8.8 8.8 96.5907 96.5907 2.7198 0.9555 0.672234 -0.586273 11.75 0.06 -5.96 0.0000 0.0000
1.356 2 579.92 579.91 8.8 8.8 96.5907 96.5907 2.7396 0.9714 0.677425 -0.591882 11.75 0.07 -1.83 0.0000 0.0000
1.366 2 560.76 560.76 8.8 8.8 96.5907 96.5907 2.7597 0.9875 0.682617 -0.589513 11.79 0.07 1.20 0.0000 0.0000
1.376 2 529.25 529.25 8.8 8.8 96.5907 96.5907 2.7796 1.0038 0.687808 -0.602074 11.75 0.08 -9.29 0.0000 0.0000
1.386 2 496.67 496.67 8.7 8.7 96.5907 96.5907 2.7995 1.0202 0.692999 -0.613181 11.71 0.09 -5.75 0.0000 0.0000
1.396 2 482.99 482.99 8.8 8.8 96.5907 96.5907 2.8191 1.0366 0.695594 -0.599111 11.77 0.08 2.22 0.0000 0.0000
1.406 2 458.26 458.25 8.8 8.8 96.5907 96.5907 2.8388 1.0531 0.700785 -0.600775 11.75 0.08 -5.94 0.0000 0.0000
1.416 2 429.49 429.49 8.7 8.7 96.5907 96.5907 2.8584 1.0698 0.705976 -0.607317 11.74 0.08 -5.71 0.0000 0.0000
1.426 2 415.27 415.27 8.7 8.7 96.5907 96.5907 2.8780 1.0865 0.711168 -0.595461 11.74 0.07 2.35 0.0000 0.0000
1.436 2 396.01 396.01 8.8 8.8 96.5907 96.5907 2.8973 1.1032 0.713763 -0.591762 11.80 0.07 -4.10 0.0000 0.0000
1.446 2 359.37 359.37 8.8 8.8 96.5907 96.5907 2.9166 1.1200 0.721550 -0.609609 11.75 0.09 -6.25 0.0000 0.0000
1.456 2 340.69 340.68 8.8 8.8 96.5907 96.5907 2.9358 1.1371 0.726741 -0.602447 11.75 0.08 1.83 0.0000 0.0000
1.466 2 315.38 315.38 8.8 8.8 96.5907 96.5907 2.9551 1.1542 0.731932 -0.603328 11.77 0.08 -3.66 0.0000 0.0000
1.476 2 270.93 270.93 8.8 8.8 96.5907 96.5907 2.9742 1.1715 0.737123 -0.627098 11.77 0.10 -7.83 0.0000 0.0000
1.486 2 244.59 244.59 8.8 8.8 96.5907 90.1513 2.9931 1.1886 0.739718 -0.623714 11.75 0.10 1.92 0.0000 0.0000
1.496 2 220.57 220.57 8.8 8.8 96.5907 96.5907 3.0121 1.2061 0.744910 -0.617002 11.79 0.09 -1.62 0.0000 0.0000
1.506 2 186.27 186.27 8.8 8.8 96.5907 96.5907 3.0309 1.2236 0.750101 -0.623875 11.79 0.10 -4.41 0.0000 0.0000
1.516 2 157.18 157.18 8.8 8.8 96.5907 96.5907 3.0497 1.2412 0.755292 -0.623922 11.75 0.10 -0.91 0.0000 0.0000
1.526 2 132.23 132.23 8.7 8.7 96.5907 96.5907 3.0684 1.2589 0.760483 -0.618247 11.71 0.09 0.48 0.0000 0.0000
1.536 2 98.70 98.70 6.1 6.1 96.5907 96.5907 3.0870 1.2767 0.765674 -0.624198 11.74 0.10 -5.79 0.0000 0.0000
1.546 2 67.12 67.11 -5.4 -3.0 84.5168 79.5453 3.1045 1.2936 0.768269 -0.627097 12.74 0.10 -2.38 0.0000 0.0000
1.556 2 35.90 35.90 -6.6 -6.6 58.7943 58.7943 3.1183 1.3069 0.770865 -0.629351 9.62 0.11 -6.40 0.0000 0.0000
1.566 2 1.30 -3.54 -7.1 -7.1 30.0504 29.3972 3.1265 1.3149 0.773461 -0.638916 10.12 0.12 -0.19 0.0000 0.0000
1.576 2 -33.56 -44.05 -7.6 -7.6 5.6580 7.7717 3.1296 1.3180 0.773461 -0.650538 10.62 0.13 -1.22 0.0000 0.0000
1.586 2 -67.89 -78.38 -7.9 -7.9 -15.5433 -15.5433 3.1276 1.3160 0.773461 -0.656863 10.88 0.13 -4.01 0.0000 0.0000
1.596 2 -94.84 -105.33 -8.0 -8.0 -30.0504 -30.0504 3.1223 1.3108 0.776056 -0.653642 10.96 0.13 0.10 0.0000 0.0000
1.606 2 -125.62 -136.11 -8.5 -8.5 -40.9779 -43.6216 3.1145 1.3032 0.776056 -0.655943 11.45 0.13 -5.32 0.0000 0.0000
1.616 2 -156.91 -167.40 -8.5 -8.5 -50.0841 -54.0908 3.1046 1.2935 0.773461 -0.658660 11.50 0.14 -6.81 0.0000 0.0000
1.626 2 -194.38 -204.87 -8.5 -8.5 -58.7943 -58.7943 3.0932 1.2824 0.770865 -0.666398 11.52 0.14 -5.93 0.0000 0.0000
1.636 2 -231.41 -241.90 -8.5 -8.5 -64.3938 -64.3938 3.0807 1.2702 0.768269 -0.671343 11.53 0.15 -3.15 0.0000 0.0000
1.646 2 -283.24 -293.73 -8.6 -8.6 -71.1721 -67.6135 3.0671 1.2571 0.763078 -0.693884 11.58 0.17 -15.84 0.0000 0.0000
1.656 2 -322.27 -332.76 -8.6 -8.6 -71.1721 -75.1261 3.0526 1.2434 0.760483 -0.693214 11.60 0.17 -2.54 0.0000 0.0000
1.666 2 -360.57 -371.06 -8.7 -8.7 -75.1261 -75.1261 3.0376 1.2291 0.757888 -0.692895 11.71 0.17 -8.01 0.0000 0.0000
1.676 2 -396.15 -406.64 -8.7 -8.7 -75.1261 -79.5453 3.0219 1.2144 0.750101 -0.688876 11.66 0.17 -2.53 0.0000 0.0000
1.686 2 -425.46 -435.95 -8.7 -8.7 -79.5453 -84.5168 3.0058 1.1995 0.747506 -0.679337 11.69 0.16 -5.90 0.0000 0.0000
1.696 2 -454.50 -464.99 -8.7 -8.7 -79.5453 -84.5168 2.9892 1.1842 0.742315 -0.672630 11.72 0.15 -3.00 0.0000 0.0000
1.706 2 -477.34 -487.83 -8.7 -8.7 -84.5168 -84.5168 2.9724 1.1689 0.734529 -0.661269 11.74 0.14 -1.85 0.0000 0.0000
1.716 2 -491.82 -502.31 -8.7 -8.7 -84.5168 -84.5168 2.9551 1.1533 0.729338 -0.642877 11.74 0.12 1.11 0.0000 0.0000
1.726 2 -504.76 -515.25 -8.7 -8.7 -84.5168 -84.5168 2.9376 1.1378 0.724147 -0.627393 11.74 0.10 -0.48 0.0000 0.0000
1.736 2 -519.68 -530.17 -8.8 -8.8 -84.5168 -84.5168 2.9199 1.1223 0.716361 -0.618671 11.75 0.10 -4.43 0.0000 0.0000
1.746 2 -537.24 -547.73 -8.6 -8.6 -84.5168 -90.1513 2.9020 1.1068 0.711170 -0.615882 11.64 0.09 -2.51 0.0000 0.0000
1.756 2 -546.67 -557.16 -8.7 -8.7 -84.5168 -90.1513 2.8838 1.0912 0.703384 -0.605600 11.74 0.08 -2.03 0.0000 0.0000
1.766 2 -550.23 -560.72 -8.8 -8.8 -84.5168 -90.1513 2.8654 1.0756 0.698193 -0.590223 11.75 0.07 1.48 0.0000 0.0000
1.776 2 -554.19 -564.68 -8.7 -8.7 -90.1513 -90.1513 2.8467 1.0601 0.690406 -0.579489 11.72 0.06 -1.50 0.0000 0.0000
1.786 2 -559.25 -569.74 -8.8 -8.8 -90.1513 -90.1513 2.8278 1.0446 0.682620 -0.573213 11.79 0.05 -2.41 0.0000 0.0000
1.796 2 -559.00 -569.49 -8.8 -8.8 -90.1513 -90.1513 2.8091 1.0294 0.677429 -0.563503 11.75 0.04 -0.55 0.0000 0.0000
1.806 2 -561.09 -571.58 -8.7 -8.7 -90.1513 -90.1513 2.7899 1.0141 0.672238 -0.558722 11.72 0.04 0.93 0.0000 0.0000
1.816 2 -572.42 -582.91 -8.8 -8.8 -90.1513 -90.1513 2.7705 0.9988 0.664451 -0.566144 11.77 0.04 1.36 0.0000 0.0000
1.826 2 -585.96 -596.45 -8.8 -8.8 -90.1513 -90.1513 2.7513 0.9838 0.656665 -0.573868 11.77 0.05 -4.41 0.0000 0.0000
1.836 2 -594.92 -605.41 -8.8 -8.8 -90.1513 -90.1513 2.7318 0.9689 0.651474 -0.573848 11.75 0.05 0.30 0.0000 0.0000
1.846 2 -609.71 -620.20 -8.8 -8.8 -90.1513 -96.5907 2.7121 0.9540 0.643687 -0.580258 11.75 0.06 -0.22 0.0000 0.0000
1.856 2 -618.76 -629.25 -8.7 -8.7 -90.1513 -90.1513 2.6924 0.9393 0.638496 -0.578597 11.74 0.05 2.68 0.0000 0.0000
1.866 2 -631.40 -641.89 -8.8 -8.8 -90.1513 -90.1513 2.6725 0.9247 0.630709 -0.580562 11.75 0.06 -0.43 0.0000 0.0000
1.876 2 -642.07 -652.56 -8.8 -8.8 -90.1513 -90.1513 2.6525 0.9101 0.622923 -0.580998 11.79 0.06 -3.08 0.0000 0.0000
1.886 2 -644.89 -655.38 -8.8 -8.8 -90.1513 -90.1513 2.6323 0.8957 0.620327 -0.572971 11.75 0.05 0.08 0.0000 0.0000
1.896 2 -637.42 -647.91 -8.8 -8.8 -90.1513 -96.5907 2.6122 0.8814 0.612541 -0.554852 11.75 0.03 2.44 0.0000 0.0000
1.906 2 -633.58 -644.07 -8.7 -8.7 -90.1513 -84.5168 2.5919 0.8672 0.604754 -0.545716 11.71 0.02 -2.42 0.0000 0.0000
1.916 2 -625.40 -635.89 -8.7 -8.7 -90.1513 -90.1513 2.5716 0.8533 0.599563 -0.535222 11.74 0.01 -1.24 0.0000 0.0000
1.926 2 -611.15 -621.64 -8.8 -8.8 -90.1513 -96.5907 2.5510 0.8393 0.594372 -0.520896 11.82 -0.00 2.18 0.0000 0.0000
1.936 2 -593.33 -603.82 -8.8 -8.8 -90.1513 -90.1513 2.5305 0.8256 0.586585 -0.505694 11.77 -0.02 3.58 0.0000 0.0000
1.946 2 -580.57 -591.06 -8.8 -8.8 -90.1513 -90.1513 2.5097 0.8118 0.581394 -0.500548 11.77 -0.02 -1.63 0.0000 0.0000
1.956 2 -562.66 -573.15 -8.8 -8.8 -90.1513 -90.1513 2.4889 0.7983 0.573608 -0.492068 11.79 -0.03 1.74 0.0000 0.0000
1.966 2 -537.40 -547.89 -8.8 -8.8 -90.1513 -90.1513 2.4682 0.7849 0.571012 -0.477498 11.79 -0.05 4.01 0.0000 0.0000
1.976 2 -518.24 -528.73 -8.8 -8.8 -90.1513 -96.5907 2.4471 0.7715 0.565821 -0.473109 11.77 -0.05 -0.18 0.0000 0.0000
1.986 2 -506.92 -517.41 -8.7 -8.7 -90.1513 -90.1513 2.4262 0.7583 0.558034 -0.479187 11.74 -0.04 -1.86 0.0000 0.0000
1.996 2 -483.66 -494.15 -8.7 -8.7 -90.1513 -90.1513 2.4049 0.7452 0.552843 -0.470059 11.74 -0.05 5.37 0.0000 0.0000
2.006 2 -475.45 -485.94 -8.8 -8.8 -90.1513 -90.1513 2.3837 0.7322 0.547652 -0.480166 11.77 -0.04 -1.25 0.0000 0.0000
2.016 2 -457.78 -468.27 -8.8 -8.8 -84.5168 -90.1513 2.3623 0.7193 0.542461 -0.477118 11.75 -0.05 1.57 0.0000 0.0000
2.026 2 -441.57 -452.06 -8.8 -8.8 -90.1513 -96.5907 2.3411 0.7066 0.534675 -0.477467 11.77 -0.05 0.90 0.0000 0.0000
2.036 2 -425.52 -436.01 -8.8 -8.8 -90.1513 -90.1513 2.3196 0.6939 0.529484 -0.477277 11.80 -0.05 1.31 0.0000 0.0000
2.046 2 -404.33 -414.82 -8.8 -8.8 -90.1513 -96.5907 2.2980 0.6814 0.524293 -0.470993 11.79 -0.05 4.14 0.0000 0.0000
2.056 2 -381.17 -391.66 -8.8 -8.8 -90.1513 -90.1513 2.2764 0.6689 0.519101 -0.463920 11.75 -0.06 4.13 0.0000 0.0000
2.066 2 -360.22 -370.71 -8.8 -8.8 -90.1513 -96.5907 2.2547 0.6567 0.513910 -0.461333 11.75 -0.06 2.43 0.0000 0.0000
2.076 2 -343.39 -353.88 -8.7 -8.7 -90.1513 -84.5168 2.2328 0.6444 0.506124 -0.463635 11.69 -0.06 2.70 0.0000 0.0000
2.086 2 -317.58 -328.07 -8.8 -8.8 -90.1513 -90.1513 2.2109 0.6323 0.500933 -0.456084 11.77 -0.07 5.58 0.0000 0.0000
2.096 2 -301.89 -312.38 -8.7 -8.7 -90.1513 -84.5168 2.1890 0.6204 0.495742 -0.460326 11.74 -0.06 2.07 0.0000 0.0000
2.106 2 -288.33 -298.82 -8.8 -8.8 -90.1513 -90.1513 2.1671 0.6086 0.490551 -0.467684 11.77 -0.06 -2.16 0.0000 0.0000
2.116 2 -267.01 -277.50 -8.8 -8.8 -90.1513 -90.1513 2.1450 0.5969 0.485360 -0.464732 11.77 -0.06 2.19 0.0000 0.0000
2.126 2 -238.89 -249.38 -8.8 -8.8 -90.1513 -90.1513 2.1229 0.5853 0.480169 -0.453977 11.79 -0.07 4.26 0.0000 0.0000
2.136 2 -215.13 -225.62 -8.7 -8.7 -90.1513 -90.1513 2.1008 0.5738 0.474978 -0.451103 11.72 -0.07 -0.47 0.0000 0.0000
2.146 2 -188.79 -199.28 -8.7 -8.7 -90.1513 -90.1513 2.0786 0.5625 0.469787 -0.446873 11.72 -0.08 3.63 0.0000 0.0000
2.156 2 -154.92 -165.41 -8.7 -8.7 -90.1513 -90.1513 2.0561 0.5512 0.462000 -0.435137 11.72 -0.09 6.12 0.0000 0.0000
2.166 2 -122.12 -132.61 -8.8 -8.8 -90.1513 -90.1513 2.0338 0.5401 0.456809 -0.427582 11.79 -0.10 0.74 0.0000 0.0000
2.176 2 -94.96 -105.45 -7.6 -8.8 -90.1513 -96.5907 2.0112 0.5290 0.454214 -0.429002 11.77 -0.09 -0.40 0.0000 0.0000
2.186 2 -58.93 -69.42 7.8 4.1 -79.5453 -84.5168 1.9898 0.5187 0.443832 -0.420222 11.69 -0.10 4.74 0.0000 0.0000
2.196 2 -28.08 -38.57 6.5 6.5 -46.6300 -58.7943 1.9738 0.5112 0.428259 -0.421153 9.49 -0.10 -9.73 0.0000 0.0000
2.206 2 -65.67 -76.16 -8.5 -8.5 -36.5478 -46.6300 1.9630 0.5063 0.410091 -0.495813 11.49 -0.03 3.99 0.0000 0.0000
2.216 2 -84.52 -95.01 -8.4 -8.4 -46.6300 -54.0908 1.9504 0.5010 0.394518 -0.529160 11.44 0.01 -13.07 0.0000 0.0000
2.226 2 -93.34 -103.83 -8.5 -8.5 -54.0908 -64.3938 1.9359 0.4950 0.384136 -0.538457 11.55 0.01 3.18 0.0000 0.0000
2.236 2 -73.31 -83.80 -8.5 -8.5 -61.4668 -67.6135 1.9196 0.4886 0.371158 -0.515751 11.55 -0.01 5.06 0.0000 0.0000
2.246 2 -63.81 -74.30 -2.9 -4.6 -67.6135 -75.1261 1.9019 0.4818 0.360776 -0.510216 11.68 -0.01 3.68 0.0000 0.0000
2.256 2 -46.02 -56.51 4.5 3.6 -61.4668 -71.1721 1.8844 0.4753 0.347799 -0.497701 11.72 -0.03 0.39 0.0000 0.0000
2.266 2 -21.43 -31.92 6.1 6.7 -35.5860 -48.2953 1.8709 0.4705 0.329631 -0.481796 10.49 -0.04 6.32 0.0000 0.0000
2.276 2 -36.86 -47.35 -9.4 -9.4 -18.7815 -27.0454 1.8631 0.4679 0.311462 -0.517219 12.40 -0.01 2.98 0.0000 0.0000
2.286 2 -6.26 -16.75 8.7 8.1 -25.5145 -36.5478 1.8550 0.4654 0.295889 -0.487797 11.87 -0.04 3.67 0.0000 0.0000
2.296 2 -8.94 -19.43 1.2 -0.8 -11.6575 -19.8863 1.8489 0.4636 0.275126 -0.505014 11.30 -0.02 -2.86 0.0000 0.0000
2.306 2 -31.44 -42.74 -8.2 -8.2 -9.0151 -16.9034 1.8458 0.4627 0.259553 -0.541417 11.20 0.02 2.72 0.0000 0.0000
2.316 2 -98.12 -109.41 -8.2 -8.2 -25.0420 -32.9822 1.8391 0.4610 0.243980 -0.622571 11.18 0.10 -14.73 0.0000 0.0000
2.326 2 -130.42 -141.71 -8.3 -8.3 -36.5478 -45.0756 1.8290 0.4586 0.228407 -0.632397 11.33 0.11 2.18 0.0000 0.0000
2.336 2 -153.70 -165.00 -8.3 -8.3 -46.6300 -52.0104 1.8158 0.4556 0.220620 -0.633543 11.34 0.11 -4.71 0.0000 0.0000
2.346 2 -155.20 -166.50 -8.5 -8.5 -56.3446 -61.4668 1.8003 0.4522 0.212834 -0.609800 11.49 0.09 -0.65 0.0000 0.0000
2.356 2 -159.69 -170.99 -8.6 -8.6 -64.3938 -67.6135 1.7832 0.4486 0.205047 -0.594051 11.64 0.07 -0.66 0.0000 0.0000
2.366 2 -150.48 -161.77 -8.6 -8.6 -67.6135 -71.1721 1.7647 0.4448 0.194665 -0.567446 11.63 0.04 0.95 0.0000 0.0000
2.376 2 -137.78 -149.08 -8.6 -8.6 -71.1721 -75.1261 1.7449 0.4410 0.189475 -0.545327 11.63 0.02 -2.56 0.0000 0.0000
2.386 2 -149.30 -160.60 -8.7 -8.7 -75.1261 -75.1261 1.7246 0.4371 0.181688 -0.556568 11.66 0.03 3.12 0.0000 0.0000
2.396 2 -151.82 -163.11 -8.7 -8.7 -79.5453 -79.5453 1.7032 0.4333 0.176497 -0.554100 11.74 0.03 1.33 0.0000 0.0000
2.406 2 -142.55 -153.84 -8.7 -8.7 -79.5453 -84.5168 1.6814 0.4295 0.171306 -0.540038 11.69 0.02 -0.36 0.0000 0.0000
2.416 2 -135.18 -146.48 -8.7 -8.7 -79.5453 -84.5168 1.6590 0.4257 0.163520 -0.532181 11.72 0.01 -1.13 0.0000 0.0000
2.426 2 -128.67 -139.97 -8.8 -8.8 -84.5168 -84.5168 1.6363 0.4220 0.158329 -0.527784 11.77 0.00 -0.58 0.0000 0.0000
2.436 2 -130.79 -142.09 -8.7 -8.7 -84.5168 -84.5168 1.6131 0.4184 0.150542 -0.535133 11.71 0.01 -4.02 0.0000 0.0000
2.446 2 -130.17 -141.46 -8.8 -8.8 -84.5168 -90.1513 1.5896 0.4149 0.145351 -0.536985 11.75 0.01 -2.70 0.0000 0.0000
2.456 2 -120.84 -132.14 -8.7 -8.7 -84.5168 -90.1513 1.5661 0.4115 0.140160 -0.527085 11.71 0.00 0.41 0.0000 0.0000
2.466 2 -109.26 -120.56 -8.7 -8.7 -84.5168 -90.1513 1.5422 0.4082 0.134969 -0.517322 11.72 -0.01 0.98 0.0000 0.0000
2.476 2 -100.06 -111.35 -8.8 -8.8 -90.1513 -90.1513 1.5183 0.4051 0.124587 -0.513073 11.79 -0.01 1.27 0.0000 0.0000
2.486 2 -88.79 -100.08 -4.3 -8.8 -90.1513 -90.1513 1.4943 0.4022 0.119396 -0.507650 11.83 -0.02 4.23 0.0000 0.0000
2.496 2 -79.24 -90.53 -2.2 -5.2 -84.5168 -90.1513 1.4705 0.3994 0.106419 -0.505131 11.79 -0.02 3.57 0.0000 0.0000
2.506 2 -77.40 -88.70 -3.8 -7.2 -79.5453 -84.5168 1.4473 0.3972 0.085655 -0.511689 11.88 -0.01 -2.27 0.0000 0.0000
2.516 2 -76.20 -87.50 -7.7 -6.4 -71.1721 -84.5168 1.4252 0.3955 0.064891 -0.517955 12.21 -0.01 0.37 0.0000 0.0000
2.526 2 -72.58 -83.88 -5.6 -7.3 -71.1721 -79.5453 1.4043 0.3944 0.049318 -0.520534 12.04 -0.00 -0.01 0.0000 0.0000
2.536 2 -64.86 -76.16 -3.1 -5.6 -67.6135 -75.1261 1.3844 0.3936 0.031150 -0.517567 12.39 -0.01 1.11 0.0000 0.0000
2.546 2 -58.21 -69.51 -2.8 -1.8 -61.4668 -75.1261 1.3655 0.3932 0.010386 -0.515634 11.79 -0.01 0.11 0.0000 0.0000
2.556 2 -47.77 -59.06 -0.8 -1.5 -54.0908 -64.3938 1.3478 0.3932 -0.010378 -0.510181 12.47 -0.01 2.16 0.0000 0.0000
2.566 2 -37.22 -48.52 0.8 -0.8 -43.6216 -54.0908 1.3330 0.3935 -0.031142 -0.505995 12.72 -0.02 1.86 0.0000 0.0000
2.576 2 -23.53 -34.82 2.3 2.3 -31.4481 -43.6216 1.3213 0.3940 -0.051906 -0.500143 9.92 -0.02 1.81 0.0000 0.0000
2.586 2 -26.08 -37.38 -3.1 -3.9 -23.7240 -34.6736 1.3125 0.3945 -0.067478 -0.514056 8.57 -0.01 -3.08 0.0000 0.0000
2.596 2 -15.02 -26.32 1.5 0.8 -20.4889 -31.4481 1.3045 0.3952 -0.088242 -0.509043 11.85 -0.01 -0.89 0.0000 0.0000
2.606 2 -3.31 -13.79 3.2 2.9 -9.9432 -21.4646 1.2986 0.3957 -0.106411 -0.503448 11.71 -0.02 0.01 0.0000 0.0000
2.616 2 -3.17 -6.87 -0.8 1.2 -2.6360 -9.5906 1.2960 0.3960 -0.129770 -0.506252 11.80 -0.02 -2.47 0.0000 0.0000
2.626 2 3.62 6.37 1.9 4.4 -0.8938 -2.8055 1.2956 0.3961 -0.134961 -0.499043 11.83 -0.02 1.03 0.0000 0.0000
2.636 2 8.95 11.70 2.2 2.2 3.5493 9.8706 1.2970 0.3959 -0.127175 -0.495465 11.77 -0.03 1.97 0.0000 0.0000
2.646 2 9.79 12.55 1.5 1.7 9.2621 12.0738 1.2996 0.3956 -0.119388 -0.497939 11.85 -0.03 -0.14 0.0000 0.0000
2.656 2 9.83 12.58 0.8 1.5 11.6575 12.8788 1.3030 0.3952 -0.116793 -0.501042 11.85 -0.02 0.70 0.0000 0.0000
2.666 2 13.75 16.51 2.8 2.7 11.3636 14.8601 1.3068 0.3948 -0.109006 -0.498657 11.87 -0.02 0.21 0.0000 0.0000
2.676 2 20.79 23.55 5.0 5.0 15.0252 18.2739 1.3112 0.3943 -0.103815 -0.492821 11.82 -0.03 3.00 0.0000 0.0000
2.686 2 25.83 28.59 5.1 5.8 21.1292 22.9198 1.3172 0.3937 -0.098624 -0.490701 11.74 -0.03 1.38 0.0000 0.0000
2.696 2 32.88 35.64 6.5 6.7 26.5151 29.3972 1.3244 0.3930 -0.093433 -0.486719 11.72 -0.04 2.98 0.0000 0.0000
2.706 2 35.23 37.99 4.7 4.3 33.8067 37.5630 1.3341 0.3921 -0.088242 -0.490387 11.71 -0.03 -4.11 0.0000 0.0000
2.716 2 39.80 42.56 5.1 6.8 37.5630 37.5630 1.3447 0.3912 -0.085647 -0.489416 11.87 -0.03 1.98 0.0000 0.0000
2.726 2 36.15 38.91 3.6 3.6 36.5478 39.7726 1.3557 0.3903 -0.077860 -0.498066 11.90 -0.03 -0.66 0.0000 0.0000
2.736 2 44.64 47.40 7.1 6.7 39.7726 43.6216 1.3671 0.3894 -0.075265 -0.492028 11.61 -0.03 -1.75 0.0000 0.0000
2.746 2 43.21 45.97 3.2 2.8 46.6300 50.0841 1.3804 0.3884 -0.070074 -0.499493 11.61 -0.02 -5.06 0.0000 0.0000
2.756 2 50.60 53.35 5.3 5.7 50.0841 52.0104 1.3944 0.3875 -0.064883 -0.494485 11.72 -0.03 0.79 0.0000 0.0000
2.766 2 54.61 57.37 5.3 4.2 54.0908 58.7943 1.4097 0.3865 -0.059692 -0.495214 11.45 -0.03 2.34 0.0000 0.0000
2.776 2 61.98 64.74 6.7 8.2 58.7943 58.7943 1.4258 0.3856 -0.054501 -0.490937 11.52 -0.03 0.65 0.0000 0.0000
2.786 2 71.88 74.64 8.5 8.5 61.4668 67.6135 1.4430 0.3847 -0.049310 -0.484813 11.53 -0.04 3.45 0.0000 0.0000
2.796 2 54.91 57.66 -1.0 0.8 64.3938 64.3938 1.4613 0.3838 -0.046715 -0.509523 12.40 -0.01 4.90 0.0000 0.0000
2.806 2 24.91 27.67 -6.2 -7.2 39.7726 45.0756 1.4756 0.3832 -0.038928 -0.541847 12.13 0.02 -5.02 0.0000 0.0000
2.816 2 31.31 34.07 4.8 4.5 24.5867 28.1723 1.4846 0.3829 -0.031142 -0.524792 11.98 0.00 3.16 0.0000 0.0000
2.826 2 13.45 16.21 -1.1 -0.8 15.9091 17.3368 1.4911 0.3827 -0.031142 -0.537554 11.56 0.01 0.34 0.0000 0.0000
2.836 2 4.45 6.70 -3.1 -2.2 9.5906 10.6478 1.4945 0.3826 -0.023355 -0.539300 11.69 0.02 1.17 0.0000 0.0000
2.846 2 -0.92 0.96 0.8 -0.8 -1.6041 1.9799 1.4949 0.3826 -0.018164 -0.541065 11.47 0.02 -0.33 0.0000 0.0000
2.856 2 2.24 3.25 2.6 2.7 -4.2391 -3.5680 1.4937 0.3826 -0.012973 -0.532575 11.85 0.01 -0.10 0.0000 0.0000
2.866 2 5.05 6.05 1.0 1.1 1.5109 1.1269 1.4941 0.3826 -0.012973 -0.523122 11.60 -0.00 -3.06 0.0000 0.0000
2.876 2 14.08 15.09 3.8 4.0 9.0151 9.6591 1.4965 0.3826 -0.012973 -0.508963 11.85 -0.01 -0.44 0.0000 0.0000
2.886 2 19.12 20.12 4.4 4.3 14.2344 15.3667 1.5003 0.3826 -0.010378 -0.502725 11.72 -0.02 1.53 0.0000 0.0000
2.896 2 30.36 31.36 7.0 6.4 22.5378 24.5867 1.5061 0.3825 -0.007782 -0.491575 11.53 -0.03 2.18 0.0000 0.0000
2.906 2 41.05 42.06 7.7 8.1 33.8067 33.8067 1.5150 0.3824 -0.007782 -0.483609 11.61 -0.04 2.65 0.0000 0.0000
2.916 2 18.62 19.62 -6.7 -6.1 37.5630 37.5630 1.5261 0.3824 -0.005187 -0.517666 11.98 -0.01 -11.20 0.0000 0.0000
2.926 2 -4.92 -3.92 -7.1 -7.1 14.8601 18.2739 1.5335 0.3823 -0.002591 -0.543510 10.14 0.02 10.99 0.0000 0.0000
2.936 2 -34.30 -33.30 -7.9 -7.9 -5.9571 -7.6833 1.5341 0.3823 -0.005187 -0.575872 10.90 0.05 3.35 0.0000 0.0000
2.946 2 -37.88 -36.88 -8.0 -8.0 -21.4646 -25.0420 1.5291 0.3824 -0.012973 -0.570988 11.03 0.05 -0.94 0.0000 0.0000
2.956 2 -44.07 -43.07 -8.4 -8.0 -34.6736 -37.5630 1.5196 0.3825 -0.015569 -0.570242 11.42 0.05 -8.03 0.0000 0.0000
2.966 2 -61.64 -60.63 -8.3 -8.3 -45.0756 -46.6300 1.5078 0.3827 -0.018164 -0.579457 11.26 0.06 0.71 0.0000 0.0000
2.976 2 -74.08 -73.07 -8.5 -8.5 -54.0908 -54.0908 1.4931 0.3830 -0.020760 -0.582628 11.49 0.06 -7.42 0.0000 0.0000
2.986 2 -74.90 -73.90 -8.6 -8.6 -61.4668 -64.3938 1.4766 0.3833 -0.020760 -0.570682 11.56 0.05 0.48 0.0000 0.0000
2.996 2 -67.77 -66.76 -5.1 -4.5 -67.6135 -67.6135 1.4585 0.3837 -0.025951 -0.552830 11.61 0.03 2.61 0.0000 0.0000
3.006 2 -56.86 -55.86 -1.9 -2.7 -61.4668 -58.7943 1.4402 0.3842 -0.028546 -0.536955 11.88 0.01 0.01 0.0000 0.0000
3.016 2 -44.24 -43.23 -0.8 0.8 -50.0841 -50.0841 1.4251 0.3846 -0.031142 -0.523372 12.18 -0.00 2.93 0.0000 0.0000
3.026 2 -35.19 -34.19 -0.8 0.8 -38.6363 -39.7726 1.4128 0.3850 -0.028546 -0.517868 11.82 -0.01 -1.86 0.0000 0.0000
3.036 2 -33.86 -32.86 -5.4 -5.2 -27.5973 -26.5151 1.4040 0.3853 -0.028546 -0.524538 11.74 0.00 0.13 0.0000 0.0000
3.046 2 -25.23 -24.23 -1.6 -1.1 -26.5151 -26.0052 1.3962 0.3855 -0.025951 -0.519539 11.87 -0.00 1.48 0.0000 0.0000
3.056 2 -12.43 -11.42 2.6 2.4 -19.8863 -18.0303 1.3895 0.3856 -0.023355 -0.511105 11.79 -0.01 -2.25 0.0000 0.0000
3.066 2 -1.01 -0.00 2.5 3.0 -6.7277 -6.5327 1.3863 0.3857 -0.018164 -0.505083 11.69 -0.02 -1.98 0.0000 0.0000
3.076 2 3.79 4.80 -0.8 -0.8 5.3239 5.1811 1.3871 0.3857 -0.018164 -0.502830 11.53 -0.02 3.54 0.0000 0.0000
3.086 2 -16.86 -15.85 -8.0 -8.0 3.3307 2.7209 1.3883 0.3857 -0.018164 -0.533325 10.98 0.01 4.16 0.0000 0.0000
3.096 2 -2.51 -1.50 4.2 4.9 -14.2344 -14.0861 1.3853 0.3857 -0.015569 -0.517394 12.32 -0.01 2.59 0.0000 0.0000
3.106 2 27.86 28.87 7.5 7.5 -2.4062 -2.1602 1.3839 0.3857 -0.012973 -0.480582 10.49 -0.04 11.50 0.0000 0.0000
3.116 2 -37.45 -36.44 -8.5 -8.5 15.1940 16.0984 1.3879 0.3857 -0.012973 -0.570893 11.47 0.05 -13.56 0.0000 0.0000
3.126 2 0.83 1.83 -1.1 0.8 -5.3875 -5.0837 1.3889 0.3857 -0.010378 -0.513627 10.87 -0.01 -1.05 0.0000 0.0000
3.136 2 16.49 17.50 3.2 4.5 5.6111 3.7253 1.3881 0.3857 -0.010378 -0.495891 11.42 -0.03 -0.09 0.0000 0.0000
3.146 2 13.72 14.73 -0.8 -0.8 13.3888 15.3667 1.3911 0.3857 -0.002591 -0.502909 11.74 -0.02 1.74 0.0000 0.0000
3.156 2 -49.49 -48.49 -7.8 -7.8 4.9353 2.8529 1.3931 0.3857 -0.002591 -0.583847 10.79 0.06 -10.38 0.0000 0.0000
3.166 2 -61.32 -60.31 -8.2 -8.2 -16.2924 -20.4889 1.3891 0.3857 -0.007782 -0.585562 11.18 0.06 4.12 0.0000 0.0000
3.176 2 -82.03 -81.02 -8.2 -8.2 -32.1969 -34.6736 1.3807 0.3858 -0.012973 -0.594494 11.25 0.07 0.14 0.0000 0.0000
3.186 2 -87.62 -86.61 -8.4 -8.4 -43.6216 -46.6300 1.3690 0.3860 -0.018164 -0.584277 11.37 0.06 1.89 0.0000 0.0000
3.196 2 -92.88 -91.88 -8.5 -8.5 -50.0841 -54.0908 1.3545 0.3863 -0.023355 -0.576842 11.50 0.05 0.58 0.0000 0.0000
3.206 2 -96.87 -95.87 -8.5 -8.5 -58.7943 -61.4668 1.3380 0.3867 -0.028546 -0.570451 11.55 0.05 -1.64 0.0000 0.0000
3.216 2 -94.59 -93.59 -8.6 -8.6 -64.3938 -67.6135 1.3201 0.3873 -0.031142 -0.559223 11.58 0.04 -3.42 0.0000 0.0000
3.226 2 -100.86 -99.85 -8.6 -8.6 -67.6135 -75.1261 1.3008 0.3879 -0.036333 -0.559994 11.64 0.04 -3.41 0.0000 0.0000
3.236 2 -100.29 -99.28 -8.7 -8.7 -71.1721 -75.1261 1.2807 0.3887 -0.041524 -0.553262 11.66 0.03 1.20 0.0000 0.0000
3.246 2 -98.91 -97.90 -8.7 -8.7 -75.1261 -79.5453 1.2594 0.3897 -0.046715 -0.547713 11.71 0.02 0.56 0.0000 0.0000
3.256 2 -96.86 -95.86 -8.7 -8.7 -79.5453 -79.5453 1.2377 0.3908 -0.051906 -0.543993 11.69 0.02 -2.24 0.0000 0.0000
3.266 2 -85.36 -84.35 -8.1 -7.6 -79.5453 -79.5453 1.2153 0.3920 -0.057097 -0.530421 11.71 0.01 2.52 0.0000 0.0000
3.276 2 -79.69 -78.68 -2.4 -4.5 -84.5168 -79.5453 1.1932 0.3933 -0.062287 -0.525504 11.94 0.00 3.33 0.0000 0.0000
3.286 2 -72.07 -71.07 -3.3 -2.7 -75.1261 -75.1261 1.1721 0.3946 -0.064883 -0.519629 12.26 -0.00 3.66 0.0000 0.0000
3.296 2 -76.85 -75.85 -9.1 -7.5 -67.6135 -71.1721 1.1520 0.3960 -0.070074 -0.530236 12.12 0.01 4.52 0.0000 0.0000
3.306 2 -72.63 -71.63 -5.8 -5.2 -71.1721 -71.1721 1.1328 0.3973 -0.070074 -0.527611 11.72 0.00 2.32 0.0000 0.0000
3.316 2 -70.81 -69.80 -4.8 -4.3 -71.1721 -71.1721 1.1129 0.3987 -0.072669 -0.527573 11.68 0.00 1.01 0.0000 0.0000
3.326 2 -70.07 -69.07 -4.4 -3.8 -71.1721 -71.1721 1.0932 0.4001 -0.072669 -0.528744 11.72 0.01 -0.10 0.0000 0.0000
3.336 2 -75.65 -74.65 -7.4 -6.9 -71.1721 -71.1721 1.0736 0.4016 -0.072669 -0.536780 11.58 0.01 -1.54 0.0000 0.0000
3.346 2 -74.79 -73.79 -6.9 -6.4 -71.1721 -71.1721 1.0535 0.4031 -0.072669 -0.536074 11.75 0.01 -0.17 0.0000 0.0000
3.356 2 -71.04 -70.04 -4.9 -4.3 -71.1721 -71.1721 1.0334 0.4045 -0.072669 -0.532502 11.83 0.01 -2.01 0.0000 0.0000
3.366 2 -70.29 -69.28 -4.5 -4.0 -71.1721 -71.1721 1.0142 0.4059 -0.072669 -0.532429 11.80 0.01 3.44 0.0000 0.0000
3.376 2 -96.11 -95.10 -8.6 -8.6 -71.1721 -71.1721 0.9945 0.4073 -0.072669 -0.562460 11.61 0.04 -5.04 0.0000 0.0000
3.386 2 -130.18 -129.17 -8.6 -8.6 -75.1261 -71.1721 0.9743 0.4088 -0.070074 -0.592075 11.63 0.07 -2.39 0.0000 0.0000
3.396 2 -137.75 -136.74 -8.6 -8.6 -79.5453 -79.5453 0.9532 0.4104 -0.072669 -0.585298 11.64 0.06 -0.72 0.0000 0.0000
3.406 2 -144.65 -143.65 -8.7 -8.7 -79.5453 -79.5453 0.9313 0.4120 -0.075265 -0.580478 11.71 0.06 -1.67 0.0000 0.0000
3.416 2 -150.90 -149.89 -8.7 -8.7 -84.5168 -79.5453 0.9091 0.4137 -0.077860 -0.576915 11.69 0.05 -5.02 0.0000 0.0000
3.426 2 -164.36 -163.36 -8.7 -8.7 -84.5168 -84.5168 0.8864 0.4155 -0.080456 -0.582745 11.71 0.06 -5.31 0.0000 0.0000
3.436 2 -171.79 -170.78 -8.7 -8.7 -79.5453 -84.5168 0.8632 0.4175 -0.085647 -0.579470 11.74 0.06 -0.23 0.0000 0.0000
3.446 2 -179.33 -178.32 -8.7 -8.7 -84.5168 -84.5168 0.8399 0.4195 -0.090838 -0.576652 11.71 0.05 0.95 0.0000 0.0000
3.456 2 -191.83 -190.83 -8.7 -8.7 -84.5168 -84.5168 0.8163 0.4217 -0.096029 -0.579354 11.68 0.06 2.13 0.0000 0.0000
3.466 2 -202.54 -201.53 -8.7 -8.7 -84.5168 -90.1513 0.7925 0.4241 -0.098624 -0.579518 11.72 0.06 -1.69 0.0000 0.0000
3.476 2 -207.32 -206.31 -8.8 -8.8 -84.5168 -90.1513 0.7687 0.4265 -0.106411 -0.573555 11.80 0.05 0.14 0.0000 0.0000
3.486 2 -211.50 -210.49 -8.8 -8.8 -84.5168 -90.1513 0.7447 0.4291 -0.111602 -0.568797 11.77 0.05 -2.17 0.0000 0.0000
3.496 2 -212.20 -211.19 -8.7 -8.7 -90.1513 -90.1513 0.7203 0.4319 -0.116793 -0.561037 11.74 0.04 -0.64 0.0000 0.0000
3.506 2 -229.60 -228.59 -8.7 -8.7 -90.1513 -84.5168 0.6959 0.4348 -0.121984 -0.575695 11.74 0.05 -4.14 0.0000 0.0000
3.516 2 -241.39 -240.39 -8.7 -8.7 -90.1513 -90.1513 0.6716 0.4378 -0.127175 -0.579342 11.74 0.06 -0.46 0.0000 0.0000
3.526 2 -247.45 -246.45 -8.8 -8.8 -90.1513 -96.5907 0.6472 0.4410 -0.132366 -0.575176 11.79 0.05 3.21 0.0000 0.0000
3.536 2 -248.78 -247.78 -8.7 -8.7 -90.1513 -96.5907 0.6225 0.4443 -0.137557 -0.566335 11.74 0.04 0.14 0.0000 0.0000
3.546 2 -260.93 -259.92 -8.8 -8.8 -90.1513 -90.1513 0.5982 0.4478 -0.142747 -0.572453 11.77 0.05 -1.60 0.0000 0.0000
3.556 2 -264.04 -263.04 -8.8 -8.8 -84.5168 -96.5907 0.5735 0.4514 -0.147938 -0.566930 11.79 0.04 0.63 0.0000 0.0000
3.566 2 -267.43 -266.43 -8.8 -8.8 -90.1513 -96.5907 0.5491 0.4551 -0.155725 -0.563504 11.75 0.04 -2.47 0.0000 0.0000
3.576 2 -285.20 -284.20 -8.8 -8.8 -90.1513 -96.5907 0.5244 0.4590 -0.160916 -0.576865 11.79 0.05 -5.59 0.0000 0.0000
3.586 2 -290.20 -289.20 -8.8 -8.8 -90.1513 -96.5907 0.4998 0.4630 -0.166107 -0.571868 11.75 0.05 -2.06 0.0000 0.0000
3.596 2 -296.30 -295.30 -8.8 -8.8 -90.1513 -90.1513 0.4752 0.4672 -0.171298 -0.569543 11.75 0.05 2.75 0.0000 0.0000
3.606 2 -298.02 -297.01 -8.7 -8.7 -90.1513 -90.1513 0.4507 0.4715 -0.176489 -0.562524 11.69 0.04 3.58 0.0000 0.0000
3.616 2 -312.14 -311.14 -8.8 -8.8 -90.1513 -90.1513 0.4261 0.4760 -0.181680 -0.571195 11.79 0.05 -0.56 0.0000 0.0000
3.626 2 -312.01 -311.00 -8.7 -8.7 -90.1513 -96.5907 0.4016 0.4806 -0.186871 -0.562720 11.72 0.04 0.66 0.0000 0.0000
3.636 2 -312.44 -311.43 -8.8 -8.8 -90.1513 -90.1513 0.3769 0.4854 -0.194657 -0.556929 11.77 0.03 2.78 0.0000 0.0000
3.646 2 -313.05 -312.05 -8.8 -8.8 -90.1513 -90.1513 0.3525 0.4903 -0.199848 -0.552918 11.79 0.03 1.85 0.0000 0.0000
3.656 2 -322.00 -320.99 -8.8 -8.8 -90.1513 -90.1513 0.3280 0.4953 -0.205039 -0.558673 11.79 0.04 0.47 0.0000 0.0000
3.666 2 -328.50 -327.49 -8.7 -8.7 -90.1513 -96.5907 0.3034 0.5005 -0.212826 -0.560423 11.71 0.04 0.25 0.0000 0.0000
3.676 2 -332.17 -331.17 -8.8 -8.8 -90.1513 -96.5907 0.2791 0.5058 -0.218017 -0.558607 11.79 0.04 -1.64 0.0000 0.0000
3.686 2 -340.01 -339.00 -8.7 -8.7 -90.1513 -96.5907 0.2545 0.5113 -0.220612 -0.561490 11.74 0.04 0.09 0.0000 0.0000
3.696 2 -346.13 -345.13 -8.8 -8.8 -84.5168 -96.5907 0.2302 0.5169 -0.225803 -0.561978 11.77 0.04 -2.35 0.0000 0.0000
3.706 2 -351.82 -350.82 -8.8 -8.8 -90.1513 -96.5907 0.2057 0.5226 -0.233589 -0.562918 11.79 0.04 -4.16 0.0000 0.0000
3.716 2 -355.40 -354.39 -8.8 -8.8 -90.1513 -90.1513 0.1815 0.5285 -0.238780 -0.560586 11.77 0.04 2.16 0.0000 0.0000
3.726 2 -352.18 -351.18 -8.8 -8.8 -90.1513 -90.1513 0.1569 0.5345 -0.243971 -0.550835 11.77 0.03 0.23 0.0000 0.0000
3.736 2 -359.19 -358.19 -8.8 -8.8 -84.5168 -96.5907 0.1327 0.5406 -0.249162 -0.555057 11.75 0.03 1.49 0.0000 0.0000
3.746 2 -367.53 -366.53 -8.8 -8.8 -90.1513 -96.5907 0.1084 0.5470 -0.256949 -0.559020 11.80 0.04 2.38 0.0000 0.0000
3.756 2 -356.56 -355.55 -8.8 -8.8 -90.1513 -96.5907 0.0842 0.5533 -0.262140 -0.539815 11.80 0.02 3.18 0.0000 0.0000
3.766 2 -352.69 -351.69 -8.8 -8.8 -90.1513 -90.1513 0.0598 0.5600 -0.267331 -0.535231 11.79 0.01 -4.60 0.0000 0.0000
3.776 2 -332.74 -331.74 -8.8 -8.8 -90.1513 -90.1513 0.0357 0.5666 -0.272522 -0.514228 11.79 -0.01 3.75 0.0000 0.0000
3.786 2 -307.41 -306.41 -8.8 -8.8 -90.1513 -90.1513 0.0115 0.5735 -0.280308 -0.492529 11.75 -0.03 4.60 0.0000 0.0000
3.796 2 -279.44 -278.43 -8.8 -8.8 -90.1513 -96.5907 -0.0126 0.5804 -0.282904 -0.473255 11.80 -0.05 1.91 0.0000 0.0000
3.806 2 -262.38 -261.38 -8.8 -8.8 -90.1513 -96.5907 -0.0367 0.5876 -0.290690 -0.472594 11.79 -0.05 3.67 0.0000 0.0000
3.816 2 -228.13 -227.13 -8.8 -8.8 -90.1513 -90.1513 -0.0608 0.5948 -0.293286 -0.453325 11.80 -0.07 6.58 0.0000 0.0000
3.826 2 -199.40 -198.39 -8.8 -8.8 -90.1513 -90.1513 -0.0848 0.6022 -0.301072 -0.443479 11.80 -0.08 3.91 0.0000 0.0000
3.836 2 -177.19 -176.18 -8.8 -8.8 -90.1513 -96.5907 -0.1090 0.6098 -0.306263 -0.445231 11.79 -0.08 0.78 0.0000 0.0000
3.846 2 -152.84 -151.84 -8.8 -8.8 -90.1513 -90.1513 -0.1328 0.6173 -0.311454 -0.444856 11.77 -0.08 2.63 0.0000 0.0000
3.856 2 -124.34 -123.34 -8.7 -8.7 -90.1513 -90.1513 -0.1569 0.6252 -0.316645 -0.440012 11.74 -0.08 1.62 0.0000 0.0000
3.866 2 -101.47 -100.47 -8.8 -8.8 -90.1513 -90.1513 -0.1806 0.6330 -0.321836 -0.442456 11.79 -0.08 -0.41 0.0000 0.0000
3.876 2 -77.73 -76.72 -3.5 -2.8 -79.5453 -79.5453 -0.2042 0.6410 -0.327027 -0.443420 12.09 -0.08 3.65 0.0000 0.0000
3.886 2 -54.66 -53.65 4.1 2.9 -67.6135 -64.3938 -0.2236 0.6476 -0.332218 -0.444419 11.74 -0.08 4.46 0.0000 0.0000
3.896 2 -45.85 -44.85 0.8 0.8 -50.0841 -48.2953 -0.2385 0.6527 -0.332218 -0.461459 11.63 -0.06 -2.80 0.0000 0.0000
3.906 2 -17.95 -16.95 7.2 7.6 -32.1969 -31.4481 -0.2487 0.6562 -0.332218 -0.452076 11.37 -0.07 3.56 0.0000 0.0000
3.916 2 -12.08 -6.24 -0.8 2.8 -9.0756 -8.0974 -0.2531 0.6577 -0.329622 -0.467219 10.16 -0.06 -3.49 0.0000 0.0000
3.926 2 7.63 18.31 5.2 7.5 -1.5314 9.1370 -0.2525 0.6576 -0.316645 -0.457405 11.80 -0.07 2.51 0.0000 0.0000
3.936 2 20.70 31.38 7.2 8.2 11.8620 22.1684 -0.2491 0.6565 -0.301072 -0.456233 11.18 -0.07 4.52 0.0000 0.0000
3.946 2 31.63 42.32 6.8 8.1 26.5151 36.5478 -0.2419 0.6544 -0.277713 -0.459253 11.18 -0.06 -0.32 0.0000 0.0000
3.956 2 39.86 50.55 6.9 7.9 35.5860 45.0756 -0.2315 0.6515 -0.262140 -0.463613 11.56 -0.06 -0.11 0.0000 0.0000
3.966 2 50.45 61.14 7.9 8.4 45.0756 54.0908 -0.2184 0.6481 -0.243971 -0.464674 11.36 -0.06 5.33 0.0000 0.0000
3.976 2 67.27 77.95 8.5 8.5 56.3446 64.3938 -0.2036 0.6445 -0.233589 -0.458479 11.53 -0.07 0.08 0.0000 0.0000
3.986 2 91.42 102.10 8.5 8.5 61.4668 67.6135 -0.1863 0.6405 -0.223208 -0.444719 11.52 -0.08 3.48 0.0000 0.0000
3.996 2 98.87 109.56 8.5 8.5 67.6135 71.1721 -0.1677 0.6363 -0.215421 -0.452762 11.52 -0.07 2.48 0.0000 0.0000
4.006 2 116.62 127.30 8.6 8.6 67.6135 75.1261 -0.1478 0.6321 -0.207635 -0.448516 11.61 -0.08 0.49 0.0000 0.0000
4.016 2 134.62 145.30 8.7 8.7 75.1261 75.1261 -0.1269 0.6278 -0.197253 -0.444808 11.69 -0.08 5.08 0.0000 0.0000
4.026 2 156.00 166.68 8.7 8.7 79.5453 84.5168 -0.1052 0.6235 -0.192062 -0.437788 11.66 -0.09 5.44 0.0000 0.0000
4.036 2 173.11 183.79 8.7 8.7 84.5168 84.5168 -0.0827 0.6191 -0.186871 -0.437747 11.69 -0.09 2.42 0.0000 0.0000
4.046 2 187.28 197.97 8.7 8.7 84.5168 90.1513 -0.0598 0.6148 -0.181680 -0.441259 11.71 -0.08 0.54 0.0000 0.0000
4.056 2 205.93 216.61 8.8 8.8 84.5168 90.1513 -0.0360 0.6105 -0.176489 -0.440174 11.77 -0.08 2.88 0.0000 0.0000
4.066 2 235.50 246.19 8.7 8.7 84.5168 90.1513 -0.0123 0.6063 -0.171298 -0.426447 11.71 -0.10 6.24 0.0000 0.0000
4.076 2 262.79 273.47 8.8 8.8 90.1513 90.1513 0.0119 0.6022 -0.166107 -0.417717 11.75 -0.11 3.28 0.0000 0.0000
4.086 2 273.40 284.08 8.7 8.7 90.1513 90.1513 0.0366 0.5982 -0.160916 -0.432651 11.72 -0.09 -11.11 0.0000 0.0000
4.096 2 296.54 307.22 8.7 8.7 90.1513 90.1513 0.0614 0.5942 -0.158320 -0.427593 11.74 -0.10 5.71 0.0000 0.0000
4.106 2 333.71 344.40 8.8 8.8 90.1513 96.5907 0.0862 0.5903 -0.150534 -0.408299 11.77 -0.12 6.58 0.0000 0.0000
4.116 2 348.43 359.11 8.7 8.7 84.5168 96.5907 0.1115 0.5866 -0.147938 -0.419955 11.74 -0.10 -0.56 0.0000 0.0000
4.126 2 369.37 380.05 8.8 8.8 96.5907 84.5168 0.1368 0.5829 -0.140152 -0.422386 11.80 -0.10 3.23 0.0000 0.0000
4.136 2 398.37 409.06 8.8 8.8 96.5907 96.5907 0.1621 0.5793 -0.137557 -0.414008 11.77 -0.11 6.31 0.0000 0.0000
4.146 2 414.84 425.52 8.8 8.8 96.5907 96.5907 0.1876 0.5759 -0.132366 -0.421534 11.77 -0.10 -1.33 0.0000 0.0000
4.156 2 430.18 440.87 8.8 8.8 96.5907 96.5907 0.2133 0.5725 -0.129770 -0.429157 11.79 -0.09 2.31 0.0000 0.0000
4.166 2 460.05 470.74 8.7 8.7 96.5907 96.5907 0.2389 0.5692 -0.124579 -0.418057 11.74 -0.11 5.59 0.0000 0.0000
4.176 2 475.52 486.20 8.8 8.8 84.5168 96.5907 0.2646 0.5661 -0.121984 -0.426384 11.77 -0.10 -1.33 0.0000 0.0000
4.186 2 496.30 506.98 8.7 8.7 96.5907 96.5907 0.2904 0.5630 -0.114197 -0.427006 11.74 -0.10 3.42 0.0000 0.0000
4.196 2 520.45 531.14 8.8 8.8 96.5907 96.5907 0.3160 0.5601 -0.109006 -0.423059 11.77 -0.10 5.93 0.0000 0.0000
4.206 2 541.07 551.76 8.8 8.8 96.5907 96.5907 0.3420 0.5573 -0.103815 -0.423493 11.79 -0.10 1.46 0.0000 0.0000
4.216 2 564.16 574.85 8.8 8.8 96.5907 96.5907 0.3678 0.5547 -0.101220 -0.421375 11.79 -0.10 3.09 0.0000 0.0000
4.226 2 591.91 602.59 8.8 8.8 96.5907 96.5907 0.3936 0.5522 -0.093433 -0.414774 11.79 -0.11 4.43 0.0000 0.0000
4.236 2 618.62 629.30 8.8 8.8 96.5907 96.5907 0.4196 0.5498 -0.088242 -0.410716 11.80 -0.11 3.38 0.0000 0.0000
4.246 2 637.10 647.78 8.8 8.8 96.5907 96.5907 0.4455 0.5475 -0.085647 -0.416849 11.75 -0.11 1.52 0.0000 0.0000
4.256 2 651.98 662.67 8.8 8.8 96.5907 96.5907 0.4715 0.5454 -0.080456 -0.426229 11.77 -0.10 1.87 0.0000 0.0000
4.266 2 670.14 680.82 8.8 8.8 96.5907 96.5907 0.4974 0.5434 -0.072669 -0.428772 11.75 -0.09 1.77 0.0000 0.0000
4.276 2 679.77 690.45 8.8 8.8 96.5907 96.5907 0.5235 0.5415 -0.067478 -0.440070 11.77 -0.08 -0.77 0.0000 0.0000
4.286 2 688.90 699.59 8.8 8.8 96.5907 96.5907 0.5496 0.5398 -0.062287 -0.449313 11.75 -0.07 3.43 0.0000 0.0000
4.296 2 705.50 716.18 8.8 8.8 96.5907 96.5907 0.5757 0.5382 -0.057097 -0.446969 11.77 -0.08 2.75 0.0000 0.0000
4.306 2 709.03 719.71 8.8 8.8 96.5907 96.5907 0.6018 0.5368 -0.051906 -0.459723 11.79 -0.06 -1.23 0.0000 0.0000
4.316 2 713.93 724.61 8.8 8.8 96.5907 96.5907 0.6277 0.5355 -0.049310 -0.468397 11.77 -0.06 3.98 0.0000 0.0000
4.326 2 728.04 738.73 8.8 8.8 96.5907 96.5907 0.6538 0.5343 -0.044119 -0.463152 11.79 -0.06 2.46 0.0000 0.0000
4.336 2 719.13 729.81 8.8 8.8 96.5907 96.5907 0.6800 0.5333 -0.038928 -0.485890 11.79 -0.04 -3.47 0.0000 0.0000
4.346 2 715.81 726.49 8.8 8.8 96.5907 96.5907 0.7061 0.5324 -0.033737 -0.496163 11.79 -0.03 4.53 0.0000 0.0000
4.356 2 716.01 726.70 8.7 8.7 84.5168 96.5907 0.7322 0.5316 -0.028546 -0.498328 11.72 -0.03 0.65 0.0000 0.0000
4.366 2 690.48 701.17 8.8 8.8 96.5907 96.5907 0.7584 0.5309 -0.023355 -0.529662 11.79 0.01 -1.94 0.0000 0.0000
4.376 2 684.60 695.28 8.7 8.7 96.5907 96.5907 0.7845 0.5304 -0.018164 -0.530471 11.74 0.01 3.98 0.0000 0.0000
4.386 2 681.75 692.43 8.8 8.8 96.5907 96.5907 0.8107 0.5301 -0.012973 -0.526661 11.82 0.00 -1.92 0.0000 0.0000
4.396 2 662.46 673.15 8.8 8.8 96.5907 96.5907 0.8368 0.5298 -0.007782 -0.542824 11.75 0.02 -3.15 0.0000 0.0000
4.406 2 659.84 670.52 8.8 8.8 96.5907 96.5907 0.8630 0.5297 -0.002591 -0.536040 11.77 0.01 3.73 0.0000 0.0000
4.416 2 650.08 660.77 8.8 8.8 96.5907 96.5907 0.8891 0.5297 0.002600 -0.538493 11.77 0.01 -1.38 0.0000 0.0000
4.426 2 628.99 639.67 8.8 8.8 96.5907 96.5907 0.9153 0.5298 0.007791 -0.553889 11.75 0.03 -2.87 0.0000 0.0000
4.436 2 619.19 629.88 8.8 8.8 96.5907 96.5907 0.9414 0.5301 0.012982 -0.552028 11.79 0.03 3.69 0.0000 0.0000
4.446 2 593.63 604.32 8.8 8.8 96.5907 96.5907 0.9676 0.5305 0.018173 -0.566722 11.79 0.04 -1.86 0.0000 0.0000
4.456 2 569.19 579.87 8.7 8.7 96.5907 96.5907 0.9937 0.5311 0.023364 -0.577534 11.74 0.05 -1.59 0.0000 0.0000
4.466 2 556.66 567.34 8.8 8.8 96.5907 96.5907 1.0199 0.5317 0.028555 -0.572208 11.80 0.05 -0.12 0.0000 0.0000
4.476 2 542.56 553.25 8.8 8.8 96.5907 96.5907 1.0460 0.5325 0.033746 -0.569425 11.75 0.05 -0.96 0.0000 0.0000
4.486 2 524.79 535.47 8.8 8.8 96.5907 96.5907 1.0721 0.5335 0.038936 -0.571691 11.75 0.05 -1.76 0.0000 0.0000
4.496 2 503.60 514.28 8.8 8.8 96.5907 96.5907 1.0985 0.5346 0.041532 -0.577837 11.79 0.05 -1.43 0.0000 0.0000
4.506 2 486.80 497.48 8.8 8.8 96.5907 96.5907 1.1248 0.5358 0.049318 -0.576691 11.79 0.05 -3.04 0.0000 0.0000
4.516 2 452.80 463.49 8.8 8.8 96.5907 96.5907 1.1509 0.5372 0.054509 -0.595393 11.82 0.07 -6.83 0.0000 0.0000
4.526 2 430.91 441.59 8.8 8.8 96.5907 96.5907 1.1770 0.5387 0.059700 -0.595659 11.79 0.07 2.28 0.0000 0.0000
4.536 2 410.44 421.12 8.8 8.8 96.5907 96.5907 1.2031 0.5403 0.064891 -0.593132 11.79 0.07 -1.59 0.0000 0.0000
4.546 2 371.13 381.81 8.8 8.8 96.5907 96.5907 1.2292 0.5421 0.070082 -0.611999 11.79 0.09 -5.39 0.0000 0.0000
4.556 2 342.60 353.29 8.8 8.8 96.5907 96.5907 1.2553 0.5440 0.075273 -0.614941 11.75 0.09 0.16 0.0000 0.0000
4.566 2 314.80 325.49 8.8 8.8 96.5907 96.5907 1.2815 0.5461 0.083060 -0.615202 11.79 0.09 -3.51 0.0000 0.0000
4.576 2 269.69 280.38 8.8 8.8 96.5907 96.5907 1.3076 0.5483 0.088251 -0.636446 11.77 0.11 -8.39 0.0000 0.0000
4.586 2 235.03 245.71 8.8 8.8 96.5907 96.5907 1.3336 0.5507 0.093442 -0.639618 11.77 0.12 0.38 0.0000 0.0000
4.596 2 196.95 207.64 8.8 8.8 96.5907 96.5907 1.3597 0.5532 0.098633 -0.643858 11.77 0.12 -4.78 0.0000 0.0000
4.606 2 153.98 164.66 8.8 8.8 96.5907 96.5907 1.3857 0.5558 0.103824 -0.653654 11.80 0.13 -4.40 0.0000 0.0000
4.616 2 131.76 142.45 8.8 8.8 96.5907 90.1513 1.4119 0.5587 0.111610 -0.637458 11.75 0.11 2.66 0.0000 0.0000
4.626 2 93.50 104.18 3.3 8.8 96.5907 96.5907 1.4379 0.5616 0.116801 -0.642669 11.79 0.12 -6.49 0.0000 0.0000
4.636 2 47.90 58.58 -8.2 -8.2 75.1261 84.5168 1.4618 0.5645 0.127183 -0.655200 11.23 0.13 3.64 0.0000 0.0000
4.646 2 8.87 19.55 -7.3 -7.3 46.6300 54.0908 1.4792 0.5669 0.145351 -0.657513 10.27 0.13 -4.62 0.0000 0.0000
4.656 2 -24.15 -17.50 -7.6 -7.6 19.8863 26.5151 1.4885 0.5683 0.158329 -0.660284 10.62 0.14 -1.44 0.0000 0.0000
4.666 2 -55.32 -48.67 -7.9 -7.9 -3.0944 3.8636 1.4907 0.5687 0.171306 -0.661786 10.93 0.14 -6.57 0.0000 0.0000
4.676 2 -101.30 -94.65 -8.1 -8.1 -21.1292 -18.7815 1.4867 0.5680 0.176497 -0.679084 11.14 0.16 -0.36 0.0000 0.0000
4.686 2 -138.43 -131.78 -8.3 -8.3 -34.6736 -33.8067 1.4782 0.5664 0.179093 -0.682003 11.31 0.16 -6.60 0.0000 0.0000
4.696 2 -162.51 -155.86 -8.3 -8.3 -45.0756 -45.0756 1.4665 0.5643 0.181688 -0.668993 11.34 0.15 -4.72 0.0000 0.0000
4.706 2 -190.32 -183.67 -8.5 -8.5 -54.0908 -54.0908 1.4523 0.5617 0.181688 -0.663825 11.45 0.14 -2.21 0.0000 0.0000
4.716 2 -213.32 -206.66 -8.6 -8.6 -61.4668 -61.4668 1.4359 0.5587 0.179093 -0.654876 11.60 0.13 -0.38 0.0000 0.0000
4.726 2 -252.76 -246.11 -8.6 -8.6 -67.6135 -64.3938 1.4181 0.5554 0.179093 -0.665770 11.60 0.14 -1.69 0.0000 0.0000
4.736 2 -289.01 -282.36 -8.6 -8.6 -71.1721 -71.1721 1.3989 0.5520 0.176497 -0.670598 11.60 0.15 -5.86 0.0000 0.0000
4.746 2 -313.31 -306.66 -8.6 -8.6 -75.1261 -75.1261 1.3788 0.5484 0.173902 -0.661455 11.63 0.14 -7.07 0.0000 0.0000
4.756 2 -351.06 -344.41 -8.7 -8.7 -75.1261 -79.5453 1.3580 0.5448 0.171306 -0.669818 11.68 0.15 -4.82 0.0000 0.0000
4.766 2 -375.33 -368.68 -8.7 -8.7 -79.5453 -79.5453 1.3366 0.5412 0.166115 -0.660889 11.71 0.14 -5.97 0.0000 0.0000
4.776 2 -413.55 -406.89 -8.7 -8.7 -79.5453 -84.5168 1.3144 0.5375 0.160924 -0.670131 11.72 0.15 -5.62 0.0000 0.0000
4.786 2 -440.71 -434.06 -8.8 -8.8 -84.5168 -84.5168 1.2917 0.5339 0.155733 -0.663653 11.75 0.14 -3.37 0.0000 0.0000
4.796 2 -473.18 -466.52 -8.7 -8.7 -84.5168 -90.1513 1.2687 0.5303 0.150542 -0.663981 11.74 0.14 -1.23 0.0000 0.0000
4.806 2 -499.57 -492.92 -8.7 -8.7 -84.5168 -84.5168 1.2454 0.5268 0.147947 -0.658513 11.72 0.13 -0.61 0.0000 0.0000
4.816 2 -523.28 -516.63 -8.8 -8.8 -84.5168 -90.1513 1.2217 0.5234 0.140160 -0.651604 11.77 0.13 -4.56 0.0000 0.0000
4.826 2 -550.39 -543.74 -8.7 -8.7 -90.1513 -90.1513 1.1978 0.5201 0.134969 -0.650978 11.72 0.13 -4.83 0.0000 0.0000
4.836 2 -569.95 -563.30 -8.8 -8.8 -90.1513 -90.1513 1.1739 0.5170 0.129778 -0.642209 11.75 0.12 -0.87 0.0000 0.0000
4.846 2 -584.83 -578.18 -8.8 -8.8 -84.5168 -90.1513 1.1495 0.5139 0.124587 -0.629965 11.77 0.11 -0.20 0.0000 0.0000
4.856 2 -604.78 -598.13 -8.7 -8.7 -90.1513 -90.1513 1.1252 0.5109 0.119396 -0.626825 11.68 0.10 -3.93 0.0000 0.0000
4.866 2 -626.90 -620.25 -8.8 -8.8 -90.1513 -90.1513 1.1006 0.5081 0.111610 -0.627063 11.77 0.10 -5.03 0.0000 0.0000
4.876 2 -648.63 -641.98 -8.8 -8.8 -90.1513 -84.5168 1.0760 0.5054 0.103824 -0.627665 11.77 0.10 -1.56 0.0000 0.0000
4.886 2 -659.90 -653.25 -8.7 -8.7 -90.1513 -90.1513 1.0512 0.5028 0.098633 -0.615074 11.74 0.09 2.05 0.0000 0.0000
4.896 2 -682.79 -676.14 -8.8 -8.8 -90.1513 -90.1513 1.0264 0.5004 0.093442 -0.618527 11.82 0.09 -5.60 0.0000 0.0000
4.906 2 -711.05 -704.40 -8.8 -8.8 -84.5168 -96.5907 1.0015 0.4982 0.088251 -0.627897 11.79 0.10 -5.76 0.0000 0.0000
4.916 2 -724.09 -717.44 -8.8 -8.8 -90.1513 -96.5907 0.9767 0.4961 0.083060 -0.617936 11.75 0.09 0.16 0.0000 0.0000
4.926 2 -739.70 -733.05 -8.8 -8.8 -90.1513 -96.5907 0.9518 0.4941 0.077869 -0.612950 11.77 0.09 -3.05 0.0000 0.0000
4.936 2 -756.84 -750.19 -8.8 -8.8 -90.1513 -90.1513 0.9267 0.4922 0.070082 -0.610982 11.75 0.09 -4.91 0.0000 0.0000
4.946 2 -778.73 -772.08 -8.8 -8.8 -90.1513 -90.1513 0.9015 0.4905 0.064891 -0.615575 11.75 0.09 -2.50 0.0000 0.0000
4.956 2 -791.10 -784.44 -8.7 -8.7 -90.1513 -90.1513 0.8766 0.4889 0.059700 -0.607698 11.72 0.08 0.20 0.0000 0.0000
4.966 2 -813.07 -806.42 -8.8 -8.8 -90.1513 -96.5907 0.8513 0.4875 0.054509 -0.612267 11.77 0.09 -3.90 0.0000 0.0000
4.976 2 -832.43 -825.77 -8.8 -8.8 -90.1513 -96.5907 0.8261 0.4862 0.046723 -0.613756 11.75 0.09 -2.64 0.0000 0.0000
4.986 2 -847.94 -841.29 -8.8 -8.8 -90.1513 -90.1513 0.8012 0.4851 0.041532 -0.610370 11.79 0.09 0.24 0.0000 0.0000
4.996 2 -870.09 -863.44 -8.8 -8.8 -90.1513 -90.1513 0.7759 0.4842 0.036341 -0.614321 11.77 0.09 0.92 0.0000 0.0000
5.006 2 -897.16 -890.51 -8.8 -8.8 -90.1513 -96.5907 0.7506 0.4833 0.031150 -0.623452 11.77 0.10 -2.02 0.0000 0.0000
5.016 2 -917.39 -910.74 -8.7 -8.7 -90.1513 -96.5907 0.7254 0.4826 0.023364 -0.622080 11.72 0.10 -1.11 0.0000 0.0000
5.026 2 -942.41 -935.76 -8.8 -8.8 -90.1513 -96.5907 0.7001 0.4820 0.018173 -0.626680 11.77 0.10 -4.17 0.0000 0.0000
5.036 2 -964.25 -957.60 -8.7 -8.7 -90.1513 -96.5907 0.6748 0.4816 0.012982 -0.625535 11.74 0.10 -0.32 0.0000 0.0000
5.046 2 -980.83 -974.18 -8.8 -8.8 -90.1513 -96.5907 0.6494 0.4813 0.007791 -0.619408 11.80 0.10 -2.68 0.0000 0.0000
5.056 2 -998.76 -992.11 -8.8 -8.8 -90.1513 -90.1513 0.6243 0.4812 0.000004 -0.616934 11.77 0.09 -3.37 0.0000 0.0000
5.066 2 -1013.97 -1007.32 -8.8 -8.8 -90.1513 -96.5907 0.5991 0.4812 -0.002591 -0.611966 11.75 0.09 2.03 0.0000 0.0000
5.076 2 -1022.62 -1015.97 -8.8 -8.8 -90.1513 -96.5907 0.5738 0.4814 -0.007782 -0.600447 11.79 0.08 -1.69 0.0000 0.0000
5.086 2 -1042.98 -1036.33 -8.8 -8.8 -90.1513 -96.5907 0.5484 0.4817 -0.012973 -0.606066 11.79 0.08 -3.59 0.0000 0.0000
5.096 2 -1047.56 -1040.91 -8.8 -8.8 -90.1513 -96.5907 0.5231 0.4821 -0.018164 -0.593265 11.77 0.07 0.95 0.0000 0.0000
5.106 2 -1042.10 -1035.45 -8.8 -8.8 -90.1513 -96.5907 0.4976 0.4827 -0.025951 -0.571385 11.80 0.05 2.18 0.0000 0.0000
5.116 2 -1045.05 -1038.40 -8.7 -8.7 -90.1513 -96.5907 0.4724 0.4834 -0.033737 -0.564951 11.71 0.04 -2.39 0.0000 0.0000
5.126 2 -1040.64 -1033.99 -8.8 -8.8 -90.1513 -96.5907 0.4471 0.4843 -0.038928 -0.553362 11.79 0.03 3.61 0.0000 0.0000
5.136 2 -1023.38 -1016.73 -8.8 -8.8 -90.1513 -96.5907 0.4218 0.4854 -0.044119 -0.530789 11.79 0.01 1.61 0.0000 0.0000
5.146 2 -1011.57 -1004.92 -8.7 -8.7 -90.1513 -96.5907 0.3964 0.4865 -0.049310 -0.519502 11.74 -0.00 -2.16 0.0000 0.0000
5.156 2 -1010.70 -1004.05 -8.8 -8.8 -84.5168 -96.5907 0.3711 0.4878 -0.054501 -0.525205 11.79 0.00 -2.20 0.0000 0.0000
5.166 2 -999.50 -992.85 -8.8 -8.8 -90.1513 -96.5907 0.3460 0.4893 -0.062287 -0.517335 11.80 -0.01 2.60 0.0000 0.0000
5.176 2 -1006.48 -999.83 -8.8 -8.8 -90.1513 -90.1513 0.3207 0.4909 -0.067478 -0.532218 11.75 0.01 -2.83 0.0000 0.0000
5.186 2 -1010.94 -1004.29 -8.7 -8.7 -90.1513 -96.5907 0.2955 0.4926 -0.072669 -0.539598 11.74 0.02 -0.90 0.0000 0.0000
5.196 2 -1008.88 -1002.22 -8.7 -8.7 -90.1513 -96.5907 0.2702 0.4946 -0.077860 -0.537765 11.74 0.01 0.60 0.0000 0.0000
5.206 2 -1005.21 -998.56 -8.8 -8.8 -90.1513 -90.1513 0.2449 0.4966 -0.083051 -0.533703 11.83 0.01 0.54 0.0000 0.0000
5.216 2 -1002.73 -996.08 -8.8 -8.8 -90.1513 -96.5907 0.2197 0.4988 -0.088242 -0.532369 11.82 0.01 0.36 0.0000 0.0000
5.226 2 -995.39 -988.74 -8.8 -8.8 -90.1513 -96.5907 0.1946 0.5012 -0.096029 -0.526111 11.80 0.00 1.33 0.0000 0.0000
5.236 2 -991.59 -984.94 -8.8 -8.8 -90.1513 -84.5168 0.1694 0.5037 -0.101220 -0.526018 11.75 0.00 -3.18 0.0000 0.0000
5.246 2 -982.50 -975.85 -8.8 -8.8 -90.1513 -96.5907 0.1440 0.5063 -0.109006 -0.519031 11.77 -0.00 0.37 0.0000 0.0000
5.256 2 -978.69 -972.04 -8.7 -8.7 -90.1513 -96.5907 0.1188 0.5091 -0.114197 -0.519970 11.71 -0.00 -0.10 0.0000 0.0000
5.266 2 -977.41 -970.76 -8.8 -8.8 -90.1513 -96.5907 0.0937 0.5121 -0.119388 -0.523913 11.77 0.00 -0.33 0.0000 0.0000
5.276 2 -971.26 -964.61 -8.7 -8.7 -90.1513 -96.5907 0.0685 0.5152 -0.124579 -0.520784 11.74 -0.00 2.48 0.0000 0.0000
5.286 2 -964.16 -957.51 -8.8 -8.8 -90.1513 -96.5907 0.0434 0.5184 -0.129770 -0.517992 11.77 -0.01 -1.96 0.0000 0.0000
5.296 2 -963.97 -957.32 -8.8 -8.8 -90.1513 -90.1513 0.0180 0.5219 -0.137557 -0.524873 11.77 0.00 -3.04 0.0000 0.0000
5.306 2 -947.16 -940.51 -8.8 -8.8 -90.1513 -96.5907 -0.0070 0.5254 -0.142747 -0.510645 11.75 -0.01 2.70 0.0000 0.0000
5.316 2 -933.89 -927.24 -8.8 -8.8 -90.1513 -96.5907 -0.0321 0.5291 -0.147938 -0.503078 11.79 -0.02 0.58 0.0000 0.0000
5.326 2 -925.65 -919.00 -8.7 -8.7 -90.1513 -96.5907 -0.0570 0.5329 -0.155725 -0.504318 11.72 -0.02 -2.91 0.0000 0.0000
5.336 2 -906.75 -900.10 -8.7 -8.7 -90.1513 -96.5907 -0.0820 0.5369 -0.160916 -0.493718 11.74 -0.03 2.73 0.0000 0.0000
5.346 2 -882.27 -875.62 -8.7 -8.7 -90.1513 -96.5907 -0.1072 0.5411 -0.168702 -0.478571 11.74 -0.05 2.98 0.0000 0.0000
5.356 2 -871.23 -864.58 -8.7 -8.7 -90.1513 -96.5907 -0.1322 0.5454 -0.173893 -0.482326 11.74 -0.04 1.21 0.0000 0.0000
5.366 2 -854.73 -848.07 -8.8 -8.8 -90.1513 -96.5907 -0.1571 0.5498 -0.179084 -0.480114 11.79 -0.04 3.17 0.0000 0.0000
5.376 2 -826.44 -819.79 -8.7 -8.7 -90.1513 -96.5907 -0.1821 0.5544 -0.184275 -0.464849 11.72 -0.06 5.97 0.0000 0.0000
5.386 2 -809.96 -803.31 -8.7 -8.7 -90.1513 -96.5907 -0.2072 0.5592 -0.192062 -0.466982 11.72 -0.06 -0.38 0.0000 0.0000
5.396 2 -795.02 -788.37 -8.8 -8.8 -79.5453 -96.5907 -0.2320 0.5641 -0.197253 -0.471453 11.79 -0.05 2.02 0.0000 0.0000
5.406 2 -780.90 -774.25 -8.8 -8.8 -90.1513 -96.5907 -0.2567 0.5691 -0.205039 -0.474987 11.80 -0.05 3.01 0.0000 0.0000
5.416 2 -762.64 -755.99 -8.8 -8.8 -96.5907 -96.5907 -0.2815 0.5743 -0.210230 -0.472291 11.79 -0.05 1.23 0.0000 0.0000
5.426 2 -750.21 -743.56 -8.7 -8.7 -96.5907 -96.5907 -0.3062 0.5797 -0.215421 -0.476838 11.72 -0.05 0.35 0.0000 0.0000
5.436 2 -733.20 -726.54 -8.8 -8.8 -96.5907 -96.5907 -0.3312 0.5852 -0.223208 -0.474703 11.77 -0.05 2.93 0.0000 0.0000
5.446 2 -728.27 -721.62 -8.7 -8.7 -90.1513 -96.5907 -0.3559 0.5909 -0.228398 -0.486797 11.74 -0.04 -0.77 0.0000 0.0000
5.456 2 -713.16 -706.51 -8.8 -8.8 -90.1513 -96.5907 -0.3805 0.5967 -0.233589 -0.484189 11.79 -0.04 3.71 0.0000 0.0000
5.466 2 -701.53 -694.88 -8.8 -8.8 -90.1513 -96.5907 -0.4054 0.6027 -0.241376 -0.485927 11.80 -0.04 2.47 0.0000 0.0000
5.476 2 -690.02 -683.37 -8.8 -8.8 -84.5168 -96.5907 -0.4300 0.6088 -0.246567 -0.487814 11.77 -0.04 1.79 0.0000 0.0000
5.486 2 -676.97 -670.32 -8.8 -8.8 -84.5168 -96.5907 -0.4545 0.6151 -0.251758 -0.487129 11.77 -0.04 1.00 0.0000 0.0000
5.496 2 -669.42 -662.77 -8.8 -8.8 -90.1513 -96.5907 -0.4792 0.6216 -0.259544 -0.493152 11.77 -0.03 -0.85 0.0000 0.0000
5.506 2 -654.44 -647.79 -8.8 -8.8 -90.1513 -96.5907 -0.5035 0.6282 -0.267331 -0.489812 11.77 -0.03 1.97 0.0000 0.0000
5.516 2 -639.15 -632.50 -8.8 -8.8 -90.1513 -96.5907 -0.5279 0.6349 -0.272522 -0.486010 11.77 -0.04 3.01 0.0000 0.0000
5.526 2 -623.39 -616.74 -8.7 -8.7 -90.1513 -96.5907 -0.5525 0.6418 -0.280308 -0.483134 11.74 -0.04 -1.43 0.0000 0.0000
5.536 2 -613.11 -606.45 -8.8 -8.8 -90.1513 -96.5907 -0.5769 0.6489 -0.285499 -0.488053 11.80 -0.04 1.00 0.0000 0.0000
5.546 2 -589.47 -582.82 -8.8 -8.8 -90.1513 -90.1513 -0.6012 0.6561 -0.290690 -0.476177 11.80 -0.05 4.91 0.0000 0.0000
5.556 2 -567.56 -560.91 -8.8 -8.8 -90.1513 -96.5907 -0.6256 0.6635 -0.298477 -0.468563 11.79 -0.06 1.66 0.0000 0.0000
5.566 2 -557.53 -550.88 -8.8 -8.8 -90.1513 -96.5907 -0.6498 0.6711 -0.303668 -0.477135 11.79 -0.05 2.63 0.0000 0.0000
5.576 2 -533.98 -527.32 -8.7 -8.7 -84.5168 -96.5907 -0.6741 0.6788 -0.311454 -0.468353 11.74 -0.06 5.50 0.0000 0.0000
5.586 2 -510.92 -504.27 -8.8 -8.8 -84.5168 -96.5907 -0.6982 0.6867 -0.316645 -0.462787 11.79 -0.06 0.38 0.0000 0.0000
5.596 2 -491.09 -484.44 -8.8 -8.8 -90.1513 -90.1513 -0.7225 0.6948 -0.324431 -0.462401 11.77 -0.06 1.61 0.0000 0.0000
5.606 2 -468.83 -462.18 -8.8 -8.8 -90.1513 -96.5907 -0.7463 0.7028 -0.332218 -0.459069 11.75 -0.06 4.22 0.0000 0.0000
5.616 2 -445.31 -438.66 -8.8 -8.8 -90.1513 -96.5907 -0.7704 0.7112 -0.340004 -0.455329 11.75 -0.07 2.28 0.0000 0.0000
5.626 2 -418.79 -412.14 -8.8 -8.8 -90.1513 -96.5907 -0.7943 0.7197 -0.345195 -0.449020 11.79 -0.07 2.47 0.0000 0.0000
5.636 2 -398.59 -391.94 -8.8 -8.8 -90.1513 -96.5907 -0.8181 0.7284 -0.350386 -0.451777 11.83 -0.07 0.02 0.0000 0.0000
5.646 2 -370.72 -364.07 -8.8 -8.8 -90.1513 -96.5907 -0.8421 0.7373 -0.358173 -0.445780 11.75 -0.08 2.87 0.0000 0.0000
5.656 2 -340.25 -333.60 -8.8 -8.8 -90.1513 -96.5907 -0.8656 0.7462 -0.365959 -0.437899 11.79 -0.09 5.35 0.0000 0.0000
5.666 2 -315.04 -308.39 -8.8 -8.8 -90.1513 -96.5907 -0.8894 0.7554 -0.373746 -0.437702 11.75 -0.09 1.41 0.0000 0.0000
5.676 2 -291.34 -284.69 -8.8 -8.8 -90.1513 -96.5907 -0.9130 0.7647 -0.378937 -0.440353 11.77 -0.08 1.26 0.0000 0.0000
5.686 2 -262.94 -256.29 -8.8 -8.8 -90.1513 -79.5453 -0.9367 0.7742 -0.386723 -0.436886 11.79 -0.09 5.02 0.0000 0.0000
5.696 2 -237.73 -231.08 -8.7 -8.7 -90.1513 -96.5907 -0.9601 0.7838 -0.391914 -0.437303 11.74 -0.09 0.97 0.0000 0.0000
5.706 2 -221.95 -215.30 -8.8 -8.8 -90.1513 -96.5907 -0.9837 0.7937 -0.399700 -0.449130 11.82 -0.07 0.23 0.0000 0.0000
5.716 2 -196.12 -189.47 -8.8 -8.8 -90.1513 -96.5907 -1.0070 0.8036 -0.404891 -0.446542 11.77 -0.08 3.01 0.0000 0.0000
5.726 2 -166.44 -159.79 -8.8 -8.8 -90.1513 -96.5907 -1.0303 0.8137 -0.410082 -0.438958 11.80 -0.08 2.49 0.0000 0.0000
5.736 2 -146.85 -140.20 -8.8 -8.8 -90.1513 -96.5907 -1.0535 0.8240 -0.420464 -0.445363 11.77 -0.08 -1.69 0.0000 0.0000
5.746 2 -116.00 -109.35 -8.8 -8.8 -90.1513 -96.5907 -1.0766 0.8344 -0.425655 -0.438105 11.75 -0.09 4.37 0.0000 0.0000
5.756 2 -79.78 -73.13 0.8 4.8 -90.1513 -90.1513 -1.0994 0.8448 -0.428251 -0.425872 11.98 -0.10 4.56 0.0000 0.0000
5.766 2 -53.05 -46.40 7.2 7.6 -71.1721 -64.3938 -1.1190 0.8537 -0.420464 -0.427361 11.17 -0.10 1.72 0.0000 0.0000
5.776 2 -45.31 -38.66 0.9 1.7 -50.0841 -43.6216 -1.1325 0.8596 -0.412678 -0.449001 12.26 -0.07 0.36 0.0000 0.0000
5.786 2 -37.81 -31.15 -0.8 -0.8 -39.7726 -32.1969 -1.1426 0.8640 -0.399700 -0.465918 12.18 -0.06 4.84 0.0000 0.0000
5.796 2 -15.79 -9.14 5.6 6.3 -26.5151 -20.1831 -1.1504 0.8672 -0.384128 -0.462172 11.33 -0.06 1.25 0.0000 0.0000
5.806 2 -2.33 10.85 3.8 7.7 -7.3096 -2.7263 -1.1531 0.8683 -0.373746 -0.461842 11.49 -0.06 0.72 0.0000 0.0000
5.816 2 12.05 26.03 5.5 7.6 3.4763 18.7815 -1.1510 0.8675 -0.350386 -0.459186 11.34 -0.06 -1.05 0.0000 0.0000
